-0.030499
-0.027028
-0.012327
0.004242
0.006247
0.008506
0.008128
0.007339
0.008545
0.012056
0.01632
0.019281
0.02008
0.019682
0.019852
0.021547
0.02417
0.026072
0.025948
0.023876
0.021297
0.019838
0.020013
0.020777
0.020364
0.01768
0.013328
0.009235
0.007083
0.006786
0.006558
0.00445
0.000048
-0.005163
-0.008907
-0.009897
-0.008745
-0.007419
-0.007676
-0.009741
-0.012093
-0.012612
-0.01026
-0.006006
-0.002034
-0.000053
-0.000047
-0.000598
-0.000117
0.001975
0.004817
0.0068
0.007028
0.006418
0.007398
0.011738
0.018806
0.025628
0.028959
0.027997
0.024785
0.022311
0.022532
0.02505
0.027457
0.027187
0.023344
0.016997
0.010428
0.005935
0.004419
0.00461
0.004257
0.002213
-0.000611
-0.00241
-0.002572
-0.002464
-0.004234
-0.009129
-0.016352
-0.023468
-0.027921
-0.028648
-0.026976
-0.025838
-0.02748
-0.031644
-0.035515
-0.036075
-0.032526
-0.02649
-0.02083
-0.018163
-0.018969
-0.021213
-0.022202
-0.020821
-0.018285
-0.01739
-0.020115
-0.025282
-0.029605
-0.030886
-0.029283
-0.026884
-0.026428
-0.029388
-0.034757
-0.039345
-0.039931
-0.036533
-0.032391
-0.030473
-0.030905
-0.031912
-0.031937
-0.030099
-0.024264
-0.01052
0.012284
0.040522
0.069087
0.091021
0.099104
0.092957
0.079327
0.065671
0.056522
0.05268
0.051764
0.050208
0.045269
0.036431
0.026109
0.017997
0.014275
0.013418
0.010145
-0.001644
-0.024349
-0.054504
-0.084708
-0.108067
-0.122334
-0.131119
-0.13807
-0.141121
-0.136734
-0.124708
-0.106809
-0.08707
-0.074027
-0.076176
-0.092778
-0.113018
-0.124272
-0.120886
-0.107783
-0.098424
-0.106339
-0.133778
-0.168794
-0.193811
-0.186254
-0.122688
-0.006948
0.126294
0.236688
0.29137
0.283773
0.243002
0.20591
0.189241
0.188961
0.19299
0.193085
0.189724
0.187952
0.190191
0.195623
0.203454
0.214313
0.229024
0.244244
0.251716
0.24605
0.229628
0.2094
0.191514
0.177827
0.165234
0.147128
0.117031
0.073527
0.021777
-0.029041
-0.069726
-0.095416
-0.109226
-0.121316
-0.142247
-0.175209
-0.214205
-0.249941
-0.278308
-0.304006
-0.336079
-0.379331
-0.428123
-0.4687
-0.490669
-0.495112
-0.493592
-0.501068
-0.52066
-0.536404
-0.525849
-0.469208
-0.355703
-0.171744
0.102265
0.406952
0.599445
0.614473
0.519192
0.411001
0.341953
0.315502
0.311048
0.304501
0.277361
0.220564
0.137936
0.045155
-0.037726
-0.094417
-0.120451
-0.129176
-0.147533
-0.198749
-0.281883
-0.365513
-0.411214
-0.393463
-0.267197
0.006623
0.334628
0.527086
0.505808
0.35741
0.208643
0.126964
0.106854
0.103791
0.076714
0.013224
-0.068262
-0.116319
-0.06883
0.085096
0.277094
0.405025
0.417465
0.345836
0.257321
0.203222
0.198226
0.222715
0.239848
0.219757
0.158266
0.078522
0.014282
-0.013236
-0.008185
0.006095
0.005112
-0.020514
-0.060439
-0.094327
-0.104862
-0.08219
-0.030443
0.028755
0.073801
0.101727
0.126397
0.158204
0.188102
0.200449
0.191891
0.171008
0.149207
0.133964
0.124404
0.111065
0.082227
0.033527
-0.026783
-0.081727
-0.116165
-0.127031
-0.118538
-0.084889
-0.016525
0.072405
0.142045
0.162005
0.135186
0.081631
0.018973
-0.039097
-0.080307
-0.09753
-0.097154
-0.099688
-0.126697
-0.182074
-0.244298
-0.28219
-0.275398
-0.205462
-0.075764
0.041553
0.065712
0.000839
-0.085921
-0.138793
-0.150012
-0.150712
-0.177512
-0.241827
-0.31993
-0.373483
-0.375898
-0.278615
-0.03102
0.272967
0.440211
0.406943
0.264297
0.123094
0.036233
-0.0009
-0.016494
-0.036269
-0.06725
-0.064469
0.038007
0.208761
0.330845
0.343692
0.278775
0.194599
0.131375
0.102431
0.100822
0.107901
0.102426
0.0715
0.018245
-0.041171
-0.075602
-0.05063
0.021024
0.079897
0.086727
0.049809
0.001994
-0.026731
-0.02576
-0.006448
0.007131
-0.005036
-0.045523
-0.098613
-0.141896
-0.159579
-0.144535
-0.099132
-0.040288
0.010648
0.04555
0.070087
0.086401
0.086737
0.066268
0.028123
-0.020046
-0.066872
-0.101243
-0.11922
-0.127455
-0.140289
-0.171007
-0.221035
-0.276865
-0.319923
-0.326317
-0.26726
-0.141843
0.003169
0.098967
0.107566
0.053013
-0.010696
-0.043547
-0.028193
0.029804
0.099498
0.139687
0.130299
0.085337
0.034389
0.000086
-0.011735
-0.011543
-0.017854
-0.044925
-0.093659
-0.150951
-0.198528
-0.226126
-0.238562
-0.251274
-0.277763
-0.319868
-0.36711
-0.40269
-0.414265
-0.406049
-0.39782
-0.407115
-0.430948
-0.443281
-0.419117
-0.342333
-0.179306
0.053844
0.230497
0.250236
0.146561
0.015656
-0.069015
-0.070672
0.012686
0.142385
0.264722
0.348838
0.397895
0.426012
0.432101
0.412971
0.380739
0.349237
0.320304
0.28876
0.251695
0.210351
0.16639
0.117313
0.057657
-0.01542
-0.098377
-0.18161
-0.253093
-0.303723
-0.334693
-0.338925
-0.277734
-0.128278
0.051953
0.160248
0.149678
0.056118
-0.056387
-0.140891
-0.180486
-0.184672
-0.180502
-0.199684
-0.261452
-0.359607
-0.461238
-0.526907
-0.527876
-0.422585
-0.176791
0.142101
0.374886
0.422598
0.330825
0.210778
0.135311
0.114704
0.122928
0.130974
0.140131
0.184308
0.277122
0.373803
0.414475
0.388412
0.328867
0.270117
0.228787
0.206605
0.197638
0.191973
0.17757
0.145378
0.096556
0.043797
0.009071
0.017956
0.077946
0.162901
0.228549
0.244624
0.217898
0.18045
0.15907
0.156679
0.154787
0.133183
0.086262
0.024923
-0.029508
-0.061056
-0.060045
0.010911
0.163294
0.305771
0.34763
0.296675
0.212111
0.142354
0.103775
0.087329
0.074124
0.048116
0.003143
-0.055801
-0.116598
-0.166861
-0.198112
-0.201361
-0.169869
-0.11377
-0.055401
-0.008807
0.025244
0.044675
0.042214
0.018017
-0.019416
-0.061116
-0.100018
-0.131052
-0.152865
-0.168995
-0.185821
-0.209206
-0.240594
-0.27551
-0.30683
-0.324211
-0.30944
-0.251384
-0.165305
-0.079419
-0.011506
0.02908
0.035667
0.013979
-0.01866
-0.047508
-0.067008
-0.074843
-0.064855
-0.034587
0.006056
0.043189
0.067019
0.071177
0.057672
0.038677
0.026911
0.025842
0.030337
0.033443
0.030221
0.019947
0.006415
-0.00758
-0.024274
-0.047607
-0.077708
-0.110337
-0.141397
-0.164662
-0.167303
-0.141655
-0.095594
-0.043556
0.006073
0.045309
0.057388
0.034326
-0.008913
-0.050001
-0.074128
-0.071221
-0.037705
0.013581
0.057095
0.070601
0.051429
0.015584
-0.018959
-0.043725
-0.059977
-0.073042
-0.087486
-0.100755
-0.097916
-0.06817
-0.02236
0.020527
0.04795
0.052119
0.033249
0.003704
-0.020353
-0.029874
-0.023936
-0.007613
0.008939
0.016135
0.010829
-0.002411
-0.014274
-0.018238
-0.015096
-0.010131
-0.007499
-0.006728
-0.000826
0.018225
0.048992
0.080958
0.103938
0.1107
0.097058
0.069969
0.046811
0.03968
0.046926
0.05857
0.064889
0.061843
0.051249
0.035262
0.013498
-0.007853
-0.014233
0.00022
0.024467
0.040309
0.038285
0.024297
0.010188
0.003541
0.005752
0.014032
0.02292
0.025066
0.015576
-0.003528
-0.024549
-0.039958
-0.046965
-0.049111
-0.054284
-0.070747
-0.102636
-0.144444
-0.181147
-0.190001
-0.151872
-0.074709
0.011472
0.076702
0.099775
0.080403
0.041375
0.007519
-0.011286
-0.019412
-0.021462
-0.013933
0.005758
0.033226
0.062364
0.088566
0.10379
0.097704
0.070666
0.03533
0.004637
-0.016652
-0.031406
-0.045746
-0.065206
-0.091214
-0.119695
-0.139547
-0.136158
-0.106216
-0.062538
-0.021202
0.005791
0.010834
-0.002578
-0.018894
-0.022908
-0.01148
0.006584
0.018384
0.015878
0.000935
-0.018005
-0.03282
-0.040015
-0.041082
-0.040216
-0.041324
-0.043773
-0.040866
-0.026755
-0.003297
0.022765
0.041473
0.040331
0.014731
-0.025103
-0.063135
-0.086885
-0.08664
-0.060047
-0.019351
0.016547
0.034531
0.034046
0.026174
0.022849
0.024539
0.024026
0.019181
0.011516
0.000711
-0.01319
-0.028262
-0.043301
-0.059477
-0.078215
-0.099046
-0.116947
-0.123092
-0.113724
-0.095523
-0.079553
-0.07514
-0.088105
-0.115995
-0.148185
-0.17221
-0.171665
-0.140305
-0.099794
-0.074464
-0.063375
-0.048771
-0.019768
0.016372
0.045907
0.063478
0.072445
0.077769
0.082012
0.085741
0.089857
0.095468
0.101673
0.104963
0.103356
0.094989
0.074627
0.038684
-0.007905
-0.042989
-0.040456
0.000345
0.056882
0.106875
0.135313
0.131762
0.100462
0.063427
0.042535
0.04395
0.059049
0.074522
0.080903
0.076418
0.066589
0.059676
0.060917
0.068907
0.078016
0.083817
0.085497
0.086354
0.090921
0.09855
0.102812
0.097099
0.078614
0.048722
0.013202
-0.01872
-0.040255
-0.051749
-0.057798
-0.063079
-0.070365
-0.078341
-0.082467
-0.079966
-0.073035
-0.067826
-0.069262
-0.076317
-0.082473
-0.080009
-0.066174
-0.046896
-0.034655
-0.040181
-0.062416
-0.087213
-0.09802
-0.089954
-0.044666
0.062168
0.192184
0.279437
0.305793
0.288197
0.251142
0.217288
0.199331
0.197551
0.203713
0.206396
0.197037
0.174215
0.143894
0.115885
0.097554
0.089339
0.08396
0.070299
0.041323
0.000895
-0.033385
-0.040854
-0.017244
0.020753
0.047873
0.044039
0.007574
-0.041347
-0.076505
-0.082262
-0.060357
-0.031381
-0.024885
-0.057327
-0.115602
-0.168747
-0.196337
-0.203705
-0.21469
-0.249638
-0.30525
-0.356588
-0.371974
-0.301402
-0.103313
0.15499
0.31925
0.312337
0.191598
0.062436
-0.004848
0.009708
0.093182
0.198231
0.258234
0.242608
0.179867
0.120982
0.09994
0.121484
0.15967
0.172083
0.135691
0.064293
-0.012488
-0.07813
-0.136081
-0.196056
-0.26327
-0.330188
-0.360961
-0.313562
-0.200443
-0.091571
-0.047139
-0.069477
-0.113571
-0.128599
-0.091905
-0.015083
0.070872
0.135756
0.166943
0.174522
0.180814
0.20247
0.240305
0.274213
0.272578
0.222422
0.142917
0.068977
0.025673
0.010885
-0.002256
-0.046271
-0.13399
-0.244192
-0.337888
-0.368999
-0.284556
-0.096817
0.077158
0.132789
0.077227
-0.011365
-0.063815
-0.059538
-0.023252
0.002307
-0.014547
-0.076715
-0.156275
-0.202304
-0.166551
-0.048217
0.097735
0.195849
0.200083
0.130342
0.050027
0.012029
0.026572
0.064914
0.088987
0.077539
0.032768
-0.02685
-0.078937
-0.109968
-0.122257
-0.129436
-0.14279
-0.158648
-0.161915
-0.143725
-0.107751
-0.063557
-0.02164
0.005227
0.007164
-0.004474
-0.001262
0.032131
0.084221
0.124112
0.124271
0.083265
0.021066
-0.039397
-0.084288
-0.110069
-0.107322
-0.067771
-0.014747
0.015645
0.012224
-0.011377
-0.031636
-0.029579
-0.002824
0.035048
0.06674
0.081529
0.076514
0.056428
0.032922
0.01594
0.007165
-0.000169
-0.016517
-0.045907
-0.082888
-0.118936
-0.148682
-0.172447
-0.195368
-0.217411
-0.222561
-0.193632
-0.131841
-0.052595
0.025942
0.086364
0.110419
0.091046
0.048933
0.024276
0.049291
0.122629
0.208212
0.257023
0.240908
0.174516
0.096948
0.038498
0.00593
-0.011308
-0.026393
-0.047328
-0.075209
-0.103764
-0.119309
-0.108648
-0.074119
-0.032937
-0.002111
0.011769
0.014762
0.018638
0.03028
0.046184
0.05597
0.054108
0.047794
0.05029
0.06788
0.096225
0.126618
0.152404
0.170618
0.176873
0.165956
0.140315
0.109164
0.079843
0.054508
0.031457
0.010354
-0.002322
-0.001494
0.00702
0.013995
0.016811
0.017834
0.023202
0.04327
0.072295
0.084002
0.065048
0.025681
-0.017887
-0.05472
-0.082088
-0.10178
-0.116894
-0.129605
-0.133349
-0.115236
-0.072475
-0.014812
0.044772
0.096486
0.13376
0.147468
0.133687
0.104606
0.077339
0.058725
0.043949
0.023937
-0.005857
-0.041535
-0.075185
-0.096371
-0.091535
-0.05652
-0.004767
0.043394
0.074628
0.089577
0.096811
0.099978
0.097151
0.088863
0.078474
0.067894
0.056571
0.04305
0.02782
0.013616
0.002566
-0.004697
-0.00566
0.004931
0.027353
0.054095
0.07767
0.097421
0.120364
0.151606
0.180366
0.189189
0.175371
0.150375
0.126344
0.109989
0.102785
0.102426
0.103944
0.102286
0.095514
0.085325
0.073817
0.061224
0.04705
0.030436
0.010127
-0.014103
-0.040213
-0.063796
-0.080673
-0.09086
-0.098965
-0.110221
-0.126161
-0.143927
-0.159124
-0.168261
-0.172268
-0.17593
-0.182801
-0.192918
-0.203197
-0.210824
-0.217977
-0.231486
-0.2563
-0.290914
-0.32823
-0.359862
-0.376073
-0.356853
-0.285221
-0.174737
-0.062447
0.022372
0.07642
0.112795
0.136707
0.141967
0.129481
0.112262
0.106903
0.124925
0.163434
0.20838
0.245679
0.262595
0.252185
0.222114
0.187867
0.160882
0.144577
0.13512
0.126402
0.117466
0.112108
0.112286
0.116654
0.123344
0.129905
0.132563
0.129812
0.124794
0.123052
0.129292
0.142705
0.156165
0.160429
0.14568
0.105251
0.044685
-0.019115
-0.066699
-0.084504
-0.076097
-0.061265
-0.058614
-0.071511
-0.085334
-0.078492
-0.047571
-0.016091
-0.009002
-0.029932
-0.066079
-0.101682
-0.12125
-0.114319
-0.085024
-0.048976
-0.021201
-0.008416
-0.010839
-0.027269
-0.051358
-0.072091
-0.080043
-0.069767
-0.048056
-0.03351
-0.036715
-0.051266
-0.062363
-0.057139
-0.035636
-0.011431
0.003461
0.007599
0.00843
0.014203
0.022124
0.022681
0.012927
-0.003342
-0.02065
-0.034566
-0.041165
-0.034949
-0.013659
0.016341
0.045507
0.067753
0.078465
0.073225
0.053995
0.028912
0.003988
-0.020483
-0.045255
-0.066064
-0.077536
-0.0807
-0.081159
-0.0834
-0.087825
-0.091274
-0.090654
-0.085623
-0.074394
-0.055148
-0.036602
-0.030843
-0.038104
-0.050926
-0.063998
-0.075814
-0.086877
-0.098066
-0.108301
-0.115014
-0.117148
-0.117739
-0.124767
-0.143176
-0.166824
-0.184815
-0.192899
-0.189952
-0.165869
-0.113229
-0.047408
0.004098
0.029198
0.037856
0.045355
0.058312
0.074934
0.090086
0.09825
0.096431
0.08665
0.073307
0.059187
0.044283
0.024926
-0.007681
-0.057322
-0.101999
-0.105408
-0.057883
0.015714
0.074691
0.08531
0.045146
-0.021157
-0.085385
-0.130331
-0.149597
-0.13381
-0.075339
0.010189
0.094348
0.155563
0.174553
0.142925
0.080235
0.021721
-0.008857
-0.012427
-0.002179
0.015317
0.037618
0.057775
0.069534
0.07371
0.073746
0.071829
0.070271
0.070771
0.072438
0.072713
0.069149
0.061055
0.050626
0.041137
0.03312
0.022499
0.004551
-0.019106
-0.042129
-0.061407
-0.080974
-0.111528
-0.162212
-0.220681
-0.248071
-0.214065
-0.127752
-0.02293
0.069969
0.137003
0.173863
0.177114
0.155459
0.130803
0.117679
0.113274
0.105605
0.086078
0.055879
0.024239
0.001079
-0.010385
-0.016031
-0.025962
-0.046004
-0.07442
-0.102101
-0.106691
-0.063367
0.019412
0.096062
0.128914
0.119911
0.098175
0.091146
0.104145
0.120923
0.123135
0.104665
0.067915
0.014542
-0.049169
-0.105426
-0.140556
-0.159931
-0.178767
-0.207783
-0.24622
-0.277423
-0.279376
-0.248008
-0.197026
-0.137701
-0.075543
-0.020296
0.019367
0.047053
0.068382
0.076645
0.063681
0.033931
-0.001298
-0.033524
-0.059131
-0.078926
-0.092184
-0.089092
-0.06104
-0.017895
0.019872
0.044571
0.058597
0.058861
0.044474
0.024425
0.009105
0.00481
0.01322
0.028168
0.038317
0.036866
0.027576
0.02223
0.031799
0.057236
0.088476
0.113234
0.121069
0.105015
0.070656
0.035204
0.01221
0.000921
-0.008399
-0.022516
-0.039247
-0.050867
-0.053336
-0.050314
-0.049294
-0.057251
-0.076936
-0.100829
-0.106539
-0.071879
-0.000712
0.080839
0.141892
0.155873
0.120668
0.063277
0.014361
-0.012265
-0.02133
-0.026523
-0.038701
-0.055112
-0.06003
-0.042566
-0.007072
0.033964
0.069401
0.090113
0.086325
0.056291
0.013219
-0.025808
-0.052859
-0.071465
-0.090351
-0.114242
-0.134474
-0.13401
-0.107699
-0.06651
-0.023518
0.013685
0.038504
0.046458
0.043673
0.041668
0.04517
0.050859
0.052818
0.046299
0.0302
0.007145
-0.018515
-0.036801
-0.034017
-0.008269
0.028089
0.061854
0.088161
0.107452
0.115971
0.10765
0.084435
0.054903
0.026605
0.003566
-0.013734
-0.023858
-0.020476
-0.001245
0.021363
0.02771
0.010622
-0.020797
-0.053794
-0.081246
-0.102147
-0.117334
-0.124046
-0.118892
-0.105066
-0.089469
-0.076359
-0.068803
-0.071644
-0.086356
-0.107274
-0.127029
-0.140616
-0.139575
-0.112572
-0.0608
0.000193
0.053263
0.088716
0.108721
0.121624
0.127499
0.119164
0.09711
0.070095
0.04573
0.026531
0.011049
-0.003137
-0.01369
-0.011736
0.006597
0.03415
0.06181
0.085338
0.10059
0.101187
0.086852
0.064833
0.042022
0.021529
0.003754
-0.012582
-0.027829
-0.037934
-0.038555
-0.030344
-0.016002
0.002268
0.021323
0.038839
0.055553
0.070836
0.07741
0.068605
0.047983
0.023718
0.000148
-0.022132
-0.043977
-0.064975
-0.082132
-0.092872
-0.09969
-0.107081
-0.111865
-0.104205
-0.078969
-0.036762
0.021921
0.093311
0.16237
0.202401
0.195222
0.153133
0.105771
0.072877
0.055291
0.04208
0.022616
-0.005701
-0.038115
-0.064617
-0.070673
-0.051397
-0.025597
-0.018572
-0.036315
-0.06558
-0.087614
-0.089635
-0.072691
-0.048794
-0.031684
-0.029193
-0.039427
-0.053352
-0.060826
-0.055108
-0.03595
-0.010162
0.013224
0.02984
0.042113
0.05242
0.056159
0.04813
0.029617
0.005639
-0.017954
-0.035851
-0.043687
-0.034884
-0.00552
0.034627
0.0668
0.080822
0.08115
0.077806
0.076068
0.073134
0.064114
0.050468
0.039032
0.034431
0.035604
0.038258
0.038902
0.03551
0.025966
0.014716
0.01393
0.028716
0.052053
0.072771
0.079201
0.064808
0.034351
-0.002215
-0.03876
-0.073545
-0.106871
-0.138365
-0.163791
-0.176067
-0.171423
-0.15445
-0.134125
-0.114191
-0.091926
-0.064907
-0.034523
-0.004896
0.019781
0.038293
0.051089
0.055912
0.050098
0.036872
0.022776
0.011107
0.000639
-0.011128
-0.024579
-0.037622
-0.045154
-0.040105
-0.021295
0.003757
0.026375
0.043259
0.056503
0.069805
0.084828
0.100888
0.114384
0.117939
0.107158
0.086777
0.065216
0.047259
0.032767
0.019218
0.004491
-0.01198
-0.026264
-0.029146
-0.015461
0.009901
0.037886
0.062318
0.079312
0.085084
0.080077
0.070483
0.062578
0.059374
0.062701
0.07335
0.087943
0.101078
0.108669
0.107942
0.099316
0.087602
0.078324
0.072883
0.068831
0.064403
0.059762
0.055907
0.05403
0.053971
0.052629
0.046295
0.031546
0.000443
-0.052629
-0.113923
-0.1587
-0.17784
-0.18054
-0.176304
-0.167863
-0.157555
-0.148758
-0.137305
-0.11004
-0.062823
-0.01174
0.024178
0.041035
0.046293
0.046093
0.041898
0.035235
0.028317
0.021335
0.013518
0.005451
-0.001555
-0.006934
-0.011116
-0.016255
-0.023995
-0.030533
-0.028992
-0.017729
-0.001238
0.015224
0.027573
0.029261
0.014868
-0.00997
-0.032871
-0.046894
-0.052269
-0.049961
-0.039225
-0.02175
-0.00227
0.015683
0.030078
0.035595
0.02646
0.004811
-0.020809
-0.042901
-0.054469
-0.04756
-0.021743
0.012476
0.042972
0.063901
0.07292
0.067219
0.049254
0.028282
0.013105
0.007103
0.007863
0.010323
0.01043
0.006968
0.001249
-0.004895
-0.010168
-0.014067
-0.016695
-0.018558
-0.019881
-0.020691
-0.021795
-0.024436
-0.029538
-0.03723
-0.046412
-0.055364
-0.062566
-0.067312
-0.07006
-0.072177
-0.074782
-0.077899
-0.081408
-0.084993
-0.085058
-0.076639
-0.060197
-0.041222
-0.023934
-0.00894
0.005098
0.019815
0.033712
0.039149
0.030112
0.010104
-0.011182
-0.020602
-0.006364
0.030386
0.076015
0.116964
0.143822
0.150053
0.137875
0.118879
0.101807
0.084036
0.058278
0.022541
-0.019086
-0.060225
-0.089517
-0.091993
-0.065234
-0.024855
0.008079
0.019209
0.009193
-0.008229
-0.016841
-0.006266
0.022436
0.05736
0.085161
0.095269
0.079943
0.042897
0.000064
-0.032335
-0.045619
-0.042232
-0.032658
-0.026249
-0.025798
-0.029354
-0.03479
-0.041572
-0.050188
-0.061007
-0.073129
-0.0827
-0.080425
-0.05808
-0.019128
0.024436
0.061658
0.083749
0.085822
0.073296
0.058444
0.050401
0.051846
0.060162
0.069697
0.07503
0.072427
0.060759
0.043269
0.024092
0.004221
-0.017004
-0.039669
-0.063123
-0.082946
-0.090048
-0.080386
-0.060717
-0.041289
-0.028056
-0.020908
-0.01575
-0.007924
0.004557
0.020415
0.036793
0.050514
0.05632
0.048636
0.028725
0.003801
-0.020791
-0.044241
-0.067892
-0.092573
-0.116088
-0.128224
-0.117051
-0.084466
-0.044157
-0.009755
0.010375
0.016567
0.016652
0.019072
0.027531
0.040038
0.050684
0.054311
0.050454
0.042869
0.036755
0.035916
0.040832
0.04941
0.058879
0.065876
0.067019
0.062736
0.05828
0.05858
0.063391
0.068423
0.068389
0.059401
0.04209
0.021645
0.003776
-0.009131
-0.017206
-0.019312
-0.01469
-0.005705
0.004186
0.012746
0.019464
0.023071
0.018614
0.002371
-0.022904
-0.05136
-0.078615
-0.103362
-0.125376
-0.141144
-0.147006
-0.145384
-0.142045
-0.13971
-0.137372
-0.132668
-0.123402
-0.109286
-0.091776
-0.071424
-0.048066
-0.022012
0.006745
0.036997
0.063377
0.08016
0.087724
0.091207
0.093895
0.09555
0.095923
0.095784
0.095047
0.091325
0.080559
0.061468
0.036728
0.009083
-0.019575
-0.04651
-0.069426
-0.088648
-0.103599
-0.10788
-0.095779
-0.071762
-0.047002
-0.029414
-0.019149
-0.010738
0.00162
0.020216
0.043889
0.068523
0.083468
0.076283
0.047312
0.010195
-0.021825
-0.044457
-0.061471
-0.078765
-0.099241
-0.121986
-0.141456
-0.14864
-0.140212
-0.121485
-0.09924
-0.078066
-0.059898
-0.043089
-0.024067
-0.000575
0.026653
0.054493
0.07921
0.099229
0.116297
0.133487
0.152512
0.169116
0.172676
0.157791
0.130491
0.099822
0.069178
0.037087
0.002754
-0.030997
-0.060387
-0.084961
-0.106652
-0.123609
-0.127442
-0.112789
-0.086341
-0.062136
-0.051035
-0.053244
-0.060537
-0.06447
-0.05953
-0.042343
-0.014739
0.016024
0.042303
0.056277
0.051826
0.032416
0.009062
-0.009483
-0.021032
-0.028611
-0.037274
-0.050533
-0.068274
-0.087453
-0.104709
-0.116202
-0.116118
-0.10202
-0.079695
-0.057829
-0.04115
-0.028723
-0.016437
-0.001095
0.016558
0.032508
0.043864
0.051573
0.058807
0.068331
0.08071
0.094252
0.106117
0.11224
0.108796
0.096858
0.082185
0.069925
0.061467
0.055116
0.048968
0.042922
0.037358
0.03202
0.026698
0.021071
0.01396
0.004503
-0.006937
-0.019294
-0.03132
-0.041992
-0.049748
-0.051553
-0.045736
-0.03441
-0.020905
-0.00681
0.00784
0.023168
0.038788
0.054028
0.066606
0.072833
0.071638
0.065721
0.05863
0.05432
0.056733
0.066431
0.079792
0.092381
0.101797
0.108144
0.11333
0.120075
0.129194
0.136381
0.134675
0.121737
0.100209
0.069259
0.026245
-0.019815
-0.053628
-0.071831
-0.082831
-0.095154
-0.110892
-0.123422
-0.12308
-0.108128
-0.085635
-0.064096
-0.049834
-0.045567
-0.048871
-0.05421
-0.056744
-0.054806
-0.049047
-0.03592
-0.008676
0.030311
0.068492
0.096503
0.114622
0.124073
0.119977
0.100508
0.073322
0.047776
0.02733
0.009828
-0.008747
-0.030866
-0.055824
-0.080429
-0.098368
-0.102039
-0.0908
-0.072164
-0.053911
-0.039436
-0.028588
-0.019582
-0.010658
-0.001491
0.005322
0.006123
0.000651
-0.007979
-0.016573
-0.02322
-0.027291
-0.029193
-0.029146
-0.025951
-0.019248
-0.011313
-0.004614
0.000427
0.004756
0.009255
0.013765
0.016632
0.015407
0.009524
0.001307
-0.005165
-0.005506
0.001685
0.013464
0.026259
0.03868
0.051379
0.066305
0.085008
0.106249
0.126518
0.14058
0.137187
0.105736
0.055014
0.009232
-0.016484
-0.025567
-0.030357
-0.040628
-0.058557
-0.080366
-0.098299
-0.102575
-0.089473
-0.066122
-0.04474
-0.034677
-0.03701
-0.045165
-0.05105
-0.050319
-0.044022
-0.036526
-0.030489
-0.024588
-0.01502
0.002288
0.028153
0.058303
0.086086
0.104027
0.106472
0.095857
0.082116
0.074068
0.073299
0.07501
0.073413
0.066352
0.05693
0.051185
0.052853
0.060333
0.068744
0.073915
0.074051
0.068918
0.060257
0.051314
0.042906
0.031148
0.012055
-0.012906
-0.038153
-0.057334
-0.063869
-0.055487
-0.039001
-0.025297
-0.020125
-0.021222
-0.022585
-0.0201
-0.013781
-0.00675
-0.002299
-0.00146
-0.002747
-0.003802
-0.002237
0.004355
0.016468
0.031665
0.047532
0.063592
0.080094
0.09678
0.110477
0.113895
0.102907
0.082072
0.05963
0.040927
0.026606
0.014181
0.000781
-0.014969
-0.031086
-0.042209
-0.044543
-0.039816
-0.033053
-0.028739
-0.027484
-0.024865
-0.015641
0.001327
0.02278
0.043436
0.057591
0.056947
0.034722
-0.003365
-0.041036
-0.065655
-0.073252
-0.063313
-0.039423
-0.010204
0.017059
0.039912
0.059225
0.073979
0.07804
0.067396
0.046391
0.022795
0.001687
-0.016069
-0.032806
-0.05158
-0.073363
-0.096739
-0.117383
-0.125772
-0.113288
-0.082626
-0.044553
-0.008052
0.023299
0.050457
0.07267
0.082309
0.073787
0.051982
0.025781
0.000154
-0.02354
-0.045154
-0.062618
-0.069472
-0.061525
-0.04344
-0.023146
-0.004974
0.010753
0.025756
0.041953
0.060365
0.081477
0.105201
0.130249
0.153657
0.166769
0.156925
0.121936
0.074233
0.028525
-0.008206
-0.038079
-0.06873
-0.107271
-0.154194
-0.202077
-0.241567
-0.261505
-0.24873
-0.203496
-0.143974
-0.088644
-0.043445
-0.002647
0.042873
0.097152
0.156139
0.211078
0.247229
0.246554
0.208031
0.152695
0.102678
0.066258
0.038896
0.011885
-0.020102
-0.056671
-0.08861
-0.100145
-0.085091
-0.053776
-0.021999
0.000299
0.009841
0.005094
-0.012247
-0.034874
-0.055511
-0.071821
-0.08597
-0.100556
-0.11322
-0.117853
-0.112603
-0.103134
-0.097433
-0.099256
-0.107185
-0.11775
-0.127132
-0.131066
-0.126991
-0.115568
-0.097106
-0.070816
-0.039324
-0.007739
0.019242
0.038306
0.049872
0.055988
0.056925
0.053699
0.049283
0.046733
0.048655
0.056397
0.069123
0.085656
0.103735
0.119034
0.129532
0.137572
0.146044
0.155426
0.163063
0.160718
0.13906
0.099248
0.051542
0.004634
-0.03721
-0.07129
-0.097196
-0.117379
-0.130448
-0.130673
-0.117761
-0.097622
-0.076452
-0.058429
-0.048788
-0.055123
-0.078404
-0.109025
-0.136323
-0.153599
-0.154355
-0.135732
-0.105415
-0.075881
-0.054419
-0.041309
-0.034497
-0.032403
-0.031988
-0.028666
-0.017484
0.005255
0.036451
0.066496
0.086767
0.094927
0.095859
0.097495
0.105888
0.123637
0.148341
0.168473
0.164602
0.127226
0.067855
0.005783
-0.046953
-0.086862
-0.114944
-0.136289
-0.157436
-0.176878
-0.183938
-0.172501
-0.147786
-0.119404
-0.096579
-0.087794
-0.096227
-0.115436
-0.134888
-0.147796
-0.153737
-0.157254
-0.16403
-0.176036
-0.190344
-0.202535
-0.209034
-0.207198
-0.197376
-0.184128
-0.168946
-0.142998
-0.096785
-0.031738
0.043258
0.118251
0.185048
0.240002
0.274658
0.271524
0.227963
0.164269
0.101171
0.045667
-0.005599
-0.056924
-0.106446
-0.147583
-0.172065
-0.17104
-0.144763
-0.104891
-0.062863
-0.023103
0.014543
0.050228
0.083032
0.106803
0.109316
0.086702
0.048883
0.007551
-0.031664
-0.068045
-0.105423
-0.148287
-0.19081
-0.220698
-0.234785
-0.236425
-0.226711
-0.208139
-0.186672
-0.167632
-0.153244
-0.14245
-0.132399
-0.12049
-0.105535
-0.086066
-0.058937
-0.023466
0.016495
0.057531
0.099131
0.141233
0.183209
0.223344
0.25336
0.262267
0.251372
0.23326
0.218244
0.207636
0.195321
0.176046
0.150259
0.121816
0.096589
0.08039
0.073823
0.071575
0.066953
0.05601
0.038904
0.019444
0.003021
-0.005892
-0.006527
-0.002492
0.001396
0.002277
-0.000393
-0.005493
-0.010766
-0.014287
-0.015391
-0.012765
-0.005112
0.005938
0.01701
0.025441
0.02994
0.030432
0.027609
0.022946
0.018112
0.01306
0.005679
-0.005471
-0.01964
-0.035041
-0.050455
-0.065386
-0.079753
-0.093874
-0.107715
-0.118366
-0.120879
-0.113802
-0.099549
-0.080277
-0.058017
-0.035546
-0.014796
0.003169
0.016918
0.025583
0.030129
0.032613
0.034701
0.037702
0.043317
0.052572
0.064033
0.073657
0.074289
0.060061
0.033851
0.00581
-0.014619
-0.02476
-0.028914
-0.031991
-0.035415
-0.03882
-0.041134
-0.039606
-0.030412
-0.013372
0.005591
0.019869
0.02768
0.031994
0.035947
0.038417
0.03593
0.027628
0.015885
0.003935
-0.004694
-0.005704
0.002298
0.014904
0.025539
0.031088
0.033179
0.035392
0.040308
0.047359
0.052508
0.051495
0.043864
0.033303
0.025095
0.024668
0.034281
0.049873
0.064541
0.073718
0.076774
0.076648
0.077789
0.083472
0.093991
0.104762
0.107549
0.098671
0.082653
0.066104
0.051127
0.036337
0.021809
0.008872
-0.001847
-0.007954
-0.005131
0.006763
0.021127
0.030451
0.032607
0.030685
0.029018
0.030438
0.035141
0.041816
0.049472
0.057745
0.066372
0.075355
0.085154
0.095062
0.10166
0.101227
0.094227
0.08505
0.077589
0.073204
0.070585
0.067102
0.060452
0.048653
0.031297
0.011303
-0.00774
-0.02401
-0.036483
-0.045355
-0.05208
-0.056084
-0.054836
-0.047634
-0.035925
-0.020926
-0.003994
0.012601
0.026468
0.036897
0.045337
0.053544
0.062144
0.069218
0.070694
0.064724
0.054139
0.043059
0.033796
0.026636
0.020363
0.013813
0.005893
-0.004288
-0.017062
-0.031947
-0.047271
-0.060673
-0.069618
-0.07258
-0.068876
-0.058553
-0.044181
-0.028161
-0.01017
0.010206
0.031865
0.052882
0.069508
0.075486
0.067603
0.050725
0.032946
0.018874
0.007953
-0.00287
-0.01561
-0.030403
-0.045227
-0.054328
-0.051851
-0.038767
-0.022622
-0.011225
-0.007275
-0.008335
-0.010319
-0.010269
-0.008176
-0.005921
-0.005027
-0.005997
-0.008071
-0.009674
-0.009105
-0.004323
0.005187
0.017282
0.028942
0.037308
0.039623
0.034943
0.025818
0.016434
0.008964
0.004796
0.00691
0.016419
0.030459
0.045322
0.059163
0.071661
0.08307
0.092249
0.094656
0.087585
0.074125
0.05906
0.045229
0.032738
0.01961
0.004007
-0.014068
-0.033236
-0.051143
-0.06481
-0.072909
-0.075634
-0.073857
-0.069637
-0.065772
-0.063371
-0.060051
-0.052535
-0.040717
-0.028522
-0.020661
-0.018358
-0.018971
-0.018334
-0.013363
-0.00391
0.007836
0.019233
0.027747
0.031491
0.030362
0.026752
0.023715
0.022277
0.021576
0.020106
0.0176
0.016525
0.019867
0.027996
0.038506
0.048753
0.056974
0.062748
0.067423
0.071905
0.074412
0.072311
0.065096
0.054344
0.040612
0.02218
-0.000255
-0.02055
-0.033294
-0.039165
-0.042618
-0.046874
-0.050428
-0.049358
-0.042655
-0.033048
-0.024252
-0.01811
-0.015215
-0.01664
-0.022463
-0.030637
-0.038773
-0.045657
-0.049975
-0.048698
-0.040174
-0.02679
-0.012525
-0.00014
0.009676
0.016657
0.018818
0.014869
0.006904
-0.001663
-0.009277
-0.016125
-0.022694
-0.027834
-0.028639
-0.024102
-0.016524
-0.009038
-0.003399
0.0007
0.004484
0.008876
0.013324
0.016167
0.016709
0.015666
0.014441
0.014629
0.017566
0.023626
0.031385
0.03865
0.043115
0.041998
0.034116
0.022075
0.010258
0.00134
-0.005027
-0.010936
-0.018106
-0.026618
-0.035293
-0.042024
-0.044515
-0.042485
-0.038015
-0.0332
-0.029092
-0.026074
-0.024565
-0.025441
-0.029077
-0.034245
-0.03907
-0.04194
-0.042011
-0.04001
-0.037506
-0.035071
-0.032295
-0.028631
-0.023354
-0.0155
-0.005839
0.00251
0.007438
0.009776
0.011729
0.015962
0.024991
0.039037
0.055583
0.071694
0.08506
0.094828
0.101733
0.104964
0.102306
0.094419
0.084353
0.073938
0.062171
0.04693
0.027962
0.007315
-0.012114
-0.027386
-0.036808
-0.040673
-0.04085
-0.039899
-0.039644
-0.040595
-0.043053
-0.047907
-0.055423
-0.064259
-0.072899
-0.079742
-0.082042
-0.078006
-0.069287
-0.058913
-0.048194
-0.036696
-0.023923
-0.010054
0.00492
0.020416
0.033712
0.042703
0.048052
0.051701
0.055085
0.057721
0.057369
0.052745
0.044856
0.035767
0.027138
0.020056
0.015568
0.014649
0.016719
0.019348
0.020201
0.017894
0.012266
0.004992
-0.001886
-0.007553
-0.012504
-0.016949
-0.019539
-0.018882
-0.015466
-0.011104
-0.007549
-0.006027
-0.007652
-0.012724
-0.019657
-0.026389
-0.032174
-0.037656
-0.043991
-0.051424
-0.059075
-0.064541
-0.064715
-0.05922
-0.050875
-0.042793
-0.036661
-0.032263
-0.028616
-0.026215
-0.026908
-0.031413
-0.038803
-0.047503
-0.05589
-0.062413
-0.064661
-0.060078
-0.049515
-0.036893
-0.025046
-0.013881
-0.001801
0.012383
0.028371
0.044521
0.058962
0.06907
0.07039
0.061126
0.045436
0.02902
0.01492
0.003491
-0.006297
-0.014328
-0.017767
-0.014322
-0.005823
0.003813
0.011707
0.016353
0.017528
0.016725
0.015854
0.01548
0.014838
0.01336
0.011116
0.008147
0.004282
-0.000563
-0.005903
-0.010889
-0.015179
-0.019153
-0.023489
-0.0288
-0.035592
-0.043619
-0.052061
-0.060377
-0.068437
-0.075211
-0.078714
-0.078391
-0.074789
-0.067126
-0.054747
-0.039373
-0.023825
-0.010776
-0.002886
-0.000576
-0.001191
-0.001652
-0.000497
0.00234
0.006617
0.011923
0.01744
0.022674
0.027205
0.029457
0.027782
0.022739
0.016483
0.010687
0.006324
0.004388
0.004806
0.005864
0.005662
0.003221
-0.001682
-0.008284
-0.01488
-0.019864
-0.022618
-0.023308
-0.022847
-0.022398
-0.022762
-0.024324
-0.026895
-0.029971
-0.033094
-0.035902
-0.038495
-0.041096
-0.043955
-0.047744
-0.052868
-0.058885
-0.06468
-0.06774
-0.065445
-0.058207
-0.048219
-0.036433
-0.023293
-0.009982
0.001134
0.007394
0.008655
0.007666
0.007171
0.00848
0.011674
0.015975
0.020026
0.021724
0.019216
0.012971
0.005376
-0.001373
-0.006629
-0.011191
-0.016551
-0.023816
-0.03283
-0.042295
-0.049733
-0.05159
-0.046221
-0.036241
-0.026079
-0.018632
-0.014594
-0.012479
-0.009704
-0.00476
0.001916
0.008769
0.013548
0.014316
0.011228
0.00658
0.002844
0.000938
0.000302
0.000037
-0.000562
-0.001689
-0.002879
-0.003294
-0.00252
-0.00106
-0.000007
-0.000123
-0.00131
-0.00297
-0.004618
-0.006001
-0.007052
-0.007872
-0.008711
-0.009743
-0.011311
-0.013853
-0.017376
-0.021361
-0.025278
-0.028861
-0.031988
-0.034565
-0.036103
-0.035513
-0.032504
-0.027982
-0.022888
-0.017438
-0.011707
-0.005929
-0.000167
0.005682
0.01178
0.018038
0.024133
0.028987
0.030216
0.026619
0.019743
0.012357
0.006344
0.002241
-0.00008
-0.001415
-0.002985
-0.005547
-0.00863
-0.01074
-0.010885
-0.009345
-0.007234
-0.005359
-0.003882
-0.002604
-0.001091
0.001006
0.003422
0.005101
0.004752
0.002216
-0.001251
-0.004055
-0.005367
-0.0052
-0.003872
-0.002027
-0.000384
0.000918
0.002108
0.003459
0.004907
0.006034
0.006009
0.004208
0.001184
-0.001834
-0.004183
-0.006008
-0.007819
-0.010083
-0.012664
-0.014613
-0.015013
-0.013838
-0.011575
-0.008056
-0.003065
0.002849
0.009032
0.014939
0.019264
0.020681
0.01934
0.016784
0.015093
0.01644
0.021775
0.029641
0.037396
0.042878
0.043966
0.039509
0.031409
0.023196
0.017015
0.013218
0.01127
0.010119
0.008602
0.006366
0.003771
0.001316
-0.000797
-0.003011
-0.006297
-0.011148
-0.016899
-0.022201
-0.025304
-0.024312
-0.019169
-0.012136
-0.005643
-0.000705
0.002934
0.005612
0.007308
0.008322
0.009104
0.009886
0.010492
0.010695
0.010628
0.010763
0.012051
0.015394
0.020159
0.024078
0.024994
0.022859
0.01954
0.017024
0.016097
0.016423
0.016998
0.016906
0.016376
0.016767
0.019108
0.023231
0.028281
0.033314
0.037071
0.038151
0.036454
0.033701
0.031766
0.031306
0.031784
0.032322
0.032182
0.031234
0.030133
0.029544
0.029574
0.029389
0.027132
0.021688
0.014085
0.00633
-0.0004
-0.005872
-0.010658
-0.015669
-0.021515
-0.028151
-0.034315
-0.037607
-0.036408
-0.031795
-0.026584
-0.022727
-0.020448
-0.018673
-0.016022
-0.011668
-0.005378
0.0022
0.00976
0.016204
0.020547
0.022673
0.023738
0.025049
0.027048
0.029703
0.033489
0.039086
0.046253
0.053898
0.06078
0.065639
0.066642
0.06298
0.056545
0.05006
0.044823
0.040589
0.036289
0.031075
0.024745
0.017705
0.010562
0.003751
-0.002453
-0.007907
-0.012756
-0.01734
-0.021934
-0.026616
-0.031459
-0.036467
-0.041599
-0.04671
-0.050969
-0.053048
-0.052721
-0.050677
-0.047209
-0.042652
-0.037676
-0.032697
-0.027687
-0.022248
-0.015525
-0.006501
0.004599
0.016571
0.028226
0.038213
0.045304
0.049805
0.052895
0.054857
0.055546
0.055406
0.054851
0.053753
0.051589
0.047783
0.042615
0.037128
0.031975
0.027155
0.021983
0.015758
0.008516
0.001018
-0.005702
-0.011028
-0.014991
-0.017423
-0.018099
-0.017414
-0.016161
-0.01491
-0.013981
-0.013617
-0.014132
-0.015805
-0.018222
-0.019872
-0.019152
-0.01602
-0.012003
-0.008409
-0.005338
-0.001933
0.002463
0.007752
0.013454
0.019051
0.024179
0.02896
0.033665
0.038444
0.043305
0.047319
0.048152
0.044192
0.036629
0.028282
0.021304
0.016388
0.013239
0.011706
0.011599
0.012003
0.012105
0.011922
0.011803
0.011974
0.012203
0.01179
0.010226
0.007779
0.005428
0.004271
0.004471
0.005304
0.005849
0.005634
0.004877
0.004173
0.003896
0.004068
0.004149
0.002902
-0.00067
-0.006176
-0.012221
-0.017492
-0.021317
-0.02277
-0.020722
-0.015807
-0.010153
-0.005164
-0.001052
0.002669
0.006602
0.01087
0.01515
0.018694
0.020372
0.019965
0.018461
0.01706
0.01636
0.01641
0.016942
0.017409
0.016971
0.01549
0.011767
0.007287
0.003026
-0.000667
-0.003942
-0.007118
-0.01004
-0.01185
-0.012177
-0.011482
-0.01041
-0.009483
-0.009121
-0.009639
-0.011075
-0.012883
-0.014336
-0.015183
-0.015781
-0.016612
-0.017972
-0.019499
-0.020162
-0.019233
-0.017007
-0.014288
-0.011873
-0.010187
-0.009254
-0.009095
-0.009653
-0.01057
-0.011673
-0.013074
-0.01487
-0.016861
-0.01831
-0.018193
-0.016264
-0.013362
-0.010598
-0.008549
-0.007239
-0.006656
-0.007079
-0.008435
-0.010192
-0.012083
-0.014188
-0.016491
-0.018828
-0.020939
-0.022364
-0.022193
-0.019957
-0.016371
-0.012551
-0.009059
-0.005993
-0.003249
-0.000712
0.001756
0.004182
0.006389
0.008252
0.009768
0.010955
0.011956
0.013006
0.01451
0.01691
0.020288
0.024078
0.027569
0.030465
0.032864
0.03483
0.036468
0.037809
0.0386
0.038602
0.038019
0.037356
0.037043
0.037169
0.037274
0.036684
0.035256
0.033353
0.031601
0.030471
0.030009
0.029836
0.029153
0.026906
0.022836
0.017927
0.013484
0.010225
0.008458
0.008198
0.00887
0.009582
0.0099
0.009947
0.010008
0.009993
0.009499
0.008372
0.006874
0.005426
0.004337
0.003522
0.002641
0.001214
-0.001167
-0.004477
-0.007787
-0.009834
-0.010237
-0.009692
-0.009185
-0.009254
-0.009746
-0.010264
-0.01047
-0.010284
-0.009923
-0.009745
-0.009936
-0.010428
-0.010905
-0.011158
-0.011396
-0.012081
-0.0134
-0.015147
-0.01696
-0.01856
-0.019847
-0.021009
-0.022343
-0.024129
-0.02635
-0.028615
-0.030445
-0.031434
-0.031249
-0.030065
-0.028639
-0.027591
-0.0269
-0.026259
-0.025365
-0.024066
-0.022219
-0.019756
-0.016899
-0.013945
-0.011085
-0.008608
-0.006722
-0.005663
-0.005751
-0.006823
-0.008103
-0.008986
-0.009474
-0.00995
-0.010779
-0.012102
-0.013695
-0.015284
-0.016784
-0.018308
-0.019977
-0.021821
-0.023685
-0.025267
-0.026067
-0.025629
-0.024104
-0.022265
-0.02078
-0.019975
-0.019776
-0.019741
-0.01946
-0.018943
-0.018389
-0.017979
-0.017716
-0.017283
-0.016169
-0.014158
-0.011621
-0.009156
-0.007079
-0.005382
-0.003797
-0.002294
-0.00103
-0.000068
0.000638
0.00116
0.001596
0.001978
0.002048
0.001319
-0.000309
-0.002412
-0.004443
-0.006051
-0.007133
-0.007916
-0.008752
-0.009838
-0.011104
-0.01216
-0.012157
-0.010461
-0.007443
-0.004182
-0.001484
0.000521
0.00225
0.004218
0.006665
0.009399
0.011765
0.012799
0.012095
0.010284
0.008474
0.00738
0.006994
0.006898
0.006771
0.006472
0.00609
0.005796
0.005721
0.005839
0.005919
0.005628
0.00485
0.0037
0.002491
0.001502
0.000713
-0.000163
-0.001322
-0.002767
-0.004249
-0.005435
-0.006155
-0.006423
-0.006464
-0.006605
-0.006925
-0.007289
-0.007507
-0.007531
-0.007456
-0.00743
-0.007363
-0.006839
-0.005479
-0.003423
-0.001196
0.000646
0.001681
0.001816
0.0015
0.00134
0.001692
0.002499
0.003501
0.004391
0.004984
0.005267
0.005284
0.00508
0.004768
0.00438
0.003886
0.003303
0.002772
0.00241
0.002221
0.002029
0.001645
0.001009
0.000297
-0.000239
-0.000465
-0.000467
-0.000462
-0.000649
-0.001043
-0.001488
-0.001759
-0.001832
-0.001928
-0.002329
-0.003083
-0.004018
-0.004819
-0.005159
-0.004905
-0.004322
-0.003814
-0.003632
-0.003711
-0.003791
-0.003616
-0.003177
-0.002714
-0.002544
-0.002775
-0.003242
-0.003623
-0.003711
-0.003514
-0.003267
-0.003206
-0.003378
-0.003601
-0.003642
-0.00336
-0.002848
-0.002346
-0.002104
-0.002153
-0.00231
-0.002313
-0.002048
-0.001637
-0.001368
-0.001428
-0.001766
-0.002114
-0.002208
-0.001961
-0.001545
-0.001234
-0.001213
-0.001411
-0.001593
-0.001521
-0.00117
-0.000715
-0.000417
-0.000383
-0.00051
-0.000545
-0.000311
0.000165
0.000642
0.00087
0.000764
0.000507
0.000384
0.0006
0.001094
0.001601
0.001843
0.001775
0.001567
0.001486
0.001653
0.001982
0.00222
0.002182
0.001879
0.001535
0.001383
0.001497
0.001717
0.001796
0.001585
0.00118
0.000827
0.000755
0.000971
0.001286
0.001438
0.001321
0.001041
0.000856
0.000947
0.001301
0.001699
0.001913
0.001868
0.001714
0.001672
0.00189
0.002301