-0.004232
-0.005943
-0.007711
-0.008566
-0.009501
-0.010874
-0.010519
-0.005889
0.001341
0.006436
0.007738
0.007371
0.006828
0.005691
0.004481
0.005061
0.007891
0.011095
0.012646
0.011268
0.006085
-0.001587
-0.007417
-0.007791
-0.003597
0.001803
0.006184
0.008125
0.005445
-0.002251
-0.010573
-0.012842
-0.006372
0.004755
0.012514
0.010732
-0.000295
-0.013768
-0.022037
-0.022461
-0.017325
-0.009772
-0.002323
0.002055
0.001456
-0.002252
-0.005166
-0.005977
-0.005921
-0.004727
-0.000595
0.005284
0.008421
0.006655
0.003088
0.002068
0.004648
0.009009
0.012696
0.013271
0.008767
-0.000057
-0.009047
-0.013822
-0.013515
-0.010401
-0.007102
-0.005574
-0.007186
-0.01112
-0.013476
-0.01093
-0.004905
0.000331
0.002138
-0.000747
-0.009867
-0.022662
-0.029068
-0.0202
-0.000413
0.016105
0.020778
0.016253
0.008081
-0.000503
-0.005215
-0.000878
0.01158
0.023351
0.025174
0.01439
-0.004751
-0.023249
-0.030709
-0.021793
-0.001991
0.015317
0.01902
0.008442
-0.007932
-0.020809
-0.027021
-0.028172
-0.025297
-0.017935
-0.007945
0.000506
0.005507
0.008192
0.008773
0.006085
0.000952
-0.004495
-0.00999
-0.01514
-0.016282
-0.011148
-0.004603
-0.002939
-0.00482
-0.004441
-0.000896
0.003224
0.008555
0.015615
0.017813
0.008067
-0.009145
-0.020885
-0.019983
-0.008546
0.009085
0.029086
0.045651
0.053917
0.053892
0.047117
0.032565
0.011044
-0.010811
-0.026064
-0.032814
-0.030778
-0.019109
-0.002092
0.009918
0.010883
0.005715
0.002688
0.00468
0.01106
0.021526
0.033156
0.038823
0.033592
0.020195
0.005488
-0.00565
-0.010794
-0.008358
0.000153
0.007633
0.005932
-0.005441
-0.017833
-0.022449
-0.018858
-0.012847
-0.008617
-0.006505
-0.005892
-0.00578
-0.003321
0.002934
0.008779
0.007581
-0.001321
-0.01088
-0.013348
-0.007071
0.003482
0.012103
0.014992
0.012207
0.00588
-0.002159
-0.010438
-0.017117
-0.021576
-0.026113
-0.033579
-0.042976
-0.048835
-0.044875
-0.027551
0.002275
0.037741
0.065173
0.068869
0.042993
0.000834
-0.031949
-0.037304
-0.016803
0.016296
0.049928
0.074112
0.077945
0.057875
0.026753
0.005404
0.004326
0.017967
0.03272
0.035783
0.021841
-0.001558
-0.018754
-0.020893
-0.01293
-0.003984
0.002442
0.005589
0.001985
-0.011324
-0.030191
-0.04294
-0.037692
-0.013797
0.01311
0.023422
0.013314
-0.004447
-0.020159
-0.036345
-0.053756
-0.061018
-0.047592
-0.019354
0.00669
0.019341
0.019512
0.014574
0.012476
0.018627
0.031926
0.043356
0.041863
0.023384
-0.005807
-0.033497
-0.048713
-0.04727
-0.034747
-0.025392
-0.032117
-0.052308
-0.066862
-0.060122
-0.037444
-0.017294
-0.011022
-0.018732
-0.038227
-0.063043
-0.073788
-0.050218
0.001558
0.047912
0.061851
0.04833
0.031307
0.027589
0.03934
0.060251
0.078438
0.079603
0.057036
0.018685
-0.019558
-0.046578
-0.060746
-0.065773
-0.066627
-0.069228
-0.078291
-0.090078
-0.08978
-0.064534
-0.021238
0.016985
0.035255
0.040334
0.047208
0.06219
0.080945
0.092267
0.080809
0.039161
-0.01751
-0.058921
-0.067639
-0.052395
-0.033018
-0.022035
-0.022674
-0.032693
-0.043398
-0.041252
-0.017906
0.020677
0.057019
0.075961
0.077289
0.074156
0.077999
0.087661
0.094271
0.092477
0.082904
0.068166
0.051756
0.039701
0.038158
0.04907
0.068129
0.085501
0.088428
0.06883
0.031006
-0.009649
-0.038926
-0.05383
-0.061126
-0.068463
-0.079641
-0.094714
-0.109229
-0.111992
-0.090824
-0.045689
0.006679
0.047092
0.069126
0.075687
0.065175
0.033097
-0.013778
-0.056235
-0.079835
-0.083069
-0.0675
-0.033362
0.00921
0.039777
0.048896
0.048334
0.049391
0.042948
0.016028
-0.021933
-0.047293
-0.051432
-0.044399
-0.033954
-0.01973
-0.007357
-0.009157
-0.02555
-0.040859
-0.044375
-0.044793
-0.056905
-0.082371
-0.107375
-0.112975
-0.083375
-0.013393
0.083374
0.174777
0.226827
0.221353
0.159835
0.056867
-0.065381
-0.180698
-0.264612
-0.302455
-0.293653
-0.247246
-0.178121
-0.108148
-0.064524
-0.065482
-0.104889
-0.155552
-0.191944
-0.207248
-0.207771
-0.199937
-0.188216
-0.178024
-0.171078
-0.162203
-0.147307
-0.131726
-0.125002
-0.129624
-0.137912
-0.137696
-0.11952
-0.083273
-0.03974
-0.002422
0.024595
0.048719
0.082247
0.135099
0.208143
0.285964
0.34116
0.353795
0.328799
0.294154
0.28388
0.31631
0.380197
0.445774
0.494925
0.531796
0.562729
0.585667
0.60727
0.642617
0.678429
0.663414
0.562234
0.398837
0.22273
0.05464
-0.107484
-0.254457
-0.3705
-0.456268
-0.515688
-0.535709
-0.503071
-0.429614
-0.339948
-0.248599
-0.161435
-0.08207
-0.0015
0.096374
0.199491
0.263774
0.265103
0.233528
0.210429
0.198893
0.177267
0.140583
0.099581
0.055688
0.001467
-0.062485
-0.125936
-0.174645
-0.193244
-0.181492
-0.1679
-0.18218
-0.212758
-0.221206
-0.197019
-0.163918
-0.130121
-0.075492
0.005412
0.08343
0.129539
0.137753
0.111355
0.057148
-0.000256
-0.02982
-0.027629
-0.019108
-0.025006
-0.044486
-0.07108
-0.105628
-0.147732
-0.187019
-0.207025
-0.196663
-0.159439
-0.111357
-0.061319
-0.000078
0.079506
0.157084
0.198648
0.191881
0.152951
0.102785
0.052523
0.007283
-0.033157
-0.07535
-0.122178
-0.164849
-0.194226
-0.209527
-0.206112
-0.170129
-0.102893
-0.038017
-0.015297
-0.043336
-0.099227
-0.153202
-0.178678
-0.153327
-0.076025
0.019018
0.086929
0.114294
0.124899
0.14473
0.177015
0.211598
0.240201
0.251626
0.226207
0.153817
0.055914
-0.025186
-0.062856
-0.062798
-0.044577
-0.021782
-0.004111
-0.001171
-0.01233
-0.023713
-0.024821
-0.018328
-0.006505
0.017284
0.053563
0.087206
0.104942
0.108243
0.098146
0.062154
-0.006599
-0.086906
-0.142545
-0.155683
-0.137628
-0.112628
-0.101193
-0.113058
-0.143089
-0.175751
-0.200622
-0.22106
-0.242904
-0.264025
-0.280785
-0.293551
-0.294417
-0.262445
-0.188637
-0.098275
-0.028963
0.009094
0.034569
0.063142
0.094311
0.12465
0.152872
0.170417
0.165601
0.140007
0.108539
0.080531
0.052304
0.019805
-0.011875
-0.034695
-0.044115
-0.036981
-0.011196
0.027101
0.060319
0.066816
0.034359
-0.031154
-0.107752
-0.172035
-0.214213
-0.238745
-0.251842
-0.255433
-0.252712
-0.247149
-0.231506
-0.190311
-0.12091
-0.04384
0.016014
0.052706
0.080627
0.116911
0.166811
0.220005
0.259013
0.272265
0.26076
0.234215
0.207455
0.196186
0.20437
0.215326
0.206088
0.170758
0.121066
0.069877
0.02679
0.004176
0.010192
0.035297
0.055505
0.049112
0.007239
-0.064772
-0.147275
-0.212341
-0.238963
-0.227081
-0.195716
-0.167434
-0.151483
-0.141259
-0.128419
-0.115282
-0.108207
-0.105407
-0.101478
-0.099474
-0.108251
-0.128739
-0.148978
-0.150698
-0.120074
-0.061205
-0.001636
0.026741
0.018301
-0.003376
-0.013996
-0.0093
0.003859
0.022327
0.046214
0.074293
0.107861
0.152306
0.207738
0.26086
0.291254
0.287768
0.258761
0.225761
0.204803
0.193604
0.177099
0.143535
0.093264
0.037905
-0.003147
-0.008596
0.029498
0.092391
0.142999
0.154437
0.128139
0.084715
0.044354
0.020468
0.023585
0.0589
0.118295
0.181867
0.230743
0.256675
0.261837
0.254534
0.244859
0.241095
0.249054
0.271925
0.304965
0.329872
0.324162
0.281163
0.214962
0.142786
0.074734
0.021952
-0.00075
0.008495
0.030205
0.039996
0.027116
-0.006582
-0.055639
-0.111339
-0.162886
-0.20397
-0.234491
-0.253738
-0.259535
-0.253046
-0.239824
-0.226635
-0.221033
-0.228285
-0.243981
-0.253129
-0.24097
-0.202654
-0.141943
-0.067886
0.005396
0.063899
0.102616
0.124943
0.1345
0.133634
0.129072
0.130524
0.140841
0.151515
0.150944
0.135576
0.111987
0.089855
0.074235
0.063685
0.053206
0.037657
0.014432
-0.013373
-0.034385
-0.032893
-0.001284
0.048629
0.089667
0.098265
0.069113
0.012153
-0.059257
-0.133364
-0.20136
-0.260204
-0.308876
-0.33679
-0.325242
-0.270396
-0.197545
-0.143421
-0.126929
-0.143885
-0.180453
-0.22351
-0.26009
-0.276434
-0.260126
-0.208546
-0.136785
-0.070803
-0.023643
0.015037
0.060841
0.112878
0.156595
0.179082
0.176518
0.153593
0.122966
0.10019
0.093584
0.100135
0.110595
0.114319
0.101199
0.067031
0.016846
-0.039819
-0.095543
-0.144012
-0.17841
-0.194025
-0.191905
-0.17891
-0.166581
-0.167116
-0.186183
-0.217652
-0.24618
-0.254455
-0.231154
-0.177923
-0.111653
-0.05516
-0.022826
-0.014695
-0.021554
-0.030739
-0.029768
-0.011834
0.020179
0.058594
0.09913
0.141116
0.181182
0.211323
0.222959
0.210959
0.176209
0.128738
0.085366
0.058262
0.04644
0.04285
0.046692
0.062516
0.088674
0.113918
0.125905
0.119306
0.09718
0.069538
0.048269
0.03712
0.027653
0.009866
-0.016456
-0.046945
-0.083712
-0.129765
-0.174128
-0.194161
-0.177226
-0.132154
-0.077613
-0.028879
-0.000616
-0.009499
-0.059397
-0.128509
-0.18325
-0.205618
-0.199265
-0.175876
-0.147934
-0.130317
-0.12982
-0.129815
-0.101367
-0.036074
0.044669
0.116682
0.172195
0.20828
0.219163
0.212984
0.217006
0.250858
0.30903
0.37977
0.458223
0.522851
0.527226
0.446752
0.319432
0.210437
0.147821
0.115839
0.09809
0.093324
0.094815
0.081924
0.040034
-0.026769
-0.10321
-0.174243
-0.228446
-0.259265
-0.26547
-0.25243
-0.233265
-0.225354
-0.237581
-0.262261
-0.282653
-0.286218
-0.268735
-0.234183
-0.195319
-0.166451
-0.149198
-0.130746
-0.099581
-0.058822
-0.021591
0.001607
0.009825
0.010355
0.013542
0.025827
0.045584
0.065914
0.082086
0.095331
0.109841
0.126367
0.139648
0.142919
0.135555
0.124034
0.115779
0.113369
0.114297
0.112125
0.098893
0.07113
0.03675
0.012852
0.014003
0.039649
0.070798
0.079653
0.049604
-0.010647
-0.073831
-0.115821
-0.128543
-0.116726
-0.091435
-0.06918
-0.067144
-0.09252
-0.136897
-0.182418
-0.2103
-0.20522
-0.160009
-0.080803
0.013996
0.102325
0.165447
0.19188
0.180273
0.141098
0.092816
0.052513
0.02788
0.017594
0.018255
0.028269
0.045854
0.066437
0.084834
0.09787
0.102259
0.091773
0.062043
0.01784
-0.027122
-0.059007
-0.071615
-0.068223
-0.058047
-0.050833
-0.050802
-0.053334
-0.047441
-0.02428
0.014088
0.053219
0.074522
0.066975
0.033086
-0.01491
-0.064105
-0.108598
-0.150273
-0.193302
-0.235749
-0.26655
-0.270727
-0.239653
-0.178435
-0.10473
-0.039546
0.004141
0.0252
0.029612
0.024036
0.014176
0.005023
-0.000755
-0.003224
-0.000805
0.013524
0.046903
0.097013
0.150309
0.191194
0.211586
0.213272
0.203408
0.188866
0.172615
0.154405
0.132993
0.107724
0.078788
0.048594
0.020336
-0.006271
-0.035971
-0.070757
-0.105059
-0.13035
-0.141743
-0.136931
-0.11582
-0.086691
-0.066236
-0.064071
-0.070927
-0.068986
-0.050473
-0.020633
0.011013
0.034612
0.04058
0.026944
0.004394
-0.012022
-0.015116
-0.006134
0.011006
0.031922
0.052468
0.071291
0.088029
0.098107
0.094091
0.074051
0.043553
0.009644
-0.021865
-0.043908
-0.052163
-0.052046
-0.054567
-0.063718
-0.074038
-0.079567
-0.078666
-0.070391
-0.053476
-0.030424
-0.006764
0.015503
0.039226
0.064924
0.085949
0.092915
0.08172
0.057407
0.031698
0.017124
0.02138
0.045701
0.085258
0.128977
0.160815
0.167478
0.147736
0.112633
0.076451
0.049622
0.038576
0.045555
0.065973
0.089599
0.107109
0.114563
0.112177
0.101918
0.086529
0.069461
0.05499
0.047434
0.047214
0.048943
0.047682
0.047161
0.056162
0.076427
0.098988
0.112643
0.11052
0.090921
0.058812
0.026422
0.004422
-0.007381
-0.017095
-0.028899
-0.03884
-0.04011
-0.029424
-0.010021
0.008238
0.015288
0.010462
0.00333
0.002894
0.00889
0.014614
0.014406
0.005322
-0.014509
-0.045082
-0.081748
-0.116793
-0.143931
-0.161766
-0.17263
-0.180044
-0.185152
-0.183889
-0.168552
-0.137012
-0.099176
-0.068984
-0.049346
-0.03127
-0.008181
0.016553
0.037959
0.056907
0.075094
0.089482
0.096029
0.094658
0.087059
0.073804
0.05627
0.037087
0.016036
-0.010764
-0.043865
-0.075543
-0.09539
-0.100963
-0.100124
-0.102713
-0.112233
-0.126682
-0.143572
-0.16059
-0.173522
-0.178423
-0.175715
-0.168758
-0.158753
-0.14451
-0.12629
-0.105953
-0.084697
-0.065207
-0.054633
-0.059476
-0.076957
-0.0957
-0.105629
-0.104634
-0.09696
-0.088828
-0.083889
-0.079555
-0.069014
-0.05051
-0.031746
-0.021588
-0.019821
-0.019345
-0.014975
-0.005312
0.010351
0.031153
0.052958
0.072364
0.089722
0.104758
0.113664
0.114835
0.112272
0.107655
0.094708
0.069324
0.041173
0.026216
0.029033
0.039733
0.046137
0.042231
0.027441
0.006091
-0.012102
-0.018208
-0.012409
-0.002797
0.003536
0.003702
-0.004231
-0.020304
-0.038059
-0.047422
-0.044796
-0.036285
-0.029848
-0.027507
-0.026481
-0.024578
-0.022543
-0.02336
-0.030284
-0.043618
-0.057885
-0.064068
-0.056158
-0.035429
-0.007913
0.020923
0.048223
0.072593
0.09377
0.11313
0.132014
0.148797
0.159505
0.162264
0.15997
0.15761
0.158339
0.162431
0.168454
0.173793
0.175005
0.168639
0.152939
0.128857
0.099971
0.070523
0.043919
0.022328
0.007555
0.000368
-0.000472
0.001443
0.001581
-0.003905
-0.01602
-0.032088
-0.04748
-0.059437
-0.068766
-0.078008
-0.088083
-0.097211
-0.102381
-0.101432
-0.093013
-0.07583
-0.04972
-0.018253
0.012297
0.037982
0.060177
0.081787
0.102173
0.117165
0.123114
0.118902
0.10548
0.085358
0.063089
0.044584
0.034975
0.035648
0.042548
0.04736
0.042176
0.02464
-0.00033
-0.024263
-0.041255
-0.051437
-0.058821
-0.066621
-0.07516
-0.083705
-0.092379
-0.101518
-0.110215
-0.116719
-0.120041
-0.120452
-0.11822
-0.11226
-0.100424
-0.081576
-0.05756
-0.033018
-0.012935
0.000144
0.007003
0.010299
0.011611
0.009896
0.002902
-0.009876
-0.02611
-0.042524
-0.057258
-0.070342
-0.082265
-0.092637
-0.099499
-0.099755
-0.091571
-0.07795
-0.066725
-0.063915
-0.066731
-0.06624
-0.057943
-0.046619
-0.039479
-0.037702
-0.036738
-0.031389
-0.017696
0.007175
0.042314
0.081241
0.114895
0.136429
0.143375
0.138087
0.127177
0.117988
0.113729
0.112445
0.110139
0.103265
0.089699
0.071037
0.053771
0.044534
0.042886
0.04107
0.030836
0.009043
-0.022289
-0.057326
-0.08758
-0.105114
-0.107215
-0.097217
-0.081132
-0.064674
-0.052292
-0.045304
-0.04069
-0.034742
-0.028874
-0.028529
-0.035271
-0.043073
-0.044345
-0.036653
-0.021936
-0.002243
0.021174
0.04639
0.070774
0.0916
0.105988
0.111928
0.110594
0.106056
0.101552
0.097362
0.092665
0.087474
0.081461
0.07291
0.060517
0.045785
0.032152
0.022049
0.0153
0.010146
0.005108
0.000146
-0.003729
-0.006044
-0.00788
-0.010754
-0.014505
-0.016744
-0.014716
-0.007664
0.002366
0.011773
0.017575
0.018902
0.016968
0.014111
0.013116
0.016412
0.025034
0.038161
0.053731
0.069127
0.081433
0.088154
0.087925
0.080733
0.067421
0.04932
0.027682
0.003837
-0.019389
-0.037251
-0.046753
-0.050585
-0.054943
-0.063311
-0.074245
-0.083759
-0.08641
-0.075683
-0.048912
-0.012997
0.018596
0.035812
0.037249
0.027228
0.012195
0.000198
-0.001286
0.009072
0.024475
0.035183
0.035791
0.027046
0.012788
-0.003188
-0.017626
-0.02841
-0.036262
-0.045051
-0.058967
-0.079663
-0.105785
-0.133968
-0.159343
-0.177129
-0.185625
-0.187508
-0.187026
-0.186908
-0.188236
-0.190977
-0.192506
-0.187332
-0.171543
-0.147562
-0.122596
-0.102195
-0.08727
-0.076215
-0.066947
-0.056325
-0.040888
-0.019605
0.005631
0.032624
0.059861
0.084716
0.103833
0.116077
0.123125
0.126806
0.128375
0.130057
0.134123
0.139451
0.141501
0.136959
0.126968
0.114807
0.101745
0.086125
0.066136
0.042637
0.019056
-0.001841
-0.020014
-0.036235
-0.049329
-0.05725
-0.059834
-0.05863
-0.054482
-0.047704
-0.040432
-0.036386
-0.037092
-0.040393
-0.043503
-0.045834
-0.047143
-0.045022
-0.036648
-0.02266
-0.006681
0.009166
0.026124
0.045501
0.065459
0.082483
0.094667
0.102509
0.10756
0.11184
0.117923
0.12753
0.13883
0.145938
0.142943
0.128947
0.108355
0.08614
0.064533
0.044572
0.028138
0.016214
0.006849
-0.002494
-0.011606
-0.018737
-0.024423
-0.031582
-0.041753
-0.052919
-0.061528
-0.065269
-0.063525
-0.056478
-0.045243
-0.032825
-0.023023
-0.016674
-0.009973
0.001125
0.015413
0.027787
0.035295
0.038936
0.040358
0.040954
0.044437
0.055472
0.074067
0.093847
0.107091
0.10933
0.100144
0.082859
0.063693
0.047929
0.036292
0.025998
0.014055
-0.001872
-0.02318
-0.047981
-0.07044
-0.085222
-0.091648
-0.092137
-0.088558
-0.082485
-0.076225
-0.070356
-0.061363
-0.045197
-0.022865
-0.000248
0.017691
0.030558
0.040834
0.05074
0.061142
0.071666
0.08123
0.088726
0.092932
0.09175
0.083324
0.069066
0.054567
0.045763
0.043852
0.043966
0.038764
0.023774
0.000705
-0.024433
-0.046632
-0.065242
-0.081922
-0.096826
-0.107505
-0.110722
-0.104644
-0.090186
-0.07082
-0.050875
-0.033947
-0.022875
-0.019955
-0.02605
-0.039508
-0.056255
-0.070749
-0.077959
-0.07603
-0.066991
-0.053761
-0.037288
-0.0177
0.003129
0.022197
0.037696
0.049322
0.057114
0.061321
0.062089
0.058254
0.047967
0.031921
0.014157
-0.001449
-0.014128
-0.024866
-0.034407
-0.044158
-0.057275
-0.075975
-0.097906
-0.117135
-0.129176
-0.13415
-0.135178
-0.135036
-0.134527
-0.132808
-0.128036
-0.118055
-0.10202
-0.081576
-0.060458
-0.042254
-0.028587
-0.017934
-0.006382
0.009738
0.03059
0.052825
0.072751
0.088327
0.097616
0.097785
0.087764
0.071174
0.054879
0.044675
0.04246
0.045767
0.048377
0.04323
0.027471
0.004719
-0.018307
-0.036355
-0.047
-0.050009
-0.047269
-0.042316
-0.03855
-0.037606
-0.039057
-0.040252
-0.037254
-0.028045
-0.015114
-0.003094
0.005829
0.012735
0.019244
0.026322
0.035022
0.045831
0.056766
0.063938
0.06452
0.058704
0.04879
0.037596
0.027619
0.020842
0.018259
0.019451
0.022639
0.025771
0.027821
0.028991
0.029639
0.030032
0.031286
0.035472
0.043593
0.054374
0.065453
0.075189
0.082585
0.086524
0.086258
0.082278
0.075638
0.066833
0.056141
0.044686
0.034492
0.027528
0.02418
0.022406
0.018621
0.0102
-0.002913
-0.01864
-0.034115
-0.046463
-0.05383
-0.056653
-0.057341
-0.058469
-0.061917
-0.069152
-0.080588
-0.09426
-0.106029
-0.111545
-0.10852
-0.09786
-0.083285
-0.068787
-0.056228
-0.0456
-0.03717
-0.031575
-0.028308
-0.025843
-0.023442
-0.021098
-0.017722
-0.010781
0.001531
0.018499
0.037159
0.05408
0.066684
0.073713
0.075048
0.071988
0.067289
0.064057
0.063557
0.064707
0.065776
0.065762
0.063647
0.057977
0.048272
0.035821
0.02201
0.006789
-0.009751
-0.025333
-0.036719
-0.043273
-0.047515
-0.05227
-0.058428
-0.065414
-0.071812
-0.07492
-0.071519
-0.060608
-0.044987
-0.029337
-0.01693
-0.00831
-0.002335
0.002416
0.007027
0.012052
0.017339
0.022288
0.026825
0.032043
0.039075
0.047246
0.053962
0.057001
0.056026
0.052028
0.046005
0.038798
0.031288
0.024542
0.019546
0.016597
0.01439
0.01082
0.005082
-0.001582
-0.007961
-0.014353
-0.021456
-0.028887
-0.035794
-0.041855
-0.047007
-0.050891
-0.05349
-0.055367
-0.056821
-0.057267
-0.05607
-0.053443
-0.050773
-0.050296
-0.053836
-0.060742
-0.067659
-0.071192
-0.070552
-0.066576
-0.059215
-0.047823
-0.033733
-0.020446
-0.010298
-0.002219
0.006518
0.01677
0.026281
0.031798
0.032153
0.029214
0.025847
0.02351
0.022185
0.022041
0.023942
0.028142
0.033483
0.038101
0.040745
0.041605
0.042082
0.043128
0.043626
0.041675
0.037678
0.034571
0.034087
0.034356
0.03222
0.026793
0.019464
0.011429
0.003017
-0.004884
-0.010317
-0.011506
-0.007898
-0.000217
0.009514
0.017897
0.021276
0.018351
0.011605
0.005553
0.003495
0.006458
0.014348
0.026854
0.042799
0.059623
0.074194
0.084369
0.089584
0.090334
0.08741
0.081786
0.074987
0.068981
0.065684
0.066315
0.070903
0.07758
0.082962
0.083839
0.079141
0.070357
0.060656
0.052824
0.047357
0.042364
0.035973
0.028151
0.019767
0.010837
0.00135
-0.007436
-0.014261
-0.019659
-0.024571
-0.028151
-0.028573
-0.025512
-0.020376
-0.014922
-0.010787
-0.009751
-0.012992
-0.020303
-0.03063
-0.042815
-0.05508
-0.06501
-0.071349
-0.075381
-0.079393
-0.084143
-0.088622
-0.091817
-0.093293
-0.092417
-0.088505
-0.082062
-0.074749
-0.068006
-0.062066
-0.056258
-0.049657
-0.041874
-0.033604
-0.025383
-0.015467
-0.000517
0.020144
0.042564
0.061388
0.074426
0.082905
0.088629
0.092409
0.095028
0.097765
0.101078
0.103696
0.103871
0.101411
0.097311
0.091603
0.082747
0.069615
0.05233
0.031344
0.007573
-0.016037
-0.035773
-0.050476
-0.062163
-0.072763
-0.082672
-0.092209
-0.102066
-0.111174
-0.11698
-0.118294
-0.116493
-0.113411
-0.110019
-0.10683
-0.104164
-0.101492
-0.097674
-0.091633
-0.082734
-0.071153
-0.058526
-0.046828
-0.036436
-0.026171
-0.01578
-0.006496
0.001129
0.008427
0.016619
0.025149
0.032637
0.038506
0.042935
0.04611
0.048192
0.049591
0.050786
0.052219
0.054282
0.056622
0.057355
0.05383
0.044661
0.030909
0.01537
0.000984
-0.010237
-0.017526
-0.021454
-0.023899
-0.027369
-0.033656
-0.042354
-0.051023
-0.05698
-0.058757
-0.055767
-0.0481
-0.037378
-0.026942
-0.019507
-0.01478
-0.010027
-0.003228
0.005343
0.014084
0.021627
0.026945
0.029645
0.030574
0.03175
0.03457
0.038766
0.043422
0.048285
0.052657
0.053938
0.048921
0.03706
0.02139
0.006493
-0.004207
-0.009305
-0.009236
-0.005683
-0.001094
0.002021
0.001791
-0.002018
-0.007707
-0.012668
-0.01501
-0.014057
-0.010092
-0.004214
0.001658
0.005616
0.00682
0.006092
0.00531
0.006328
0.009962
0.01596
0.023309
0.030516
0.035667
0.037207
0.034875
0.029925
0.023987
0.017884
0.011339
0.00379
-0.004818
-0.013473
-0.020493
-0.024511
-0.025571
-0.024994
-0.024373
-0.024325
-0.024457
-0.023978
-0.022365
-0.019453
-0.015944
-0.013336
-0.013103
-0.015315
-0.018833
-0.022081
-0.023761
-0.023175
-0.021065
-0.01926
-0.019082
-0.019833
-0.019558
-0.01657
-0.010452
-0.002264
0.005373
0.009512
0.008757
0.004179
-0.001818
-0.006923
-0.010026
-0.011591
-0.0131
-0.015164
-0.016573
-0.015538
-0.011911
-0.007664
-0.005953
-0.009442
-0.018816
-0.032074
-0.046025
-0.058327
-0.068023
-0.074378
-0.076685
-0.07508
-0.070722
-0.064858
-0.058444
-0.052316
-0.047066
-0.042655
-0.038564
-0.033975
-0.028259
-0.021724
-0.015971
-0.012441
-0.010919
-0.009813
-0.007859
-0.004483
0.000837
0.008539
0.017925
0.026965
0.033327
0.035797
0.035103
0.033649
0.033668
0.035543
0.037995
0.03992
0.041114
0.041844
0.042408
0.043536
0.045966
0.049479
0.052646
0.053914
0.052311
0.047644
0.040583
0.032848
0.026447
0.022651
0.021533
0.022254
0.023089
0.022024
0.018453
0.01443
0.013251
0.016814
0.024471
0.03375
0.041716
0.046369
0.047551
0.046519
0.044558
0.04208
0.038825
0.033896
0.026002
0.014761
0.002159
-0.008355
-0.01431
-0.015356
-0.012459
-0.00695
-0.000316
0.00608
0.011326
0.015079
0.017433
0.018783
0.019423
0.01926
0.018497
0.018545
0.021471
0.028019
0.03689
0.046161
0.054805
0.0623
0.067639
0.069859
0.069275
0.067363
0.065294
0.063331
0.061141
0.05781
0.051937
0.042989
0.032667
0.024006
0.018923
0.017182
0.017413
0.018007
0.016985
0.012574
0.004493
-0.005581
-0.015428
-0.023662
-0.030012
-0.034535
-0.037315
-0.038696
-0.039621
-0.041123
-0.04347
-0.045756
-0.046678
-0.045789
-0.044037
-0.042683
-0.041874
-0.04066
-0.038542
-0.036243
-0.034563
-0.032816
-0.029406
-0.02384
-0.017278
-0.010791
-0.004187
0.003092
0.01035
0.015762
0.017728
0.015879
0.010909
0.00433
-0.002219
-0.008272
-0.015191
-0.024557
-0.035833
-0.046196
-0.053006
-0.055707
-0.055432
-0.053617
-0.051384
-0.049608
-0.0489
-0.04932
-0.050184
-0.050281
-0.048391
-0.043835
-0.036887
-0.028769
-0.02112
-0.014952
-0.009997
-0.005197
0.000161
0.006031
0.01213
0.01825
0.023894
0.028215
0.030622
0.031181
0.030128
0.027295
0.022173
0.0148
0.006367
-0.001323
-0.007159
-0.011185
-0.013729
-0.014499
-0.012998
-0.009609
-0.005716
-0.00262
-0.000667
0.00079
0.002907
0.006884
0.013402
0.021892
0.030393
0.03683
0.040862
0.043957
0.047578
0.051859
0.056232
0.05996
0.061275
0.057553
0.048345
0.037484
0.030269
0.028412
0.029014
0.028164
0.024332
0.018307
0.011529
0.005004
-0.001072
-0.00736
-0.014759
-0.023227
-0.031128
-0.035838
-0.035412
-0.030067
-0.022288
-0.015345
-0.011558
-0.011467
-0.014167
-0.018065
-0.021386
-0.022107
-0.018527
-0.01059
-0.000408
0.009264
0.016746
0.02133
0.022307
0.019622
0.014972
0.010695
0.0075
0.004274
-0.00033
-0.006961
-0.015414
-0.024367
-0.031782
-0.036419
-0.038468
-0.038551
-0.037096
-0.035031
-0.033739
-0.033841
-0.034861
-0.036178
-0.037306
-0.037488
-0.036032
-0.032739
-0.027349
-0.019549
-0.010309
-0.001969
0.003877
0.007408
0.008793
0.007246
0.00303
-0.001318
-0.003371
-0.003502
-0.004068
-0.006591
-0.010569
-0.014567
-0.017765
-0.020563
-0.023719
-0.027176
-0.030122
-0.032423
-0.035022
-0.038676
-0.042849
-0.046312
-0.048245
-0.048376
-0.046486
-0.042372
-0.036179
-0.028561
-0.020466
-0.012763
-0.005689
0.001059
0.007857
0.014459
0.020055
0.023797
0.025721
0.026828
0.028457
0.031304
0.035003
0.038206
0.039078
0.036349
0.030687
0.024827
0.021484
0.021139
0.022182
0.022879
0.022427
0.020534
0.017202
0.013191
0.009831
0.00808
0.007984
0.008758
0.008902
0.006931
0.002867
-0.001492
-0.004631
-0.006884
-0.008998
-0.010356
-0.010033
-0.008591
-0.007144
-0.005388
-0.002242
0.002331
0.007458
0.012613
0.017394
0.020879
0.022479
0.022997
0.023587
0.024237
0.024217
0.023455
0.022464
0.021784
0.02221
0.0247
0.029025
0.033287
0.035441
0.034898
0.032173
0.027817
0.022795
0.019145
0.01868
0.020959
0.023413
0.023473
0.020002
0.013202
0.00424
-0.004529
-0.009983
-0.009885
-0.004333
0.004466
0.013299
0.018998
0.019391
0.01451
0.006538
-0.001742
-0.008671
-0.013687
-0.016849
-0.018887
-0.021136
-0.024318
-0.027762
-0.03025
-0.031169
-0.030562
-0.029065
-0.02822
-0.02988
-0.034356
-0.039871
-0.043982
-0.045234
-0.043437
-0.039675
-0.035985
-0.033975
-0.033105
-0.031101
-0.026294
-0.01921
-0.011908
-0.006438
-0.003742
-0.003436
-0.004323
-0.005366
-0.006058
-0.005848
-0.003733
0.000884
0.007163
0.013328
0.018299
0.022129
0.024693
0.024857
0.022082
0.017898
0.014666
0.01289
0.011273
0.008769
0.00545
0.001341
-0.003251
-0.00664
-0.006642
-0.003358
0.00109
0.00529
0.00966
0.014358
0.01838
0.020696
0.020839
0.018164
0.012619
0.006128
0.001435
-0.000589
-0.00106
-0.000751
0.000656
0.003324
0.00673
0.010243
0.012973
0.013143
0.009061
0.000939
-0.008757
-0.017156
-0.022564
-0.024699
-0.024052
-0.021838
-0.019751
-0.018911
-0.01851
-0.016522
-0.011804
-0.005255
0.001696
0.008645
0.016011
0.023755
0.03121
0.037493
0.041587
0.042624
0.040796
0.03779
0.035845
0.036197
0.038258
0.04011
0.039738
0.036106
0.029593
0.0218
0.014732
0.009749
0.006898
0.005212
0.00356
0.001201
-0.002402
-0.007532
-0.013685
-0.019332
-0.023013
-0.024488
-0.024503
-0.023522
-0.021374
-0.018307
-0.015861
-0.016057
-0.019501
-0.024448
-0.027813
-0.027259
-0.022524
-0.014951
-0.006052
0.003155
0.011937
0.019762
0.026765
0.033254
0.03873
0.041765
0.041344
0.037664
0.0319
0.025498
0.019913
0.016149
0.01416
0.01268
0.009927
0.004688
-0.002816
-0.01074
-0.016597
-0.018878
-0.018121
-0.016497
-0.016264
-0.018351
-0.022144
-0.026425
-0.030143
-0.032623
-0.033596
-0.033496
-0.033191
-0.033264
-0.033587
-0.033745
-0.033265
-0.03166
-0.028695
-0.024912
-0.02137
-0.019088
-0.018743
-0.020556
-0.023863
-0.027247
-0.029513
-0.030423
-0.030098
-0.028283
-0.024838
-0.020723
-0.0175
-0.015753
-0.014401
-0.012231
-0.009521
-0.007439
-0.006086
-0.004258
-0.00095
0.003906
0.010067
0.016977
0.023207
0.027063
0.028075
0.026826
0.023948
0.02039
0.018359
0.019696
0.023624
0.027419
0.029386
0.029739
0.029103
0.027665
0.02584
0.024367
0.023489
0.022788
0.021838
0.020424
0.018129
0.014376
0.00878
0.001543
-0.006299
-0.012937
-0.016954
-0.018346
-0.018254
-0.017749
-0.017389
-0.017481
-0.017975
-0.018242
-0.017467
-0.015465
-0.012761
-0.010271
-0.008798
-0.008415
-0.007753
-0.005081
-0.000353
0.004276
0.006795
0.007387
0.008146
0.011036
0.01668
0.024307
0.032463
0.03951
0.044203
0.046005
0.045433
0.043662
0.041592
0.038753
0.033871
0.026347
0.017476
0.009749
0.005206
0.003946
0.004516
0.005247
0.005366
0.004897
0.00427
0.003748
0.003047
0.001271
-0.002258
-0.007267
-0.012453
-0.01624
-0.017313
-0.015426
-0.011762
-0.008351
-0.006605
-0.007106
-0.010051
-0.015271
-0.021696
-0.02789
-0.032787
-0.036029
-0.037524
-0.037368
-0.035631
-0.032348
-0.027846
-0.023153
-0.019112
-0.01549
-0.011591
-0.007622
-0.004381
-0.002088
0.000172
0.003607
0.008801
0.015266
0.022138
0.029009
0.035822
0.041686
0.04501
0.045168
0.043265
0.040521
0.037051
0.03258
0.027471
0.022197
0.017005
0.012291
0.008587
0.005702
0.003208
0.001342
0.000564
0.000116
-0.001456
-0.004824
-0.00968
-0.015802
-0.022869
-0.029734
-0.035115
-0.038809
-0.041039
-0.041231
-0.038694
-0.033842
-0.027559
-0.020322
-0.013016
-0.00744
-0.004439
-0.00246
0.000553
0.004324
0.006788
0.006765
0.00484
0.001967
-0.001272
-0.004195
-0.005665
-0.004926
-0.002577
-0.00041
0.000251
-0.000001
0.000551
0.002372
0.003708
0.00232
-0.002482
-0.009578
-0.017109
-0.023319
-0.027012
-0.027951
-0.026958
-0.025361
-0.0239
-0.021991
-0.018183
-0.011768
-0.004018
0.002216
0.004263
0.001237
-0.005525
-0.013347
-0.019683
-0.023265
-0.024221
-0.023506
-0.022186
-0.020984
-0.019936
-0.01839
-0.015257
-0.009912
-0.003128
0.003187
0.007989
0.012344
0.017723
0.023608
0.027969
0.029728
0.029707
0.029506
0.030486
0.033308
0.037911
0.043559
0.049016
0.051909
0.049175
0.039884
0.027569
0.017609
0.012319
0.010337
0.009982
0.010793
0.012228
0.013235
0.013382
0.012903
0.011675
0.009157
0.005372
0.000977
-0.003154
-0.006073
-0.006951
-0.005847
-0.003797
-0.002156
-0.001976
-0.003905
-0.007896
-0.013254
-0.018772
-0.022823
-0.023889
-0.022099
-0.019474
-0.017935
-0.017792
-0.018972
-0.022195
-0.027496
-0.032782
-0.035513
-0.034939
-0.031464
-0.025421
-0.017877
-0.011001
-0.006439
-0.003954
-0.002418
-0.000767
0.001802
0.00573
0.010402
0.014629
0.01768
0.019523
0.020453
0.021135
0.022316
0.024129
0.026103
0.027954
0.029467
0.030036
0.02901
0.026641
0.023649
0.020474
0.017397
0.014924
0.01317
0.011653
0.010211
0.009546
0.010246
0.011919
0.013725
0.015149
0.015796
0.01521
0.01331
0.010454
0.006938
0.003101
-0.000053
-0.001365
-0.000752
0.000626
0.001675
0.001878
0.000671
-0.002607
-0.007616
-0.012793
-0.016471
-0.01778
-0.016779
-0.014262
-0.011343
-0.008669
-0.006495
-0.005264
-0.005232
-0.005299
-0.003825
-0.000862
0.001845
0.003458
0.004746
0.005871
0.005483
0.002839
-0.001001
-0.004731
-0.008048
-0.010934
-0.013032
-0.014414
-0.015713
-0.017233
-0.018676
-0.019909
-0.020989
-0.021526
-0.020828
-0.01866
-0.01532
-0.011341
-0.00749
-0.00455
-0.002579
-0.000825
0.001355
0.003773
0.005699
0.006494
0.006083
0.005275
0.005582
0.008009
0.011874
0.015013
0.015629
0.013748
0.011021
0.00903
0.007983
0.007089
0.005914
0.004507
0.002327
-0.00172
-0.007563
-0.013121
-0.016119
-0.016357
-0.015476
-0.014851
-0.014527
-0.013972
-0.012962
-0.011511
-0.009693
-0.008132
-0.008287
-0.011366
-0.016866
-0.022486
-0.025803
-0.025554
-0.021889
-0.016007
-0.010051
-0.006058
-0.004586
-0.004175
-0.002903
0.000134
0.00472
0.010271
0.015449
0.01817
0.017309
0.014507
0.012402
0.01178
0.011843
0.012795
0.015132
0.016852
0.01443
0.007818
0.001332
-0.001432
-0.001027
0.000432
0.002345
0.004827
0.007319
0.00936
0.011203
0.012513
0.011842
0.008289
0.002836
-0.002512
-0.006129
-0.007107
-0.0056
-0.003355
-0.002656
-0.004019
-0.006271
-0.008917
-0.01262
-0.017012
-0.020628
-0.023652
-0.0277
-0.031189
-0.028832
-0.018799
-0.006974
-0.000094
0.001995
0.003662
0.006368
0.008614
0.01033
0.012842
0.015675
0.016975
0.016476
0.015634
0.015479
0.016043
0.016756
0.01627
0.01309
0.007472
0.001661
-0.002425
-0.004795
-0.006538
-0.008651
-0.011968
-0.016992
-0.023
-0.027986
-0.03017
-0.029487
-0.027331
-0.02524
-0.024019
-0.023757
-0.023925
-0.023597
-0.021925
-0.018744
-0.014486
-0.009825
-0.005219
-0.000987
0.00256
0.004916
0.005956
0.006422
0.007653
0.010383
0.014433
0.019095
0.023227
0.024959
0.023078
0.018773
0.015166
0.014436
0.016179
0.018353
0.018965
0.016997
0.012961
0.008775
0.006213
0.005463
0.005392
0.004944
0.003896
0.002952
0.003322
0.005851
0.010023
0.014009
0.015955
0.015284
0.012996
0.010694
0.009352
0.00871
0.007995
0.006799
0.005314
0.003935
0.003085
0.002827
0.002538
0.001278
-0.001279
-0.004772
-0.008592
-0.011962
-0.013842
-0.01365
-0.011817
-0.009247
-0.006492
-0.004042
-0.002731
-0.003135
-0.004895
-0.007222
-0.009272
-0.00976
-0.007216
-0.001728
0.004452
0.008843
0.010857
0.011422
0.0115
0.011692
0.012654
0.014573
0.016788
0.018522
0.019813
0.02073
0.020786
0.019582
0.017798
0.016215
0.014619
0.012385
0.009895
0.008179
0.007597
0.007476
0.006767
0.004586
0.000602
-0.004476
-0.009092
-0.011698
-0.011468
-0.008459
-0.003694
0.001121
0.004701
0.00695
0.008319
0.008972
0.009236
0.009981
0.011722
0.01386
0.015642
0.017001
0.017818
0.017324
0.015359
0.013158
0.012086
0.012232
0.013019
0.014183
0.015444
0.016049
0.015742
0.015533
0.016677
0.019219
0.021891
0.023101
0.021966
0.018937
0.015336
0.012239
0.00998
0.008855
0.009131
0.010042
0.009802
0.007484
0.004011
0.000884
-0.00108
-0.001516
-0.000285
0.001764
0.002957
0.002202
-0.00032
-0.004028
-0.008308
-0.0122
-0.014958
-0.017155
-0.020015
-0.023583
-0.026665
-0.028695
-0.030409
-0.032617
-0.035235
-0.037878
-0.040319
-0.042055
-0.042179
-0.040266
-0.03701
-0.033815
-0.0317
-0.030694
-0.030015
-0.028797
-0.02659
-0.02345
-0.019834
-0.016518
-0.014147
-0.012539
-0.010854
-0.008522
-0.005486
-0.001611
0.003175
0.008031
0.011597
0.013648
0.015402
0.017846
0.020656
0.023002
0.024344
0.024226
0.022281
0.018681
0.014015
0.00884
0.004081
0.00116
0.000694
0.0015
0.001873
0.001103
-0.000886
-0.004321
-0.008753
-0.012426
-0.013903
-0.013853
-0.014032
-0.015053
-0.016399
-0.017817
-0.019346
-0.020352
-0.019879
-0.017813
-0.014904
-0.011995
-0.009598
-0.007883
-0.00636
-0.004412
-0.002543
-0.002433
-0.004688
-0.007532
-0.008502
-0.006993
-0.004224
-0.001582
0.00023
0.000839
0.000219
-0.001131
-0.002289
-0.00235
-0.000758
0.002133
0.005004
0.006429
0.00617
0.00507
0.003811
0.00218
0.000065
-0.0018
-0.0024
-0.001606
-0.00018
0.00107
0.00188
0.002281
0.002396
0.00259
0.003515
0.005375
0.00725
0.007571
0.005633
0.00237
-0.000513
-0.001834
-0.00128
0.000879
0.003747
0.005953
0.006681
0.0062
0.005035
0.003121
0.000641
-0.001332
-0.001838
-0.001592
-0.001985
-0.003283
-0.004395
-0.004629
-0.004355
-0.004262
-0.00434
-0.00419
-0.003653
-0.003073
-0.002784
-0.002855
-0.003002
-0.002927
-0.002492
-0.001912
-0.001651
-0.00209
-0.003052
-0.003987
-0.004525
-0.004588
-0.004072
-0.003
-0.001823
-0.001206
-0.001283
-0.001781
-0.002569
-0.003746
-0.005022
-0.0059
-0.006361
-0.006885
-0.007518
-0.007712
-0.007172
-0.006263
-0.005189
-0.003536
-0.001167
0.001071
0.002176
0.002093
0.001399
0.000541
-0.00004
0.000469
0.002484
0.005248
0.007539
0.009009
0.010263
0.01192
0.014112
0.016684
0.019232
0.020916
0.02065
0.01798
0.013756
0.00992
0.008053
0.008162
0.009026
0.009671
0.010054
0.010531
0.011311
0.012479
0.013947
0.015127
0.015262
0.014254
0.012836
0.011845
0.011467
0.011278
0.010654
0.00933
0.007475
0.005408
0.003294
0.001424
0.000402
0.000593
0.001547
0.002544
0.003442
0.004346
0.004765
0.003938
0.001851
-0.00088
-0.003941
-0.007146
-0.009744
-0.011018
-0.01167
-0.01345
-0.017279
-0.022322
-0.027034
-0.030346
-0.031996
-0.032252
-0.031357
-0.029049
-0.025101
-0.020391
-0.01644
-0.013752
-0.011599
-0.009779
-0.009165
-0.009964
-0.010632
-0.00957
-0.006857
-0.003875
-0.001792
-0.001277
-0.002527
-0.005125
-0.008008
-0.010341
-0.011929
-0.013057
-0.014027
-0.015175
-0.016643
-0.018266
-0.019711
-0.02096
-0.02205
-0.022838
-0.023067
-0.022801
-0.022188
-0.021254
-0.020064
-0.019054
-0.018577
-0.018491
-0.018302
-0.017448
-0.015222
-0.011348
-0.006809
-0.00349
-0.002552
-0.003535
-0.005026
-0.005724
-0.004862
-0.00258
0.000045
0.001927
0.00291
0.003347
0.00358
0.00423
0.006081
0.008876
0.011229
0.012248
0.012491
0.012747
0.013001
0.013084
0.013322
0.013774
0.013813
0.01303
0.011819
0.01071
0.00975
0.008936
0.008558
0.008862
0.009805
0.011296
0.013332
0.015721
0.018045
0.019899
0.021098
0.02169
0.021975
0.022404
0.023288
0.024678
0.02652
0.028632
0.030466
0.031512
0.032195
0.033713
0.036502
0.039332
0.040538
0.039857
0.038411
0.037224
0.0364
0.035765
0.035446
0.035539
0.035514
0.03465
0.033035
0.031602
0.030989
0.030755
0.029922
0.027901
0.024888
0.02153
0.018537
0.016106
0.013811
0.011091
0.008
0.005049
0.002724
0.001304
0.000911
0.001188
0.001293
0.000603
-0.000665
-0.001959
-0.003175
-0.004555
-0.005966
-0.006945
-0.007286
-0.007357
-0.007443
-0.007449
-0.007365
-0.007772
-0.008937
-0.010121
-0.010257
-0.009096
-0.006861
-0.003849
-0.001078
-0.000612
-0.003348
-0.007331
-0.00966
-0.0098
-0.009317
-0.009476
-0.010428
-0.012454
-0.015662
-0.018936
-0.020531
-0.020115
-0.018858
-0.017913
-0.017528
-0.017618
-0.017835
-0.017425
-0.0157
-0.013059
-0.010489
-0.008563
-0.007099
-0.00591
-0.004953
-0.004219
-0.003828
-0.004147
-0.005201
-0.006393
-0.007219
-0.007963
-0.009009
-0.010002
-0.010311
-0.009907
-0.009095
-0.007903
-0.00644
-0.005151
-0.004399
-0.004144
-0.004343
-0.004932
-0.005327
-0.004705
-0.003117
-0.00159
-0.000763
-0.000273
0.000429
0.001304
0.002005
0.002338
0.002359
0.002257
0.002184
0.002163
0.002303
0.002933
0.004015
0.004549
0.003345
0.000507
-0.002401
-0.003806
-0.003296
-0.001538
0.000391
0.001595
0.001774
0.001179
0.000082
-0.001311
-0.002436
-0.002536
-0.001661
-0.000788
-0.000616
-0.000858
-0.001062
-0.001389
-0.001989
-0.002479
-0.002424
-0.00186
-0.000965
0.000049
0.00082
0.001083
0.001072
0.001067
0.000936
0.000625
0.00081
0.002194
0.004499
0.006573
0.007377
0.006604
0.004773
0.002582
-0.000212
-0.004686
-0.010474
-0.014825
-0.015382
-0.013303
-0.011542
-0.011332
-0.012039
-0.014016
-0.0185
-0.024832
-0.030108
-0.032397
-0.032308
-0.031064
-0.028816
-0.025494
-0.021553
-0.016945
-0.010832
-0.003273
0.003957
0.009041
0.011605
0.012245
0.011955
0.012272
0.014621
0.018763
0.02301
0.02586
0.026349
0.023413
0.01712
0.010224
0.006149
0.005332
0.005314
0.004088
0.00152
-0.002083
-0.006522
-0.010869
-0.013632
-0.014204
-0.013291
-0.012085
-0.011358
-0.01119
-0.011337
-0.012014
-0.013715
-0.016036
-0.017484
-0.017306
-0.016431
-0.016057
-0.016219
-0.016475
-0.016842
-0.017515
-0.018423
-0.019675
-0.021431
-0.023224
-0.024035
-0.023378
-0.021551
-0.019162
-0.016808
-0.015144
-0.014271
-0.013466
-0.011779
-0.009212
-0.006643
-0.005171
-0.005391
-0.00735
-0.010273
-0.012734
-0.013276
-0.011295
-0.007053
-0.001215
0.005361
0.011348
0.01544
0.017315
0.017809
0.017947
0.018268
0.018853
0.019524
0.019763
0.019013
0.01716
0.014807
0.012771
0.011516
0.01077
0.009806
0.007972
0.005237
0.001807
-0.002246
-0.006835
-0.011424
-0.015367
-0.018294
-0.0201
-0.020854
-0.020955
-0.02096
-0.020839
-0.019995
-0.01796
-0.014877
-0.011198
-0.007534
-0.004542
-0.002474
-0.000844
0.001004
0.003378
0.006718
0.011584
0.017374
0.022265
0.025387
0.027919
0.031017
0.034061
0.035944
0.036701
0.036528
0.034773
0.0312
0.02711
0.023995
0.022106
0.021036
0.02043
0.019636
0.017772
0.014808
0.011521
0.00856
0.006297
0.005233
0.005259
0.005317
0.004614
0.00388
0.004332
0.005948
0.007472
0.007816
0.006788
0.004984
0.00333
0.002616
0.003288
0.005612
0.009515
0.014219
0.018505
0.021677
0.023649
0.024316
0.023486
0.021645
0.019664
0.017977
0.016486
0.015471
0.015374
0.016087
0.01691
0.017482
0.017791
0.017867
0.01796
0.018734
0.020186
0.020866
0.019146
0.015246
0.011049
0.008043
0.006336
0.005628
0.006072
0.007684
0.009595
0.010448
0.009515
0.007274
0.004869
0.003054
0.001745
0.000539
-0.000707
-0.00193
-0.003114
-0.004184
-0.004931
-0.005264
-0.005397
-0.00555
-0.005904
-0.006855
-0.008797
-0.01128
-0.012917
-0.012545
-0.010279
-0.007321
-0.005002
-0.004145
-0.004856
-0.00636
-0.00712
-0.005662
-0.001705
0.003489
0.007724
0.009149
0.007483
0.004313
0.00191
0.001589
0.003119
0.005317
0.006674
0.005602
0.001331
-0.004996
-0.010846
-0.014435
-0.015784
-0.015714
-0.014787
-0.013552
-0.013114
-0.014585
-0.018107
-0.022529
-0.026018
-0.027147
-0.025925
-0.023694
-0.021801
-0.020498
-0.019435
-0.018674
-0.018692
-0.019319
-0.019432
-0.018188
-0.016253
-0.015179
-0.01571
-0.01723
-0.018724
-0.019471
-0.018699
-0.015641
-0.010531
-0.004995
-0.00076
0.001736
0.003273
0.004751
0.006378
0.007873
0.008864
0.009129
0.008592
0.00761
0.007017
0.007642
0.009557
0.012283
0.015516
0.019105
0.022432
0.024779
0.026006
0.026408
0.026065
0.024644
0.021249
0.01477
0.005392
-0.003947
-0.00886
-0.006505
0.002771
0.015499
0.025364
0.02553
0.013413
-0.006691
-0.027468
-0.044147
-0.055825
-0.06306
-0.066517
-0.066658
-0.062955
-0.053422
-0.036202
-0.012201
0.013835
0.035262
0.047303
0.049317
0.043946
0.034602
0.023101
0.008607
-0.010144
-0.029516
-0.038759
-0.027742
0.000417
0.027782
0.037451
0.029513
0.016745
0.006652
-0.004708
-0.017761
-0.018458
0.00714
0.048794
0.075251
0.063983
0.022084
-0.023284
-0.048523
-0.047372
-0.029661
-0.010311
0.003212
0.014877
0.030159
0.045016
0.047926
0.031853
0.001264
-0.03186
-0.056631
-0.068112
-0.065156
-0.047097
-0.016502
0.01582
0.010509