-0.000111
0.00008
0.000155
0.000026
-0.000352
-0.000969
-0.001765
-0.002642
-0.003487
-0.004194
-0.004689
-0.004949
-0.004994
-0.004893
-0.00475
-0.004677
-0.00476
-0.005058
-0.005581
-0.006271
-0.007029
-0.007754
-0.008345
-0.008715
-0.008803
-0.008592
-0.008112
-0.007458
-0.006761
-0.006124
-0.005621
-0.005327
-0.005233
-0.005218
-0.005097
-0.004714
-0.003987
-0.002903
-0.001485
0.000206
0.002066
0.003924
0.005589
0.006899
0.007776
0.00824
0.008415
0.008457
0.008493
0.008631
0.008977
0.009686
0.010806
0.01214
0.013423
0.014477
0.015209
0.015549
0.015419
0.014847
0.01401
0.013025
0.011988
0.011148
0.010845
0.011351
0.012673
0.014532
0.016482
0.018177
0.019527
0.020542
0.021156
0.021067
0.02017
0.018929
0.017952
0.017601
0.018047
0.019291
0.021164
0.023398
0.025698
0.027781
0.029363
0.030111
0.029832
0.028576
0.026388
0.023369
0.019986
0.01684
0.014308
0.012487
0.011341
0.011013
0.01156
0.012672
0.013851
0.014624
0.014482
0.013165
0.010935
0.008347
0.005955
0.004235
0.003548
0.004266
0.006308
0.00896
0.011632
0.013983
0.015227
0.014686
0.012451
0.009067
0.005036
0.000291
-0.005153
-0.010469
-0.014764
-0.017698
-0.01905
-0.018742
-0.016956
-0.014331
-0.011856
-0.010385
-0.010175
-0.010637
-0.011027
-0.010982
-0.010264
-0.008759
-0.007022
-0.005647
-0.004618
-0.003646
-0.002526
-0.001122
0.000515
0.001963
0.00233
0.00065
-0.003002
-0.007348
-0.010416
-0.011046
-0.009537
-0.006876
-0.004136
-0.002637
-0.003039
-0.004873
-0.007787
-0.011896
-0.017013
-0.023019
-0.030543
-0.039207
-0.047045
-0.051697
-0.051599
-0.045694
-0.034072
-0.018451
-0.002193
0.010898
0.017355
0.016448
0.01084
0.003855
-0.002142
-0.005302
-0.004967
-0.002091
0.002571
0.008742
0.015103
0.021056
0.029057
0.041305
0.057156
0.072935
0.083763
0.084193
0.072433
0.05174
0.027358
0.00418
-0.012999
-0.021464
-0.021606
-0.016259
-0.009066
-0.002324
0.003286
0.00811
0.012472
0.015665
0.014311
0.00562
-0.009542
-0.026823
-0.040452
-0.045191
-0.038842
-0.02282
-0.001448
0.019918
0.038781
0.055068
0.06768
0.075218
0.077451
0.073511
0.062435
0.044243
0.020657
-0.005829
-0.032142
-0.054668
-0.067884
-0.067667
-0.053082
-0.027586
0.001157
0.021441
0.024696
0.01114
-0.012848
-0.039245
-0.060497
-0.072178
-0.074394
-0.070253
-0.063625
-0.056954
-0.050342
-0.040518
-0.024562
-0.002901
0.020165
0.038993
0.049722
0.051692
0.046283
0.036711
0.026957
0.018808
0.012003
0.005982
-0.00017
-0.007817
-0.016745
-0.025397
-0.032958
-0.039723
-0.046179
-0.052066
-0.056976
-0.06172
-0.067126
-0.07231
-0.075331
-0.074574
-0.06973
-0.061611
-0.051263
-0.038861
-0.023801
-0.005968
0.013422
0.032127
0.047246
0.055642
0.054746
0.044307
0.026745
0.006162
-0.013046
-0.027144
-0.034413
-0.03656
-0.03616
-0.033648
-0.028665
-0.02179
-0.014367
-0.008089
-0.004799
-0.005797
-0.011388
-0.021251
-0.034509
-0.050155
-0.066136
-0.078995
-0.084997
-0.082012
-0.069674
-0.049676
-0.025419
-0.001419
0.018682
0.035146
0.049582
0.060733
0.063716
0.053336
0.028816
-0.004279
-0.035264
-0.055477
-0.062301
-0.057288
-0.043775
-0.0251
-0.003959
0.017499
0.037789
0.055903
0.070785
0.080821
0.083909
0.079522
0.069385
0.05577
0.04097
0.0273
0.016555
0.010215
0.011529
0.022763
0.042075
0.063343
0.07862
0.082347
0.074189
0.059355
0.043838
0.031077
0.022658
0.019227
0.020663
0.026243
0.035026
0.047535
0.064915
0.085987
0.10675
0.121509
0.124708
0.113115
0.087926
0.05414
0.017893
-0.014942
-0.039248
-0.051419
-0.050213
-0.035778
-0.011433
0.015625
0.037938
0.051053
0.054575
0.050168
0.039297
0.021918
-0.002472
-0.033563
-0.06933
-0.106933
-0.140797
-0.163247
-0.168302
-0.155168
-0.127047
-0.090468
-0.054064
-0.026365
-0.01303
-0.016869
-0.035907
-0.063816
-0.095204
-0.126735
-0.154345
-0.174045
-0.183582
-0.181797
-0.168752
-0.145434
-0.115366
-0.085209
-0.062527
-0.052869
-0.058117
-0.07604
-0.102245
-0.130924
-0.155495
-0.170229
-0.172384
-0.161102
-0.137774
-0.10548
-0.067673
-0.02795
0.009368
0.04164
0.069737
0.095196
0.118074
0.136219
0.14758
0.15143
0.1497
0.146255
0.143733
0.142795
0.14289
0.141988
0.136344
0.121786
0.096829
0.064775
0.030981
-0.000231
-0.026504
-0.04777
-0.066435
-0.084846
-0.102796
-0.118443
-0.129858
-0.134933
-0.131753
-0.117626
-0.092674
-0.06113
-0.026696
0.008719
0.043983
0.077924
0.108763
0.131571
0.140446
0.130215
0.101274
0.060622
0.018665
-0.015483
-0.03776
-0.048369
-0.04855
-0.041332
-0.031231
-0.020025
-0.0073
0.006133
0.017195
0.021791
0.016831
0.001648
-0.022218
-0.052158
-0.085165
-0.117004
-0.143285
-0.161189
-0.169236
-0.165811
-0.150132
-0.12353
-0.088133
-0.047636
-0.007328
0.028962
0.060263
0.0862
0.105791
0.11592
0.115224
0.106385
0.094525
0.085123
0.083513
0.091477
0.105842
0.120684
0.130007
0.128224
0.112463
0.082691
0.040221
-0.011177
-0.062172
-0.102066
-0.123498
-0.124688
-0.108793
-0.079767
-0.041881
-0.000144
0.040314
0.075478
0.103002
0.12195
0.129857
0.12518
0.109091
0.084772
0.056515
0.029704
0.009597
0.001133
0.007487
0.028814
0.063138
0.106289
0.152385
0.196037
0.234097
0.266818
0.29599
0.321946
0.343398
0.358672
0.366906
0.368655
0.364262
0.355098
0.3438
0.330949
0.315483
0.298176
0.281062
0.26513
0.25116
0.240517
0.235187
0.235511
0.238463
0.238965
0.232278
0.216372
0.191771
0.158482
0.118447
0.077173
0.039431
0.007433
-0.015631
-0.027998
-0.031117
-0.02583
-0.011769
0.011055
0.041139
0.076099
0.111639
0.142267
0.163036
0.17218
0.170749
0.160654
0.143083
0.117801
0.085174
0.047129
0.007267
-0.030116
-0.061826
-0.086798
-0.106509
-0.124298
-0.144583
-0.170783
-0.204345
-0.245096
-0.292774
-0.347929
-0.409601
-0.473679
-0.53324
-0.581842
-0.614469
-0.626712
-0.614168
-0.571629
-0.497505
-0.392583
-0.264273
-0.126686
0.006598
0.125978
0.221014
0.28532
0.319644
0.329226
0.321221
0.300463
0.271426
0.240157
0.212224
0.19078
0.177314
0.17262
0.177916
0.193555
0.218168
0.248886
0.281241
0.307623
0.32175
0.321873
0.310579
0.29296
0.27354
0.254615
0.236002
0.216878
0.197161
0.178256
0.160825
0.143102
0.123334
0.101514
0.078065
0.05335
0.028398
0.004151
-0.01893
-0.039091
-0.053612
-0.059142
-0.053105
-0.03413
-0.004065
0.031353
0.063608
0.08603
0.09642
0.096479
0.089644
0.077241
0.059458
0.037186
0.01295
-0.009874
-0.028654
-0.042534
-0.051968
-0.058944
-0.066866
-0.079724
-0.099601
-0.124911
-0.151654
-0.175361
-0.19225
-0.20041
-0.199849
-0.192157
-0.179435
-0.163926
-0.147892
-0.133193
-0.12098
-0.112038
-0.106969
-0.105992
-0.108683
-0.113414
-0.116539
-0.115305
-0.109761
-0.101102
-0.09005
-0.07592
-0.0586
-0.040104
-0.023033
-0.009095
0.000148
0.003607
0.000661
-0.008135
-0.020908
-0.035216
-0.049717
-0.065754
-0.085892
-0.111979
-0.143995
-0.179524
-0.213386
-0.242136
-0.266391
-0.287592
-0.306231
-0.32079
-0.329731
-0.332469
-0.328897
-0.319579
-0.306473
-0.291581
-0.275273
-0.257079
-0.237074
-0.21658
-0.198024
-0.184714
-0.179334
-0.18323
-0.197529
-0.221814
-0.253658
-0.288876
-0.322755
-0.351632
-0.373411
-0.386689
-0.391194
-0.387954
-0.378485
-0.364452
-0.3472
-0.328503
-0.311378
-0.300291
-0.299655
-0.311635
-0.334418
-0.362726
-0.390658
-0.413591
-0.42788
-0.431987
-0.426495
-0.413556
-0.395141
-0.369975
-0.33549
-0.291365
-0.24077
-0.188735
-0.139907
-0.096609
-0.056852
-0.016107
0.030242
0.081855
0.133264
0.179868
0.220717
0.256333
0.28643
0.309218
0.322455
0.325826
0.321577
0.312813
0.301374
0.287093
0.269854
0.252907
0.241134
0.238327
0.246179
0.263627
0.285838
0.306381
0.319591
0.322875
0.31686
0.303066
0.282672
0.255755
0.223236
0.188295
0.1563
0.132051
0.116919
0.109958
0.109895
0.114069
0.118628
0.120744
0.118607
0.110284
0.094469
0.071159
0.040168
0.002216
-0.040189
-0.082695
-0.120277
-0.148846
-0.166895
-0.174776
-0.175166
-0.172913
-0.173745
-0.182106
-0.19989
-0.225388
-0.253685
-0.279911
-0.300886
-0.31361
-0.31647
-0.310035
-0.294908
-0.270986
-0.237604
-0.196114
-0.151108
-0.108035
-0.070897
-0.042584
-0.024446
-0.017094
-0.019917
-0.031055
-0.047245
-0.064188
-0.077305
-0.083794
-0.083594
-0.078815
-0.072064
-0.06396
-0.053159
-0.036968
-0.013325
0.01751
0.051812
0.084503
0.111377
0.131245
0.145751
0.156654
0.164782
0.170166
0.172376
0.170607
0.164008
0.152476
0.137023
0.119926
0.104426
0.093444
0.088304
0.087881
0.089613
0.090956
0.089881
0.084966
0.075912
0.063164
0.047227
0.03007
0.015566
0.00677
0.004843
0.01093
0.024654
0.042694
0.06055
0.074623
0.083669
0.087807
0.087133
0.080512
0.066054
0.040824
0.004059
-0.04151
-0.08919
-0.130114
-0.155915
-0.1629
-0.152751
-0.13111
-0.1053
-0.08232
-0.067363
-0.064454
-0.074656
-0.095693
-0.124906
-0.159726
-0.196045
-0.229456
-0.256992
-0.276866
-0.288231
-0.290693
-0.285749
-0.277538
-0.26893
-0.259654
-0.248891
-0.236879
-0.22372
-0.20957
-0.19513
-0.181921
-0.170636
-0.158903
-0.143207
-0.121463
-0.09392
-0.062998
-0.032729
-0.00689
0.012006
0.021485
0.019541
0.006363
-0.015001
-0.040262
-0.064422
-0.082638
-0.092041
-0.091986
-0.081139
-0.060013
-0.032565
-0.003391
0.023874
0.045339
0.057441
0.057602
0.046541
0.028342
0.007389
-0.012046
-0.024397
-0.02631
-0.018969
-0.006621
0.006166
0.016178
0.022382
0.025784
0.028829
0.034165
0.044652
0.060996
0.08051
0.097943
0.108066
0.106999
0.095203
0.078348
0.064869
0.062384
0.075674
0.104832
0.145687
0.189788
0.226536
0.248112
0.252858
0.243739
0.226424
0.207633
0.191434
0.177882
0.162959
0.140888
0.106108
0.058708
0.005516
-0.041882
-0.072313
-0.077303
-0.056861
-0.019476
0.024769
0.066595
0.095453
0.104718
0.094941
0.071914
0.043014
0.014895
-0.010603
-0.036434
-0.064284
-0.091549
-0.111526
-0.117437
-0.104599
-0.069747
-0.01365
0.056647
0.128756
0.188285
0.226769
0.243981
0.240516
0.219208
0.18789
0.155414
0.128765
0.11587
0.122823
0.151634
0.197088
0.24769
0.292291
0.32433
0.339233
0.335645
0.315832
0.283095
0.240671
0.190187
0.133962
0.076874
0.026088
-0.011589
-0.031781
-0.033496
-0.017087
0.014118
0.053038
0.090652
0.11901
0.13216
0.127866
0.107311
0.071372
0.021649
-0.036628
-0.095776
-0.14829
-0.187954
-0.210836
-0.214006
-0.196904
-0.161087
-0.110327
-0.050977
0.008288
0.058347
0.090479
0.098947
0.082928
0.04656
-0.002532
-0.057008
-0.110948
-0.159334
-0.196185
-0.216912
-0.220751
-0.209443
-0.184041
-0.146961
-0.103863
-0.062714
-0.030951
-0.014217
-0.015271
-0.0332
-0.064354
-0.102217
-0.137779
-0.162908
-0.172473
-0.162828
-0.13468
-0.095868
-0.056422
-0.02359
-0.001495
0.008331
0.004961
-0.010114
-0.03195
-0.054948
-0.074912
-0.08919
-0.096292
-0.095016
-0.083049
-0.057732
-0.01782
0.03324
0.085862
0.130016
0.159872
0.173608
0.173114
0.162849
0.147449
0.129918
0.111352
0.092258
0.074406
0.059522
0.047792
0.039223
0.034108
0.031578
0.029299
0.024003
0.014122
0.001103
-0.010671
-0.015895
-0.008357
0.014406
0.0487
0.086372
0.118661
0.137317
0.138726
0.124893
0.099611
0.066796
0.030902
-0.004153
-0.035962
-0.063227
-0.084911
-0.097551
-0.096957
-0.079364
-0.042496
0.01288
0.0798
0.147044
0.202221
0.23673
0.24803
0.240115
0.220807
0.196844
0.172222
0.148926
0.128483
0.112693
0.103833
0.103292
0.110838
0.125022
0.143303
0.161439
0.174029
0.175021
0.162059
0.137925
0.106383
0.071312
0.038225
0.013347
0.001737
0.005262
0.02104
0.041815
0.060443
0.073353
0.079712
0.079333
0.070053
0.049584
0.017413
-0.023847
-0.068808
-0.11106
-0.144919
-0.16521
-0.167633
-0.149828
-0.112546
-0.061546
-0.007241
0.039528
0.071212
0.085796
0.085617
0.071794
0.045483
0.009985
-0.029182
-0.065936
-0.096187
-0.116821
-0.122804
-0.110007
-0.079248
-0.038391
0.002186
0.035004
0.055476
0.06115
0.053697
0.038248
0.019733
0.001794
-0.013044
-0.02378
-0.030633
-0.033364
-0.032314
-0.029329
-0.025715
-0.02138
-0.016393
-0.011299
-0.00638
-0.000988
0.00568
0.012719
0.019002
0.026449
0.039047
0.060116
0.088639
0.119999
0.148977
0.171376
0.184136
0.18707
0.1831
0.177453
0.174144
0.174264
0.177293
0.182662
0.190364
0.201441
0.21812
0.242716
0.276123
0.316566
0.359374
0.397235
0.42253
0.429391
0.414917
0.38125
0.335092
0.283689
0.231906
0.184187
0.144595
0.115128
0.096155
0.088206
0.090073
0.097961
0.107463
0.114242
0.113295
0.101754
0.080232
0.050329
0.014381
-0.023525
-0.060069
-0.09398
-0.12277
-0.143321
-0.154297
-0.156218
-0.150122
-0.138196
-0.124251
-0.11368
-0.110882
-0.117928
-0.134894
-0.159979
-0.189855
-0.220502
-0.248256
-0.26996
-0.283556
-0.289344
-0.289495
-0.285714
-0.278963
-0.270083
-0.260995
-0.254304
-0.252301
-0.255345
-0.261709
-0.269885
-0.27916
-0.287578
-0.293019
-0.294637
-0.291851
-0.284031
-0.271638
-0.255668
-0.235807
-0.21235
-0.187553
-0.164051
-0.143579
-0.126535
-0.112818
-0.102369
-0.094829
-0.089235
-0.08469
-0.081664
-0.082481
-0.087119
-0.091818
-0.090159
-0.077648
-0.053765
-0.023021
0.007306
0.032069
0.050065
0.061857
0.068746
0.072908
0.078191
0.087844
0.101615
0.117453
0.133459
0.146483
0.153776
0.156794
0.158756
0.160926
0.163168
0.165287
0.16666
0.166626
0.164789
0.161859
0.159563
0.15965
0.162605
0.166993
0.170532
0.171707
0.171789
0.173006
0.174525
0.173698
0.168467
0.158008
0.142903
0.125219
0.106935
0.08894
0.072252
0.058219
0.047367
0.039447
0.034556
0.033312
0.036296
0.04367
0.054979
0.070555
0.089412
0.108346
0.124826
0.137878
0.14715
0.153328
0.158436
0.163806
0.169664
0.176169
0.184218
0.195196
0.209458
0.226251
0.246136
0.270368
0.299381
0.331163
0.361675
0.386534
0.402844
0.407085
0.396884
0.372457
0.336727
0.29406
0.246564
0.19414
0.135782
0.071382
0.0033
-0.063148
-0.122957
-0.174175
-0.216605
-0.249811
-0.270223
-0.274837
-0.263784
-0.241815
-0.216635
-0.193914
-0.176742
-0.168531
-0.170927
-0.182149
-0.199629
-0.221169
-0.244278
-0.265714
-0.281463
-0.288075
-0.284588
-0.272153
-0.253246
-0.230062
-0.204706
-0.17923
-0.154168
-0.129959
-0.109104
-0.094203
-0.086159
-0.08485
-0.0893
-0.09778
-0.106757
-0.110755
-0.104817
-0.08702
-0.058178
-0.021249
0.019472
0.059453
0.095084
0.123615
0.144282
0.157997
0.165645
0.16755
0.163116
0.152167
0.135068
0.113155
0.087975
0.058713
0.025491
-0.004957
-0.024635
-0.030398
-0.025804
-0.017394
-0.00825
0.001602
0.012287
0.023116
0.032462
0.037062
0.034213
0.023318
0.005999
-0.015012
-0.037919
-0.061824
-0.085041
-0.105856
-0.123746
-0.139615
-0.154818
-0.167761
-0.17579
-0.177352
-0.173003
-0.164441
-0.1515
-0.131993
-0.102557
-0.061347
-0.010021
0.047517
0.105618
0.157294
0.196475
0.220396
0.230716
0.232462
0.230815
0.228118
0.223849
0.219094
0.217766
0.225537
0.246174
0.279487
0.319951
0.358982
0.387127
0.399217
0.3952
0.376772
0.346281
0.306683
0.262479
0.219198
0.18174
0.152654
0.130996
0.113788
0.098402
0.082196
0.061805
0.033681
-0.003874
-0.049798
-0.101764
-0.15795
-0.216813
-0.276018
-0.330531
-0.37505
-0.405694
-0.420578
-0.420655
-0.409065
-0.390929
-0.371596
-0.354993
-0.343244
-0.337746
-0.338667
-0.343244
-0.347014
-0.345265
-0.332767
-0.305604
-0.260595
-0.197952
-0.122374
-0.042946
0.030846
0.095214
0.150996
0.199201
0.239825
0.272159
0.293073
0.301028
0.299141
0.292728
0.286213
0.28202
0.280434
0.278053
0.272042
0.263025
0.253675
0.24627
0.240784
0.234919
0.224962
0.20785
0.183417
0.155614
0.129474
0.107682
0.090426
0.076474
0.063861
0.050512
0.034791
0.01564
-0.007674
-0.036442
-0.07162
-0.112597
-0.155429
-0.19302
-0.219167
-0.231033
-0.225797
-0.202607
-0.163822
-0.113992
-0.058661
-0.002086
0.051683
0.096978
0.128798
0.144822
0.143543
0.125454
0.093546
0.05314
0.010706
-0.027896
-0.05895
-0.080824
-0.092667
-0.093583
-0.084225
-0.067149
-0.044381
-0.01794
0.009053
0.032194
0.046899
0.048729
0.036127
0.011012
-0.022386
-0.05876
-0.092678
-0.119737
-0.136713
-0.142076
-0.136264
-0.121207
-0.100042
-0.076067
-0.052863
-0.034344
-0.023762
-0.022217
-0.029296
-0.043167
-0.061236
-0.080044
-0.095646
-0.103592
-0.101153
-0.088112
-0.067714
-0.045546
-0.026015
-0.011256
-0.003019
-0.001869
-0.006528
-0.015415
-0.02739
-0.041782
-0.058052
-0.075823
-0.094908
-0.114512
-0.131586
-0.142311
-0.143635
-0.135325
-0.121112
-0.109138
-0.10644
-0.11395
-0.128196
-0.14492
-0.161995
-0.179237
-0.196903
-0.214721
-0.231597
-0.244321
-0.248763
-0.240222
-0.216687
-0.179968
-0.135345
-0.089589
-0.047733
-0.011673
0.019338
0.04672
0.071251
0.092018
0.108343
0.121425
0.133389
0.145901
0.16011
0.176839
0.196913
0.22027
0.24549
0.270223
0.291787
0.30613
0.310374
0.304222
0.28919
0.267862
0.242517
0.215086
0.187228
0.160475
0.135874
0.113347
0.091821
0.069943
0.046315
0.019434
-0.012855
-0.051351
-0.092934
-0.132911
-0.167548
-0.193914
-0.210506
-0.21726
-0.215893
-0.209245
-0.19941
-0.187352
-0.173467
-0.159014
-0.146937
-0.141404
-0.145808
-0.160335
-0.182057
-0.207301
-0.232294
-0.252959
-0.264557
-0.26455
-0.255384
-0.2413
-0.225102
-0.209455
-0.196941
-0.188392
-0.183182
-0.180421
-0.179566
-0.180426
-0.183232
-0.187313
-0.189864
-0.187709
-0.179185
-0.164544
-0.146172
-0.128713
-0.115373
-0.105669
-0.096521
-0.084779
-0.068531
-0.048602
-0.028349
-0.010302
0.005208
0.018478
0.030669
0.044286
0.060511
0.077907
0.092821
0.102355
0.106459
0.107404
0.10776
0.107823
0.106826
0.105717
0.106583
0.111439
0.122657
0.141125
0.163804
0.185683
0.202464
0.212005
0.214828
0.213951
0.212521
0.211906
0.212049
0.21239
0.212082
0.210218
0.205555
0.197607
0.18669
0.171508
0.149949
0.120506
0.083625
0.041323
-0.005172
-0.054539
-0.102108
-0.141361
-0.166751
-0.177854
-0.179709
-0.178791
-0.179255
-0.18162
-0.18535
-0.190766
-0.199097
-0.211417
-0.227822
-0.246867
-0.266013
-0.28253
-0.294145
-0.297999
-0.292284
-0.276836
-0.250971
-0.214803
-0.17197
-0.12782
-0.086485
-0.049768
-0.017684
0.009615
0.031816
0.048654
0.060537
0.068606
0.073236
0.07444
0.072319
0.067205
0.059385
0.048419
0.034109
0.017594
0.000724
-0.014537
-0.025059
-0.028079
-0.023894
-0.015059
-0.004409
0.005463
0.012921
0.019107
0.026043
0.034412
0.043057
0.049996
0.053954
0.054544
0.051188
0.044148
0.035182
0.026719
0.020655
0.017933
0.018274
0.02051
0.023644
0.027581
0.034101
0.045514
0.0635
0.087452
0.114142
0.138471
0.156382
0.166306
0.168398
0.163333
0.150588
0.130038
0.103509
0.07398
0.044485
0.018732
-0.000306
-0.012234
-0.018783
-0.022193
-0.0233
-0.021818
-0.018076
-0.012995
-0.007286
-0.00287
-0.002742
-0.008728
-0.020239
-0.034725
-0.049464
-0.062641
-0.073652
-0.082615
-0.090001
-0.096346
-0.101839
-0.104638
-0.10243
-0.094049
-0.079959
-0.061461
-0.041287
-0.022768
-0.008545
0.001345
0.009453
0.018453
0.029421
0.041626
0.053144
0.061629
0.064644
0.060118
0.047162
0.027831
0.008001
-0.006461
-0.012528
-0.009023
0.00347
0.022186
0.043626
0.064979
0.083202
0.094871
0.096496
0.086816
0.067638
0.042205
0.014324
-0.010827
-0.028457
-0.035735
-0.031362
-0.01498
0.01343
0.051223
0.090953
0.12377
0.14294
0.144548
0.129033
0.100821
0.065862
0.029197
-0.003971
-0.028713
-0.042011
-0.042953
-0.030912
-0.00772
0.021419
0.050301
0.07313
0.083548
0.078323
0.059343
0.030875
-0.001937
-0.032841
-0.056724
-0.071132
-0.075219
-0.068986
-0.051191
-0.022275
0.013615
0.050118
0.08111
0.101693
0.10941
0.103817
0.086453
0.060515
0.029155
-0.00518
-0.041189
-0.076283
-0.106003
-0.127254
-0.139877
-0.144882
-0.14403
-0.139368
-0.131562
-0.120567
-0.106966
-0.093209
-0.083593
-0.08165
-0.087789
-0.098662
-0.110456
-0.122166
-0.132409
-0.138087
-0.138095
-0.13442
-0.130246
-0.126984
-0.123678
-0.119897
-0.116257
-0.112983
-0.109389
-0.104362
-0.097611
-0.089962
-0.082611
-0.076672
-0.07318
-0.072771
-0.075289
-0.079791
-0.085501
-0.092923
-0.10163
-0.10934
-0.113859
-0.114452
-0.111408
-0.105935
-0.099635
-0.092627
-0.083658
-0.07117
-0.05482
-0.036097
-0.018363
-0.005072
0.002231
0.003944
0.001162
-0.004355
-0.010668
-0.017306
-0.025418
-0.037034
-0.052159
-0.068238
-0.083085
-0.094893
-0.09879
-0.090515
-0.069631
-0.038724
-0.00226
0.034872
0.069725
0.102327
0.133171
0.161899
0.187404
0.208772
0.225229
0.236481
0.24338
0.249039
0.25655
0.26611
0.275676
0.282779
0.285277
0.282892
0.2776
0.271312
0.264068
0.254972
0.243685
0.230874
0.217786
0.205615
0.19449
0.183066
0.167972
0.146088
0.116075
0.079709
0.0415
0.007191
-0.019304
-0.036844
-0.04676
-0.051785
-0.054209
-0.055214
-0.054374
-0.051011
-0.045246
-0.038782
-0.034047
-0.032967
-0.035542
-0.039706
-0.043009
-0.044096
-0.043067
-0.04092
-0.038998
-0.038584
-0.040103
-0.041631
-0.040659
-0.036743
-0.031566
-0.027484
-0.02557
-0.025661
-0.028274
-0.034057
-0.042523
-0.050983
-0.05632
-0.0586
-0.060271
-0.06384
-0.070077
-0.077784
-0.084102
-0.086945
-0.086387
-0.08295
-0.076352
-0.066054
-0.052469
-0.037645
-0.024243
-0.014484
-0.009753
-0.009652
-0.010982
-0.010453
-0.006574
0.001716
0.014844
0.030692
0.046465
0.06079
0.073186
0.083417
0.091043
0.095563
0.096189
0.092464
0.084497
0.072244
0.05624
0.039177
0.02417
0.012883
0.004853
-0.001052
-0.003978
-0.002858
0.001781
0.009485
0.019883
0.031388
0.042119
0.051983
0.062417
0.074722
0.087935
0.100096
0.109734
0.116259
0.119948
0.122658
0.127073
0.135737
0.147828
0.158374
0.161608
0.154219
0.134535
0.101266
0.05213
-0.012406
-0.086004
-0.156706
-0.213475
-0.250416
-0.267429
-0.269141
-0.261575
-0.250413
-0.239939
-0.233482
-0.23339
-0.240626
-0.254132
-0.271421
-0.290309
-0.309476
-0.325231
-0.332653
-0.326857
-0.305555
-0.269467
-0.224735
-0.179928
-0.138312
-0.098548
-0.059636
-0.021528
0.015038
0.046406
0.068426
0.078755
0.077023
0.064303
0.043053
0.017132
-0.009841
-0.034145
-0.05229
-0.06434
-0.07335
-0.080686
-0.085957
-0.088244
-0.086451
-0.080453
-0.072532
-0.066241
-0.064475
-0.068038
-0.075569
-0.083908
-0.089038
-0.085517
-0.068914
-0.037482
0.008093
0.064045
0.123462
0.179624
0.228455
0.268864
0.302029
0.329413
0.351209
0.365265
0.368598
0.359942
0.340148
0.312296
0.280229
0.247029
0.214597
0.184125
0.156324
0.131701
0.110233
0.091423
0.075359
0.062312
0.051481
0.042309
0.035671
0.032364
0.031617
0.030728
0.026742
0.017807
0.003026
-0.017192
-0.039933
-0.06219
-0.083967
-0.10623
-0.12859
-0.148666
-0.163903
-0.172865
-0.176509
-0.177884
-0.180356
-0.186059
-0.195723
-0.209216
-0.226117
-0.244867
-0.262536
-0.275164
-0.280624
-0.279994
-0.274521
-0.264278
-0.248774
-0.227972
-0.201564
-0.171916
-0.144451
-0.123655
-0.1105
-0.103429
-0.098767
-0.091506
-0.077438
-0.054773
-0.023375
0.014131
0.052258
0.086385
0.114526
0.136003
0.15077
0.159075
0.161717
0.160458
0.157103
0.153367
0.150445
0.149749
0.153002
0.161834
0.176054
0.192409
0.205627
0.210306
0.202756
0.182566
0.151058
0.111133
0.066921
0.023992
-0.01201
-0.036764
-0.049448
-0.052412
-0.049214
-0.043448
-0.038496
-0.037274
-0.042177
-0.053821
-0.070254
-0.087175
-0.099818
-0.103463
-0.094735
-0.07231
-0.03798
0.003958
0.049977
0.096755
0.139626
0.1733
0.193719
0.197427
0.183171
0.151518
0.105508
0.0505
-0.008005
-0.064118
-0.109756
-0.139802
-0.155034
-0.158125
-0.152051
-0.140462
-0.128104
-0.120178
-0.11998
-0.127874
-0.142788
-0.162132
-0.181225
-0.194484
-0.198187
-0.192739
-0.181097
-0.165467
-0.1469
-0.126534
-0.107432
-0.092843
-0.083603
-0.077689
-0.071495
-0.062187
-0.049294
-0.034788
-0.021194
-0.010135
-0.001136
0.008156
0.020569
0.037469
0.058022
0.079784
0.099465
0.113005
0.117835
0.114457
0.105573
0.094368
0.082015
0.068072
0.051087
0.031875
0.014225
0.001412
-0.005422
-0.004399
0.004442
0.017296
0.028962
0.035832
0.03775
0.036066
0.030888
0.022357
0.012013
0.002266
-0.004708
-0.007369
-0.005913
-0.002053
0.003524
0.010607
0.017291
0.02171
0.023821
0.024607
0.025312
0.027852
0.033712
0.043063
0.054251
0.064364
0.070615
0.072665
0.073949
0.079372
0.09252
0.114039
0.140961
0.166696
0.185514
0.195586
0.199447
0.201961
0.208245
0.219637
0.232918
0.244349
0.251281
0.248573
0.232398
0.20315
0.163996
0.119707
0.076234
0.038216
0.00705
-0.01937
-0.044611
-0.068969
-0.089941
-0.104363
-0.110446
-0.108042
-0.0978
-0.081839
-0.065029
-0.052601
-0.047746
-0.049668
-0.05483
-0.059718
-0.062376
-0.06206
-0.059259
-0.05522
-0.050746
-0.045596
-0.038737
-0.03042
-0.022413
-0.015388
-0.00897
-0.003436
0.00098
0.004533
0.005853
0.002955
-0.004787
-0.016296
-0.029837
-0.043857
-0.057071
-0.067713
-0.074972
-0.07986
-0.083562
-0.086827
-0.091206
-0.097464
-0.103595
-0.107342
-0.107963
-0.104905
-0.097941
-0.08795
-0.07633
-0.064122
-0.051294
-0.037417
-0.022706
-0.008266
0.004431
0.014795
0.023447
0.031501
0.039901
0.049183
0.059575
0.071157
0.08389
0.097137
0.10889
0.116904
0.119782
0.116754
0.107988
0.094358
0.077605
0.060187
0.044259
0.030882
0.01988
0.010336
0.001323
-0.00642
-0.010947
-0.010409
-0.004778
0.004053
0.012999
0.019267
0.022435
0.023502
0.022893
0.021097
0.019653
0.021502
0.029577
0.046483
0.071748
0.100889
0.128077
0.149511
0.165331
0.177716
0.188455
0.19787
0.205303
0.209512
0.209454
0.203992
0.192619
0.176302
0.15775
0.140324
0.126751
0.118438
0.11536
0.115875
0.117344
0.116856
0.111487
0.098699
0.07862
0.053614
0.024386
-0.008361
-0.041489
-0.070761
-0.093287
-0.108738
-0.118668
-0.124725
-0.127716
-0.128005
-0.126252
-0.123846
-0.122691
-0.123695
-0.126065
-0.128362
-0.129721
-0.130437
-0.13175
-0.1352
-0.140827
-0.146473
-0.14729
-0.140565
-0.128535
-0.114641
-0.101276
-0.091821
-0.089067
-0.093425
-0.102642
-0.112983
-0.121491
-0.126732
-0.127979
-0.126139
-0.123672
-0.121381
-0.118002
-0.111637
-0.10181
-0.0896
-0.07531
-0.058499
-0.039902
-0.021765
-0.006921
0.003647
0.011649
0.020809
0.034175
0.052701
0.076176
0.10394
0.13422
0.164458
0.192082
0.21682
0.240811
0.264517
0.286336
0.30488
0.319162
0.327972
0.331639
0.33207
0.330146
0.326473
0.322599
0.319008
0.314694
0.308967
0.301873
0.293169
0.282227
0.268498
0.252021
0.232974
0.21039
0.183715
0.153757
0.120929
0.085451
0.049025
0.01433
-0.016081
-0.040577
-0.059074
-0.072373
-0.080887
-0.083529
-0.081211
-0.077743
-0.076366
-0.078536
-0.085173
-0.096195
-0.110143
-0.124855
-0.138457
-0.149711
-0.158332
-0.164719
-0.168674
-0.169744
-0.168571
-0.165952
-0.161799
-0.156552
-0.151334
-0.146401
-0.141654
-0.137867
-0.136076
-0.136759
-0.139849
-0.144804
-0.151116
-0.158201
-0.165348
-0.17224
-0.178917
-0.185137
-0.190626
-0.19543
-0.200051
-0.2052
-0.21105
-0.216566
-0.219306
-0.216795
-0.207642
-0.190632
-0.165728
-0.134467
-0.098782
-0.06037
-0.020684
0.018734
0.056002
0.089187
0.116796
0.137888
0.152709
0.162392
0.169029
0.175016
0.180747
0.184909
0.186199
0.183876
0.177211
0.166663
0.154175
0.141571
0.129999
0.120213
0.112358
0.106059
0.101575
0.099597
0.100804
0.104619
0.109026
0.111716
0.111206
0.106605
0.097507
0.083791
0.065775
0.044406
0.021395
-0.001758
-0.024497
-0.047046
-0.069174
-0.087887
-0.099475
-0.101689
-0.093585
-0.074986
-0.045672
-0.007493
0.03401
0.07277
0.105087
0.129709
0.147104
0.157527
0.161012
0.157707
0.148343
0.134349
0.116515
0.096104
0.075953
0.059352
0.048494
0.043723
0.043687
0.046029
0.047617
0.045515
0.039595
0.031994
0.024928
0.018641
0.011451
0.001989
-0.009644
-0.022313
-0.034511
-0.044801
-0.052319
-0.057162
-0.060296
-0.062902
-0.065719
-0.068942
-0.072431
-0.075974
-0.079162
-0.081093
-0.081154
-0.079663
-0.07778
-0.076549
-0.076027
-0.075693
-0.075434
-0.077123
-0.083066
-0.093522
-0.107175
-0.122649
-0.137952
-0.150797
-0.159681
-0.164348
-0.165257
-0.16368
-0.161336
-0.159195
-0.157596
-0.157152
-0.158052
-0.15955
-0.160603
-0.160767
-0.160461
-0.160279
-0.160153
-0.15844
-0.15348
-0.146457
-0.139329
-0.132153
-0.123776
-0.113417
-0.101604
-0.089657
-0.078743
-0.069617
-0.06236
-0.055541
-0.047494
-0.038003
-0.02694
-0.012997
0.005957
0.030153
0.055204
0.076366
0.09231
0.10426
0.114319
0.125138
0.138151
0.152689
0.167172
0.180123
0.189784
0.196152
0.202451
0.211545
0.223616
0.236948
0.249692
0.26075
0.269032
0.273048
0.272439
0.268476
0.262679
0.256309
0.25022
0.244095
0.236483
0.224287
0.205301
0.179725
0.149385
0.116307
0.081248
0.044873
0.009558
-0.022001
-0.048155
-0.06769
-0.080031
-0.084823
-0.081637
-0.070519
-0.054209
-0.037318
-0.022826
-0.012711
-0.009215
-0.012921
-0.022426
-0.03743
-0.057496
-0.080422
-0.102967
-0.122479
-0.138099
-0.149624
-0.155245
-0.154256
-0.148982
-0.143692
-0.141651
-0.143237
-0.147607
-0.154434
-0.163336
-0.173081
-0.181061
-0.18522
-0.185173
-0.180957
-0.173088
-0.163983
-0.156327
-0.151167
-0.147783
-0.144552
-0.140316
-0.134557
-0.126875
-0.117294
-0.106492
-0.095188
-0.084029
-0.074035
-0.066522
-0.062579
-0.062066
-0.063601
-0.065824
-0.068013
-0.070017
-0.071429
-0.071518
-0.069371
-0.064547
-0.0571
-0.047754
-0.037665
-0.027767
-0.018478
-0.009829
-0.00173
0.006198
0.015891
0.029008
0.044429
0.060117
0.075324
0.090077
0.104156
0.116356
0.125303
0.130172
0.130827
0.127933
0.122884
0.117549
0.114012
0.113888
0.117922
0.126331
0.138643
0.153588
0.169325
0.183709
0.194376
0.199875
0.200472
0.196773
0.188543
0.175588
0.158573
0.138071
0.11593
0.095868
0.080131
0.068492
0.060921
0.05723
0.055495
0.052702
0.046206
0.034812
0.01907
0.000559
-0.019257
-0.039572
-0.060117
-0.080217
-0.097224
-0.109844
-0.120204
-0.130372
-0.14021
-0.147017
-0.149073
-0.147711
-0.145155
-0.142765
-0.140896
-0.139122
-0.136186
-0.13085
-0.122477
-0.110891
-0.096701
-0.08177
-0.068067
-0.0567
-0.047593
-0.039851
-0.032087
-0.023602
-0.015087
-0.008893
-0.007162
-0.009503
-0.014108
-0.019943
-0.025542
-0.028765
-0.02875
-0.026004
-0.021087
-0.014551
-0.007037
0.001456
0.010737
0.018892
0.024224
0.026863
0.027944
0.028557
0.029274
0.030849
0.034815
0.042478
0.053975
0.068402
0.084089
0.098866
0.111761
0.123297
0.133622
0.142255
0.148555
0.151328
0.14898
0.140709
0.12711
0.109452
0.089747
0.070566
0.053558
0.039179
0.027836
0.019897
0.015403
0.014056
0.014946
0.016548
0.016992
0.014514
0.00849
-0.00045
-0.011711
-0.024312
-0.035818
-0.044312
-0.049696
-0.052348
-0.05269
-0.05146
-0.049969
-0.049592
-0.050008
-0.049904
-0.049572
-0.050414
-0.053537
-0.059072
-0.065612
-0.069216
-0.066825
-0.05902
-0.046936
-0.030639
-0.011333
0.00837
0.025651
0.038279
0.044877
0.044686
0.03807
0.02618
0.010568
-0.007147
-0.02487
-0.040005
-0.049118
-0.05056
-0.045811
-0.037096
-0.026219
-0.015617
-0.007097
-0.0004
0.004447
0.006274
0.004873
0.001256
-0.003725
-0.01005
-0.018168
-0.027416
-0.03632
-0.04383
-0.049149
-0.05124
-0.050019
-0.04663
-0.042382
-0.037768
-0.032143
-0.024547
-0.014522
-0.002054
0.011557
0.022983
0.030137
0.033749
0.03521
0.035437
0.034967
0.034428
0.034386
0.033882
0.031301
0.026246
0.01865
0.007768
-0.005351
-0.018186
-0.030553
-0.043448
-0.056522
-0.068347
-0.077737
-0.084607
-0.089532
-0.092645
-0.094082
-0.094323
-0.093478
-0.091973
-0.091953
-0.095282
-0.101721
-0.108921
-0.114583
-0.118991
-0.123603
-0.128923
-0.133848
-0.136408
-0.134222
-0.125627
-0.10993
-0.088812
-0.066089
-0.045325
-0.027878
-0.012595
0.001245
0.012644
0.020759
0.026218
0.031026
0.03694
0.044328
0.052361
0.059813
0.065216
0.06884
0.073431
0.080953
0.091026
0.101839
0.111225
0.116815
0.117014
0.111874
0.10362
0.094515
0.08433
0.072442
0.059698
0.047321
0.03598
0.025825
0.017427
0.012269
0.012018
0.017073
0.026073
0.036927
0.048115
0.059048
0.069425
0.077771
0.082969
0.085846
0.087371
0.087361
0.084909
0.079881
0.073895
0.068796
0.065225
0.062359
0.059056
0.055069
0.051209
0.048455
0.045901
0.041531
0.03505
0.027217
0.018272
0.008758
-0.000337
-0.008967
-0.017109
-0.023174
-0.025467
-0.023716
-0.019112
-0.013659
-0.009379
-0.006527
-0.003506
0.000195
0.003376
0.004244
0.001901
-0.003362
-0.010763
-0.019041
-0.025625
-0.02886
-0.029794
-0.0303
-0.031279
-0.032062
-0.031985
-0.031789
-0.03219
-0.032866
-0.03332
-0.033613
-0.03469
-0.037537
-0.042238
-0.046931
-0.049266
-0.048602
-0.045346
-0.039555
-0.031578
-0.022595
-0.014378
-0.008295
-0.004786
-0.003319
-0.002666
-0.001381
0.001027
0.00328
0.004032
0.002829
-0.000981
-0.007816
-0.016748
-0.025532
-0.031651
-0.034785
-0.036511
-0.038233
-0.040572
-0.043652
-0.046224
-0.046536
-0.044346
-0.040959
-0.037966
-0.036298
-0.036032
-0.036743
-0.038145
-0.040507
-0.043171
-0.04414
-0.041728
-0.035434
-0.025035
-0.011786
0.001287
0.01219
0.021329
0.031427
0.044203
0.058402
0.071551
0.082002
0.089333
0.09405
0.096963
0.099688
0.104225
0.111047
0.118617
0.123896
0.124748
0.121083
0.113827
0.104031
0.092125
0.078484
0.064146
0.0512
0.04173
0.036743
0.035992
0.038645
0.043722
0.050067
0.056245
0.061454
0.066465
0.072909
0.081538
0.089677
0.093758
0.092759
0.087326
0.078279
0.06725
0.055891
0.043666
0.029942
0.01584
0.002827
-0.008035
-0.014605
-0.015729
-0.012831
-0.008257
-0.004042
-0.002311
-0.004478
-0.010655
-0.019958
-0.031054
-0.043026
-0.055015
-0.065329
-0.073115
-0.079299
-0.084751
-0.089221
-0.091186
-0.089622
-0.084823
-0.07711
-0.066684
-0.054755
-0.044223
-0.039423
-0.042202
-0.050605
-0.061354
-0.072008
-0.081594
-0.090027
-0.097211
-0.102237
-0.103728
-0.100065
-0.090755
-0.077041
-0.061118
-0.045171
-0.030569
-0.01844
-0.010102
-0.005844
-0.004482
-0.004506
-0.005101
-0.006407
-0.007638
-0.007152
-0.004791
-0.001296
0.003881
0.011259
0.020193
0.029496
0.038095
0.044831
0.048624
0.048863
0.046662
0.044497
0.045257
0.049666
0.055618
0.061246
0.066126
0.069829
0.071626
0.070684
0.065998
0.057017
0.044558
0.030888
0.019181
0.011212
0.006708
0.005686
0.008531
0.014809
0.022735
0.029802
0.034761
0.037735
0.037959
0.034661
0.02826
0.019751
0.010084
-0.000117
-0.010652
-0.021701
-0.032561
-0.041736
-0.048868
-0.054473
-0.058502
-0.060931
-0.062466
-0.064199
-0.066754
-0.069073
-0.070185
-0.070624
-0.071903
-0.075152
-0.080013
-0.084878
-0.0878
-0.088032
-0.085904
-0.080519
-0.071199
-0.059177
-0.046083
-0.033053
-0.021765
-0.013544
-0.007933
-0.003434
0.001378
0.007163
0.013931
0.021287
0.028484
0.034555
0.039555
0.044162
0.047907
0.04926
0.046617
0.039963
0.031027
0.021302
0.01224
0.006155
0.004522
0.006873
0.011857
0.018573
0.027686
0.03915
0.050784
0.059193
0.061794
0.057232
0.045974
0.029825
0.010491
-0.010396
-0.029947
-0.045148
-0.054099
-0.056554
-0.053576
-0.045732
-0.033952
-0.02081
-0.009684
-0.003401
-0.003729
-0.010404
-0.020878
-0.032942
-0.045896
-0.05806
-0.067097
-0.072222
-0.074128
-0.073882
-0.072203
-0.069186
-0.063648
-0.055028
-0.044789
-0.035614
-0.029798
-0.027855
-0.028759
-0.030998
-0.03338
-0.03509
-0.035093
-0.032518
-0.027303
-0.019682
-0.009772
0.001923
0.014348
0.026413
0.03737
0.046875
0.054511
0.05989
0.062732
0.063043
0.060874
0.057523
0.055274
0.05495
0.05612
0.058611
0.061855
0.064236
0.063377
0.057619
0.046701
0.031419
0.012977
-0.007329
-0.028039
-0.047331
-0.063665
-0.076228
-0.084767
-0.089425
-0.089766
-0.086004
-0.07975
-0.072669
-0.065787
-0.060382
-0.057588
-0.057483
-0.058985
-0.060278
-0.059156
-0.054345
-0.046413
-0.037126
-0.028105
-0.0188
-0.007773
0.003829
0.013695
0.020803
0.025476
0.028345
0.028702
0.025862
0.02067
0.014871
0.010053
0.007037
0.006118
0.007715
0.011806
0.017414
0.022759
0.026296
0.02752
0.025783
0.019676
0.009483
-0.002463
-0.013954
-0.023661
-0.030713
-0.034513
-0.034723
-0.030497
-0.021697
-0.009744
0.003384
0.015931
0.025853
0.032041
0.035682
0.038224
0.039841
0.040299
0.039646
0.037762
0.035209
0.033573
0.033962
0.036265
0.039696
0.044027
0.050088
0.057367
0.063384
0.06525
0.062192
0.056294
0.049191
0.040626
0.030605
0.019988
0.009439
-0.000876
-0.010888
-0.019457
-0.025234
-0.028138
-0.029143
-0.029103
-0.027452
-0.022858
-0.014586
-0.003378
0.008825
0.019824
0.027955
0.032398
0.033429
0.0322
0.029555
0.025733
0.021135
0.017078
0.0161
0.019458
0.026142
0.036123
0.050125
0.066851
0.083221
0.095921
0.102631
0.102717
0.096167
0.084042
0.068299
0.049639
0.027791
0.004822
-0.015007
-0.026804
-0.028951
-0.024028
-0.015255
-0.004911
0.005025
0.012887
0.017481
0.017876
0.013758
0.00563
-0.00549
-0.018651
-0.033502
-0.049778
-0.065945
-0.079864
-0.089821
-0.095123
-0.095826
-0.09119
-0.081497
-0.069938
-0.058682
-0.046998
-0.035006
-0.024347
-0.016013
-0.00976
-0.004632
0.00031
0.005007
0.006454
0.002955
-0.002819
-0.007518
-0.009807
-0.009722
-0.007994
-0.005553
-0.002479
0.001672
0.00596
0.00916
0.011767
0.014216
0.015489
0.014185
0.010228
0.005927
0.003372
0.002487
0.002035
0.000981
-0.000842
-0.003477
-0.00746
-0.011889
-0.014453
-0.013937
-0.010378
-0.003798
0.004474
0.011812
0.017278
0.021501
0.024644
0.026483
0.027036
0.026036
0.023113
0.017948
0.011562
0.006478
0.004288
0.004595
0.006193
0.008966
0.014658
0.023389
0.032632
0.039629
0.043455
0.045098
0.045997
0.04693
0.047794
0.048085
0.047355
0.04514
0.041057
0.035832
0.031016
0.028125
0.027269
0.026959
0.025983
0.02418
0.02152
0.018367
0.016021
0.015777
0.018172
0.023172
0.029901
0.036478
0.041577
0.044979
0.046102
0.044383
0.040349
0.035133
0.029784
0.025279
0.022232
0.020415
0.018913
0.016669
0.013941
0.011883
0.01057
0.00951
0.008994
0.009392
0.010385
0.010765
0.009738
0.00811
0.00703
0.006813
0.007116
0.007471
0.007559
0.006613
0.003415
-0.001842
-0.007601
-0.012764
-0.017559
-0.023044
-0.028856
-0.033285
-0.035378
-0.035511
-0.034694
-0.034145
-0.034818
-0.036805
-0.039368
-0.041447
-0.043506
-0.047443
-0.053266
-0.059379
-0.065345
-0.071551
-0.077887
-0.083226
-0.085887
-0.083801
-0.07634
-0.064913
-0.050662
-0.034334
-0.018866
-0.007648
-0.002004
-0.001115
-0.003068
-0.00636
-0.010239
-0.014511
-0.019285
-0.024622
-0.029389
-0.031621
-0.02903
-0.021073
-0.009558
0.003032
0.014916
0.025315
0.033567
0.038379
0.039296
0.037263
0.033183
0.027777
0.022036
0.017333
0.014965
0.015243
0.017503
0.020896
0.025543
0.032263
0.040009
0.046228
0.048862
0.047394
0.042674
0.036631
0.031123
0.026111
0.02118
0.017334
0.015511
0.015226
0.014797
0.013035
0.010629
0.008735
0.007872
0.008381
0.010397
0.013617
0.018326
0.025481
0.034786
0.044605
0.053652
0.061535
0.068291
0.073068
0.074389
0.07067
0.061879
0.050049
0.038425
0.029755
0.024579
0.021712
0.019705
0.017066
0.012653
0.007128
0.001962
-0.002814
-0.007698
-0.012642
-0.018018
-0.024416
-0.031071
-0.03645
-0.039407
-0.040359
-0.040643
-0.040471
-0.039309
-0.037191
-0.035172
-0.034727
-0.03651
-0.04
-0.043671
-0.046076
-0.04654
-0.045309
-0.043383
-0.042675
-0.044092
-0.046461
-0.047145
-0.044153
-0.037941
-0.030891
-0.025612
-0.022712
-0.02117
-0.02116
-0.023385
-0.027461
-0.032225
-0.036508
-0.039689
-0.041736
-0.042926
-0.043255
-0.042417
-0.040564
-0.038453
-0.036991
-0.037423
-0.041002
-0.046705
-0.052169
-0.057348
-0.06282
-0.067227
-0.06863
-0.066139
-0.059736
-0.049763
-0.036226
-0.020106
-0.003499
0.012579
0.027414
0.038154
0.043254
0.044666
0.045145
0.046067
0.046797
0.046767
0.046725
0.047279
0.048127
0.048379
0.047884
0.047747
0.048362
0.048851
0.048222
0.045886
0.041192
0.033628
0.02346
0.01285
0.004029
-0.003114
-0.009838
-0.0166
-0.021987
-0.024422
-0.02457
-0.023656
-0.021462
-0.017249
-0.011096
-0.004104
0.002119
0.006044
0.006888
0.004966
0.001506
-0.001848
-0.003428
-0.00218
0.001959
0.008162
0.015064
0.021037
0.024908
0.026383
0.026023
0.024637
0.022121
0.018526
0.014712
0.010516
0.004779
-0.002831
-0.011579
-0.020491
-0.029067
-0.037504
-0.046877
-0.057837
-0.069541
-0.081232
-0.092847
-0.102714
-0.108922
-0.111962
-0.112848
-0.111029
-0.104895
-0.094048
-0.0813
-0.069357
-0.058134
-0.047643
-0.039271
-0.034639
-0.034637
-0.039438
-0.047164
-0.054258
-0.057912
-0.057455
-0.053917
-0.048167
-0.040169
-0.029757
-0.017692
-0.006356
0.002326
0.008349
0.012613
0.015744
0.017149
0.016474
0.014724
0.013172
0.012415
0.012505
0.013031
0.013241
0.013186
0.013801
0.015505
0.018222
0.022452
0.0279
0.032842
0.036002
0.037584
0.039306
0.042353
0.046339
0.050521
0.054938
0.060692
0.068624
0.078463
0.090157
0.103772
0.118007
0.130991
0.141681
0.148894
0.150998
0.146273
0.134846
0.119273
0.102992
0.088643
0.077427
0.069236
0.063788
0.060973
0.060724
0.062187
0.06387
0.064277
0.062873
0.060188
0.056898
0.053213
0.04886
0.043183
0.035235
0.024718
0.012638
0.001455
-0.007332
-0.015946
-0.026896
-0.040036
-0.053087
-0.063699
-0.070596
-0.073917
-0.074525
-0.07306
-0.070087
-0.066924
-0.06474
-0.063699
-0.06371
-0.064804
-0.066751
-0.069089
-0.071305
-0.072352
-0.070918
-0.066889
-0.0616
-0.057007
-0.053422
-0.049273
-0.044447
-0.040355
-0.037225
-0.034653
-0.03289
-0.032249
-0.032386
-0.032081
-0.030582
-0.028553
-0.026375
-0.023325
-0.018091
-0.009852
0.001394
0.013998
0.025151
0.032825
0.036688
0.037265
0.035806
0.033883
0.031703
0.028371
0.02348
0.017859
0.013145
0.009954
0.007643
0.005629
0.004186
0.004346
0.006624
0.010409
0.014619
0.01856
0.022648
0.02776
0.034191
0.040329
0.043761
0.042627
0.037474
0.031125
0.025857
0.02222
0.020101
0.018994
0.018034
0.016623
0.014347
0.009959
0.002905
-0.005264
-0.012692
-0.018517
-0.022327
-0.024117
-0.024541
-0.024787
-0.025984
-0.027881
-0.029426
-0.030211
-0.030999
-0.033193
-0.037499
-0.043337
-0.049036
-0.053605
-0.057752
-0.062425
-0.067448
-0.070775
-0.070623
-0.067177
-0.061424
-0.054083
-0.045685
-0.036971
-0.029064
-0.022275
-0.015672
-0.008481
-0.00089
0.005792
0.01031
0.012387
0.013336
0.015124
0.018711
0.023839
0.029653
0.035025
0.039075
0.041749
0.043072
0.041984
0.037742
0.030912
0.022565
0.01334
0.002824
-0.009352
-0.022583
-0.035298
-0.045678
-0.051768
-0.053067
-0.050992
-0.046914
-0.041483
-0.035139
-0.028479
-0.022128
-0.016624
-0.012115
-0.007932
-0.003547
0.000276
0.002356
0.002419
0.00246
0.004747
0.009105
0.013957
0.01827
0.022402
0.026773
0.029187
0.027837
0.023882
0.019503
0.016065
0.013831
0.012524
0.011911
0.012012
0.01296
0.014745
0.016867
0.018169
0.0182
0.017675
0.017224
0.016806
0.016076
0.014867
0.013399
0.012161
0.011504
0.010918
0.009863
0.008657
0.008773
0.011656
0.017075
0.023484
0.029299
0.03341
0.035279
0.0348
0.032734
0.030948
0.030805
0.032354
0.035311
0.039322
0.043596
0.046573
0.046296
0.042155
0.035558
0.029735
0.027017
0.027271
0.029266
0.032037
0.035511
0.040578
0.048888
0.060397
0.072881
0.084046
0.092622
0.097773
0.098728
0.094893
0.086388
0.074461
0.061085
0.048021
0.036341
0.02684
0.019773
0.01394
0.008135
0.002394
-0.003391
-0.01001
-0.017954
-0.027031
-0.03652
-0.045253
-0.052018
-0.056427
-0.058681
-0.058682
-0.056513
-0.052851
-0.04813
-0.042695
-0.03727
-0.032723
-0.029746
-0.029429
-0.032644
-0.039313
-0.047793
-0.055167
-0.058557
-0.056604
-0.050239
-0.04144
-0.031532
-0.022059
-0.015012
-0.011239
-0.010315
-0.011932
-0.016065
-0.022691
-0.031739
-0.042196
-0.050578
-0.054247
-0.053702
-0.050632
-0.046414
-0.041991
-0.038497
-0.037614
-0.040002
-0.044511
-0.048788
-0.050265
-0.046375
-0.036551
-0.022489
-0.005203
0.014457
0.033364
0.048379
0.058521
0.06413
0.065977
0.064291
0.059399
0.052262
0.044148
0.036372
0.030558
0.027493
0.0264
0.026604
0.02822
0.031089
0.034122
0.035303
0.032797
0.025891
0.015281
0.002712
-0.009412
-0.018719
-0.023489
-0.023556
-0.020121
-0.014491
-0.007214
0.001834
0.011855
0.021022
0.027824
0.03147
0.031409
0.027453
0.020003
0.009739
-0.002417
-0.015434
-0.027023
-0.034025
-0.0354
-0.032767
-0.028696
-0.025476
-0.024533
-0.025558
-0.027256
-0.028933
-0.031001
-0.034485
-0.039669
-0.045548
-0.05016
-0.052115
-0.051409
-0.048104
-0.041807
-0.032297
-0.020522
-0.008667
0.001975
0.011628
0.01937
0.023769
0.025105
0.025336
0.026757
0.030346
0.03539
0.039983
0.042751
0.043793
0.043953
0.043836
0.0429
0.040135
0.034882
0.027856
0.020809
0.014869
0.009985
0.00556
0.001445
-0.001722
-0.002977
-0.001917
0.000894
0.00423
0.00691
0.009183
0.012458
0.018212
0.026678
0.036673
0.046733
0.055796
0.062868
0.066968
0.067075
0.063662
0.058653
0.052495
0.044342
0.033619
0.021675
0.011424
0.00458
0.000874
-0.000347
0.000241
0.001612
0.001957
-0.000255
-0.004362
-0.008993
-0.01386
-0.018391
-0.021481
-0.02343
-0.025209
-0.026782
-0.028052
-0.029628
-0.031978
-0.034845
-0.037203
-0.03881
-0.040556
-0.042198
-0.042662
-0.042259
-0.041684
-0.040607
-0.03847
-0.035252
-0.031321
-0.026867
-0.021573
-0.015764
-0.010708
-0.007816
-0.007274
-0.007465
-0.006717
-0.004548
-0.001347
0.002335
0.006186
0.009831
0.012659
0.014443
0.015339
0.01491
0.012745
0.009219
0.005527
0.002785
0.000608
-0.001954
-0.005003
-0.007492
-0.008054
-0.006282
-0.002853
0.00124
0.005648
0.010712
0.016543
0.022497
0.02719
0.029775
0.030656
0.030779
0.030932
0.031312
0.031108
0.028728
0.024451
0.020395
0.017877
0.016343
0.014029
0.009823
0.004077
-0.002138
-0.007888
-0.01276
-0.016409
-0.01841
-0.018827
-0.017952
-0.014986
-0.009816
-0.004116
0.000445
0.003221
0.003867
0.002516
-0.000053
-0.003052
-0.005753
-0.006578
-0.004635
-0.001162
0.002231
0.004849
0.006365
0.006961
0.007815
0.009492
0.01107
0.011005
0.008488
0.003977
-0.001479
-0.007052
-0.01241
-0.018011
-0.026181
-0.037582
-0.048898
-0.057363
-0.063067
-0.066813
-0.069118
-0.070352
-0.070366
-0.068728
-0.065556
-0.061655
-0.057928
-0.054953
-0.052867
-0.05151
-0.050954
-0.052478
-0.056216
-0.059829
-0.061282
-0.060122
-0.055839
-0.048378
-0.039068
-0.030422
-0.024553
-0.020473
-0.015847
-0.009885
-0.004152
-0.00087
0.000496
0.002403
0.006368
0.012335
0.019403
0.026763
0.034227
0.042543
0.051598
0.059503
0.06481
0.067773
0.069532
0.070903
0.071699
0.071692
0.071259
0.071062
0.071565
0.072748
0.073837
0.073562
0.070694
0.064867
0.056641
0.046235
0.033196
0.018714
0.005422
-0.00439
-0.009865
-0.011256
-0.009043
-0.003832
0.003443
0.011636
0.019572
0.025485
0.027664
0.026394
0.023071
0.018249
0.012802
0.008459
0.005754
0.004002
0.002757
0.002198
0.002712
0.004383
0.006811
0.009269
0.01102
0.011476
0.00993
0.005721
-0.001566
-0.011472
-0.022611
-0.033554
-0.043324
-0.051065
-0.056214
-0.05859
-0.058744
-0.057895
-0.057119
-0.05696
-0.057311
-0.057117
-0.054803
-0.050865
-0.047096
-0.043026
-0.037358
-0.030402
-0.023219
-0.016407
-0.009452
-0.001733
0.006417
0.013368
0.017241
0.017815
0.016544
0.015192
0.014832
0.015666
0.017402
0.019671
0.02218
0.024393
0.025437
0.024879
0.023024
0.020403
0.01713
0.012749
0.007576
0.002676
-0.001853
-0.006412
-0.010588
-0.013941
-0.016865
-0.020751
-0.026665
-0.033971
-0.041476
-0.048645
-0.055496
-0.061796
-0.06568
-0.06493
-0.058492
-0.047684
-0.035192
-0.022303
-0.009386
0.002663
0.012941
0.020876
0.025193
0.025609
0.024477
0.023602
0.022572
0.020855
0.018987
0.018072
0.018915
0.021564
0.025375
0.029386
0.032655
0.034214
0.032975
0.028168
0.01977
0.008203
-0.005221
-0.018102
-0.028203
-0.034539
-0.037612
-0.038249
-0.036116
-0.031117
-0.024332
-0.016749
-0.009379
-0.00426
-0.001939
-0.000652
-0.000712
-0.003852
-0.008719
-0.012128
-0.011986
-0.008353
-0.002721
0.003962
0.011049
0.017285
0.021318
0.022422
0.020391
0.015779
0.0098
0.00364
-0.0019
-0.005969
-0.008007
-0.008244
-0.007374
-0.006048
-0.004638
-0.003282
-0.002046
-0.000995
-0.000287
-0.000493
-0.002239
-0.005425
-0.009118
-0.011914
-0.013168
-0.013376
-0.013435
-0.014183
-0.016506
-0.020639
-0.025912
-0.031445
-0.036633
-0.041218
-0.044807
-0.046699
-0.046651
-0.044837
-0.040432
-0.033531
-0.026398
-0.020109
-0.013868
-0.008186
-0.004388
-0.00282
-0.003277
-0.005363
-0.007845
-0.009136
-0.00812
-0.00519
-0.001847
0.00195
0.007034
0.012156
0.015507
0.01675
0.01661
0.016002
0.0154
0.014838
0.014327
0.014914
0.017812
0.021891
0.025274
0.028014
0.031109
0.034981
0.03874
0.041235
0.042118
0.041453
0.039275
0.036392
0.034156
0.033775
0.03482
0.034952
0.032121
0.026235
0.019365
0.013625
0.009489
0.006173
0.002799
-0.000385
-0.002655
-0.003799
-0.004104
-0.003966
-0.003614
-0.002883
-0.000961
0.002613
0.007237
0.01142
0.013999
0.015605
0.01742
0.019703
0.0215
0.021617
0.019758
0.015985
0.009819
0.002118
-0.004786
-0.009522
-0.012596
-0.015758
-0.020144
-0.025348
-0.02974
-0.031933
-0.031897
-0.030552
-0.028902
-0.027498
-0.026441
-0.025675
-0.025497
-0.026678
-0.029581
-0.03362
-0.037285
-0.039404
-0.039998
-0.039724
-0.039191
-0.038619
-0.037953
-0.037092
-0.036054
-0.034966
-0.033987
-0.033211
-0.032539
-0.031073
-0.027421
-0.022165
-0.017403
-0.014196
-0.012095
-0.010072
-0.007549
-0.004368
0.000353
0.006663
0.012244
0.01509
0.014974
0.011855
0.006352
0.001112
-0.001653
-0.001605
0.001411
0.007162
0.013319
0.017624
0.019984
0.022522
0.027187
0.032701
0.037223
0.041227
0.044995
0.047867
0.050801
0.054963
0.059237
0.062109
0.063603
0.065732
0.069909
0.074377
0.076699
0.076107
0.072813
0.067458
0.061028
0.054769
0.049914
0.046882
0.045199
0.044183
0.043397
0.04272
0.042139
0.041584
0.040875
0.039815
0.038282
0.036308
0.033792
0.029588
0.023111
0.016397
0.011369
0.007756
0.004392
0.000736
-0.002441
-0.004278
-0.005068
-0.006652
-0.010709
-0.015938
-0.020542
-0.024986
-0.0295
-0.033167
-0.036604
-0.040773
-0.044516
-0.046365
-0.046282
-0.045176
-0.044005
-0.043143
-0.042097
-0.040069
-0.037918
-0.037258
-0.037908
-0.038643
-0.038793
-0.038456
-0.038131
-0.038208
-0.038777
-0.039644
-0.040516
-0.04112
-0.041318
-0.041549
-0.043103
-0.045006
-0.043969
-0.039514
-0.034204
-0.030181
-0.027213
-0.023404
-0.018659
-0.014718
-0.012659
-0.012126
-0.012024
-0.011435
-0.009728
-0.00553
0.00173
0.010505
0.018922
0.026341
0.033652
0.041466
0.048278
0.052505
0.053949
0.05236
0.047993
0.043203
0.039557
0.036109
0.032588
0.030125
0.029387
0.030032
0.030967
0.029865
0.024583
0.01587
0.006404
-0.001444
-0.007093
-0.01154
-0.015962
-0.020842
-0.025929
-0.030739
-0.034881
-0.037796
-0.039172
-0.039473
-0.03955
-0.04029
-0.043169
-0.049137
-0.056307
-0.06215
-0.065952
-0.068414
-0.070514
-0.072636
-0.074069
-0.07306
-0.069624
-0.065813
-0.062085
-0.057588
-0.05262
-0.048128
-0.044474
-0.0409
-0.036726
-0.033309
-0.032158
-0.032897
-0.033118
-0.030897
-0.028846
-0.029842
-0.032643
-0.034585
-0.034385
-0.032462
-0.030437
-0.030619
-0.033566
-0.037576
-0.040933
-0.04337
-0.046068
-0.049338
-0.051813
-0.052944
-0.053565
-0.054457
-0.055432
-0.055361
-0.053075
-0.048145
-0.040595
-0.030791
-0.019173
-0.006361
0.006813
0.01975
0.031973
0.042855
0.052569
0.062408
0.073833
0.08697
0.099591
0.110066
0.119037
0.127357
0.135122
0.142201
0.147984
0.151249
0.151666
0.150298
0.148449
0.146628
0.144095
0.139736
0.13303
0.124485
0.1151
0.105616
0.09621
0.086726
0.076981
0.066598
0.054351
0.040762
0.028858
0.020167
0.013888
0.010051
0.009604
0.013177
0.019159
0.024579
0.028402
0.030842
0.031224
0.028992
0.024648
0.019141
0.013479
0.008781
0.005565
0.003476
0.00197
0.000776
-0.000145
-0.001456
-0.004398
-0.008397
-0.011792
-0.015267
-0.020208
-0.02634
-0.032647
-0.038648
-0.044964
-0.05175
-0.057462
-0.06164
-0.065615
-0.069359
-0.072196
-0.075282
-0.079334
-0.08313
-0.085549
-0.087085
-0.089947
-0.09426
-0.096687
-0.095706
-0.093027
-0.090597
-0.089007
-0.08756
-0.08447
-0.078116
-0.068708
-0.058374
-0.050064
-0.044292
-0.038884
-0.032561
-0.025764
-0.019348
-0.014077
-0.010467
-0.008328
-0.006931
-0.00566
-0.004311
-0.003008
-0.001924
-0.0011
-0.000413
0.00033
0.001297
0.00257
0.004152
0.006003
0.008059
0.010241
0.01244
0.014511
0.016291
0.017644
0.018495
0.01887
0.01865
0.016697
0.012198
0.007047
0.003607
0.002363
0.002419
0.002649
0.0025
0.002012
0.001475
0.001042
0.000937
0.002446
0.006413
0.011628
0.016438
0.020325
0.024285
0.029528
0.036203
0.043239
0.049132
0.053249
0.055886
0.0571
0.057581
0.05906
0.061552
0.063264
0.063097
0.061413
0.059281
0.057546
0.056185
0.053532
0.04827
0.041354
0.034472
0.028279
0.021903
0.014362
0.006275
-0.001139
-0.007436
-0.013407
-0.019833
-0.025434
-0.029316
-0.032889
-0.03678
-0.039928
-0.04154
-0.041908
-0.041687
-0.040498
-0.037371
-0.033345
-0.030398
-0.029187
-0.02907
-0.029085
-0.028755
-0.027817
-0.025188
-0.020952
-0.017318
-0.015921
-0.016533
-0.017869
-0.018781
-0.018706
-0.017201
-0.014205
-0.011473
-0.010633
-0.011136
-0.011677
-0.011819
-0.01252
-0.014918
-0.019052
-0.023733
-0.027328
-0.029072
-0.029241
-0.028459
-0.027116
-0.025289
-0.022985
-0.020059
-0.015259
-0.007843
0.001062
0.008849
0.013152
0.013828
0.013018
0.013929
0.01737
0.021547
0.026021
0.031459
0.037189
0.044069
0.055052
0.069013
0.081425
0.089617
0.094024
0.096404
0.102053
0.100689
0.097006
0.092123
0.087885
0.085397
0.084334
0.083223
0.081345
0.080063
0.079859
0.079214
0.07732
0.074479
0.070536
0.065217
0.058866
0.052635
0.047475
0.04287
0.038545
0.035691
0.03473
0.034771
0.035515
0.037156
0.039556
0.042336
0.044706
0.044318
0.03986
0.033589
0.02835
0.025058
0.023006
0.021143
0.01885
0.015455
0.010189
0.004229
-0.000471
-0.004515
-0.008988
-0.013114
-0.016395
-0.019408
-0.022166
-0.024252
-0.025614
-0.026485
-0.027114
-0.027583
-0.027844
-0.027807
-0.027446
-0.026813
-0.026018
-0.024989
-0.023059
-0.019814
-0.015755
-0.012144
-0.010048
-0.009465
-0.009946
-0.011401
-0.013778
-0.016566
-0.018624
-0.019112
-0.018304
-0.017372
-0.017447
-0.018104
-0.017942
-0.015737
-0.011796
-0.007773
-0.004914
-0.003304
-0.002253
-0.000394
0.00369
0.009195
0.014078
0.01867
0.024466
0.031849
0.039724
0.046579
0.051786
0.055467
0.057591
0.058209
0.057699
0.056473
0.054805
0.052851
0.050763
0.048538
0.045197
0.040113
0.035098
0.032272
0.031753
0.031423
0.029139
0.025764
0.023043
0.020979
0.018616
0.015441
0.012102
0.009289
0.006448
0.002429
-0.003367
-0.01002
-0.015898
-0.019727
-0.021455
-0.022084
-0.022656
-0.023652
-0.025001
-0.02641
-0.027649
-0.028643
-0.029412
-0.029994
-0.030428
-0.030603
-0.029628
-0.026615
-0.022852
-0.020376
-0.019948
-0.021766
-0.025857
-0.030696
-0.034295
-0.036218
-0.037889
-0.04134
-0.046722
-0.052462
-0.057114
-0.059978
-0.060829
-0.060017
-0.058271
-0.056184
-0.054023
-0.051826
-0.049619
-0.047397
-0.044721
-0.041227
-0.037221
-0.033604
-0.031325
-0.030516
-0.030212
-0.028443
-0.024685
-0.020609
-0.017317
-0.014432
-0.011191
-0.00699
-0.00157
0.003964
0.008088
0.011382
0.014931
0.018005
0.019162
0.017905
0.015387
0.013023
0.010925
0.008859
0.007093
0.005897
0.005232
0.004828
0.003884
0.001388
-0.00204
-0.004661
-0.005647
-0.005403
-0.004818
-0.004491
-0.004531
-0.004687
-0.004281
-0.002202
0.001262
0.004347
0.005869
0.005958
0.005389
0.004789
0.004314
0.003796
0.003049
0.001982
0.000166
-0.003083
-0.007037
-0.009974
-0.011096
-0.011226
-0.012117
-0.013984
-0.015614
-0.017016
-0.018758
-0.020205
-0.020618
-0.020284
-0.020753
-0.023028
-0.025987
-0.028607
-0.031264
-0.033813
-0.035431
-0.035816
-0.035344
-0.034461
-0.03275
-0.029549
-0.0254
-0.021406
-0.018078
-0.015001
-0.011497
-0.00779
-0.004581
-0.002118
0.000106
0.002835
0.00598
0.009064
0.01225
0.015709
0.019007
0.021416
0.022567
0.022723
0.022409
0.02193
0.020984
0.019068
0.016117
0.01253
0.00882
0.005353
0.002198
-0.001045
-0.004427
-0.006918
-0.007709
-0.007061
-0.005793
-0.004638
-0.003926
-0.003657
-0.003708
-0.003987
-0.004564
-0.005887
-0.008208
-0.011171
-0.013934
-0.015743
-0.016501
-0.016616
-0.016524
-0.016206
-0.015418
-0.01449
-0.014146
-0.01496
-0.016716
-0.018514
-0.019724
-0.020204
-0.019836
-0.01861
-0.016826
-0.015055
-0.013781
-0.012975
-0.012015
-0.010057
-0.007417
-0.005355
-0.004629
-0.00507
-0.006045
-0.007007
-0.007655
-0.007646
-0.006878
-0.005836
-0.004992
-0.004383
-0.003814
-0.003037
-0.001737
-0.000028
0.001432
0.002178
0.002187
0.001468
0.000273
-0.000722
-0.001051
-0.000725
-0.000002
0.000995
0.002424
0.004182
0.005827
0.007296
0.008716
0.009856
0.010445
0.010569
0.010717
0.011292
0.012062
0.012766
0.013574
0.014717
0.016117
0.017274
0.017761
0.01758
0.016964
0.016087
0.01478
0.012956
0.010963
0.009052
0.007117
0.005065
0.003053
0.001492
0.000482
-0.000316
-0.001059
-0.001641
-0.002034
-0.002449
-0.003242
-0.004545
-0.006181
-0.00785
-0.009252
-0.010123
-0.010575
-0.010952
-0.011279
-0.011435
-0.011579
-0.011921
-0.012443
-0.012702
-0.012415
-0.012048
-0.012053
-0.012332
-0.012716
-0.013116
-0.013289
-0.01296
-0.012047
-0.010831
-0.009737
-0.008813
-0.007903
-0.006964
-0.006183
-0.005803
-0.005874
-0.006239
-0.0067
-0.007119
-0.007455
-0.007711
-0.007903
-0.008016
-0.007963
-0.007586
-0.006751
-0.005498
-0.004165
-0.003124
-0.00253
-0.002103
-0.00146
-0.000719
-0.000234
-0.000125
-0.000286
-0.00053
-0.000737
-0.000868
-0.000964
-0.001183
-0.001688
-0.002284
-0.002619
-0.002569
-0.002306
-0.002111
-0.002131
-0.002315
-0.002549
-0.00275
-0.002909
-0.003051
-0.003218
-0.003491
-0.003837
-0.004039
-0.00405
-0.004033
-0.003994
-0.003836
-0.00361
-0.003426
-0.003326
-0.003234
-0.003075
-0.0029
-0.002728
-0.002452
-0.002055
-0.001602
-0.001045
-0.000369
0.000269
0.000779
0.001201
0.001606
0.002029
0.002496
0.002964
0.003362
0.003707
0.00407
0.004455
0.004847
0.005255
0.005735
0.006311
0.006913
0.007445
0.007866
0.00815
0.008293
0.00832
0.008261
0.008125
0.00796
0.007822
0.00769
0.007531
0.007378
0.00726
0.007166
0.007088
0.007042
0.007036
0.007049
0.00703
0.006975
0.006916
0.006888
0.006904
0.006972
0.007047
0.007073
0.007045
0.00699
0.006916
0.006813
0.006666
0.006475
0.006253
0.006026
0.005821
0.00566
0.005553
0.005501
0.005495
0.005518
0.005547
0.005561
0.005537
0.005465
0.005341
0.005172
0.004966
0.004741
0.004525
0.004355
0.004246
0.004192
0.004165
0.004143
0.004109
0.004058
0.003978
0.003868
0.003721
0.003545
0.003358
0.003185
0.003042
0.002953
0.002928
0.002963
0.003031
0.003107
0.003169
0.003207
0.003203
0.00315
0.003051
0.002926
0.002792
0.002669
0.00257
0.002513
0.002497
0.002515
0.002543
0.002559
0.002538
0.002466
0.002328
0.002127
0.001874
0.001588
0.00129
0.001007
0.000757
0.000553
0.000392
0.000265
0.000153
0.000036
-0.000109
-0.000294
-0.000528
-0.000804
-0.001109
-0.001421
-0.001715
-0.001967
-0.002162
-0.002293
-0.002363
-0.002386
-0.002385
-0.002382
-0.0024
-0.00245
-0.002538
-0.002657
-0.002792
-0.002917
-0.003008
-0.003042
-0.003008
-0.002906
-0.002753
-0.002572
-0.002397
-0.002256
-0.002177
-0.002168
-0.002231
-0.002354
-0.002519
-0.002702
-0.002873
-0.003
-0.00306
-0.003039
-0.002948
-0.002813
-0.002674
-0.002574