0.012566
0.011569
0.011011
0.00993
0.008764
0.007873
0.007377
0.00749
0.008062
0.008637
0.008798
0.008383
0.007479
0.006733
0.005912
0.00385
0.000777
-0.002239
-0.004478
-0.005901
-0.006189
-0.003734
0.001828
0.008285
0.01275
0.013823
0.012059
0.008826
0.005965
0.005889
0.009165
0.01319
0.017353
0.022152
0.024418
0.025441
0.028152
0.029582
0.029616
0.030031
0.031479
0.027692
0.012342
-0.00346
-0.013975
-0.024292
-0.026116
-0.011173
0.012285
0.031806
0.039091
0.034182
0.023876
0.005729
-0.019504
-0.029965
-0.021578
-0.012786
-0.002859
0.012852
0.027933
0.034958
0.034698
0.032219
0.015066
-0.022232
-0.059173
-0.078533
-0.073621
-0.044446
0.002915
0.054288
0.086295
0.090723
0.078471
0.059564
0.037186
0.008061
-0.025488
-0.055684
-0.081177
-0.086475
-0.062231
-0.027009
0.012261
0.049937
0.071751
0.077393
0.06804
0.041877
0.006282
-0.023514
-0.040675
-0.052074
-0.051471
-0.029776
-0.000073
0.026128
0.04935
0.070248
0.080364
0.069332
0.041404
0.007713
-0.038183
-0.085352
-0.105536
-0.110016
-0.094723
-0.044868
0.016628
0.076867
0.126466
0.13128
0.089758
0.038621
-0.031539
-0.106682
-0.130124
-0.119553
-0.099559
-0.052544
0.011857
0.063639
0.093338
0.098299
0.080938
0.05832
0.034414
0.017601
0.01384
0.008822
0.007875
0.009956
-0.003017
-0.02336
-0.036384
-0.033903
-0.018915
-0.004787
0.008332
0.012958
0.002762
-0.011183
-0.028116
-0.047172
-0.061851
-0.071968
-0.071783
-0.05831
-0.03459
-0.000759
0.030207
0.048068
0.055524
0.052814
0.046173
0.044242
0.043586
0.03587
0.023523
0.007145
-0.021781
-0.055772
-0.07472
-0.073034
-0.057793
-0.038519
-0.026555
-0.028604
-0.043963
-0.060879
-0.065048
-0.059872
-0.045578
-0.019081
0.006494
0.001466
-0.044504
-0.100303
-0.145713
-0.166561
-0.157978
-0.130396
-0.068261
0.007766
0.048196
0.068086
0.081894
0.071496
0.048174
0.04126
0.054502
0.076965
0.110593
0.149639
0.179981
0.195005
0.191361
0.154869
0.084948
0.016071
-0.044346
-0.100923
-0.120518
-0.102529
-0.080335
-0.058812
-0.040956
-0.03736
-0.045621
-0.058674
-0.064177
-0.054094
-0.038291
-0.034193
-0.035714
-0.017533
0.012536
0.03664
0.059662
0.07386
0.064959
0.038451
0.002513
-0.037831
-0.062677
-0.053922
-0.023695
-0.002048
-0.011856
-0.047212
-0.075944
-0.087926
-0.092491
-0.090678
-0.090584
-0.099615
-0.116062
-0.137542
-0.144244
-0.127391
-0.119081
-0.131714
-0.145882
-0.156268
-0.161772
-0.153304
-0.132982
-0.109804
-0.087713
-0.06638
-0.041956
-0.010869
0.027495
0.070698
0.109764
0.138181
0.15333
0.151065
0.143651
0.150861
0.172123
0.194082
0.217037
0.232927
0.225435
0.207407
0.199565
0.217085
0.242212
0.227784
0.17918
0.150736
0.150961
0.12274
0.068415
0.047128
0.056682
0.069086
0.079871
0.09166
0.098306
0.109847
0.135835
0.137718
0.084556
0.01986
0.041139
0.117948
0.109177
0.06801
0.11322
0.168392
0.14445
0.089741
0.052526
0.037885
0.057206
0.085058
0.091472
0.081382
0.074105
0.078503
0.086384
0.090919
0.093593
0.109105
0.136733
0.136291
0.093363
0.048665
0.022781
0.002418
-0.013386
-0.028175
-0.060702
-0.107236
-0.165064
-0.246913
-0.342997
-0.407829
-0.393658
-0.340475
-0.303544
-0.281776
-0.277916
-0.28151
-0.286141
-0.292212
-0.296095
-0.307062
-0.332434
-0.375196
-0.383638
-0.325709
-0.26943
-0.217688
-0.137671
-0.08089
-0.053787
-0.013564
0.024657
0.045755
0.055219
0.059115
0.079635
0.108469
0.116291
0.077488
-0.004406
-0.090152
-0.172026
-0.263586
-0.351413
-0.389315
-0.367223
-0.340508
-0.325627
-0.279597
-0.205956
-0.135432
-0.05003
0.025823
0.064845
0.094717
0.099571
0.085307
0.094563
0.108186
0.084305
0.038584
0.002401
-0.032906
-0.062599
-0.067149
-0.05748
-0.038319
-0.002225
0.033586
0.044128
0.03541
0.039012
0.052478
0.054553
0.052197
0.0509
0.047798
0.04495
0.041034
0.037725
0.040864
0.044675
0.043407
0.042588
0.039673
0.034487
0.045774
0.074769
0.10337
0.130268
0.157393
0.17557
0.175038
0.154907
0.117138
0.065888
0.013809
-0.031861
-0.062138
-0.07732
-0.094869
-0.112681
-0.126478
-0.148168
-0.173935
-0.190221
-0.181518
-0.146394
-0.095306
-0.022566
0.037717
0.060287
0.078095
0.085016
0.064104
0.033993
0.007285
-0.005748
0.010848
0.04676
0.081863
0.12306
0.172042
0.192984
0.180195
0.191789
0.224
0.221958
0.191197
0.154662
0.116788
0.081132
0.037778
0.000546
0.002148
0.014407
0.00148
-0.016677
-0.00987
0.017922
0.036957
0.032216
0.014881
-0.006341
-0.030464
-0.089689
-0.156527
-0.113751
-0.014533
0.02937
0.047152
0.053603
0.021741
-0.036862
-0.082966
-0.102602
-0.095018
-0.049179
0.025883
0.093855
0.125946
0.127358
0.121989
0.111751
0.085987
0.027848
-0.049592
-0.064757
-0.025006
-0.018274
-0.033052
-0.000545
0.07685
0.148122
0.200761
0.199193
0.14283
0.094093
0.046255
0.002209
-0.004268
0.012321
0.023106
0.023081
0.009159
-0.031142
-0.087113
-0.130975
-0.184895
-0.28832
-0.407283
-0.413714
-0.274611
-0.107379
0.100053
0.352063
0.487622
0.45152
0.378514
0.330228
0.264513
0.192571
0.118863
0.052644
0.012761
-0.018147
-0.087482
-0.191136
-0.25391
-0.212945
-0.074798
0.079042
0.147464
0.091811
0.027928
-0.003483
-0.061892
-0.096465
-0.094348
-0.100416
-0.113004
-0.127571
-0.12586
-0.092773
-0.0646
-0.058102
-0.058664
-0.052059
-0.03359
-0.018549
-0.009357
0.005426
0.029839
0.063
0.100315
0.135604
0.167594
0.195972
0.176317
0.085591
-0.006831
-0.063856
-0.089548
-0.08243
-0.052053
0.000169
0.056921
0.104921
0.123569
0.094189
0.052817
0.034785
0.042253
0.057319
0.077514
0.113602
0.149866
0.169873
0.170616
0.155788
0.1382
0.12454
0.111922
0.098342
0.078074
0.071485
0.103195
0.142739
0.183173
0.247043
0.312585
0.358824
0.375578
0.339789
0.2696
0.189638
0.098534
0.021113
-0.028309
-0.084959
-0.187709
-0.299445
-0.387185
-0.472349
-0.503877
-0.465314
-0.420431
-0.350843
-0.250609
-0.174343
-0.130014
-0.102279
-0.132527
-0.23625
-0.349323
-0.412086
-0.357768
-0.24439
-0.1758
-0.104061
-0.015975
0.041008
0.071965
0.108901
0.188164
0.328517
0.454578
0.452511
0.394327
0.403973
0.405108
0.325613
0.235695
0.188977
0.141181
0.023785
-0.138155
-0.187836
-0.071416
0.034058
0.06832
0.068382
-0.004884
-0.131351
-0.261808
-0.332965
-0.313556
-0.248288
-0.144949
-0.010145
0.092354
0.153441
0.193315
0.179544
0.130995
0.11078
0.121246
0.130524
0.097302
0.01957
-0.048014
-0.106448
-0.18851
-0.259182
-0.242973
-0.131399
-0.025665
0.019695
0.038674
0.039135
0.030389
0.0314
0.038701
0.053661
0.068657
0.061343
0.039371
0.026233
0.015938
-0.007386
-0.038762
-0.074576
-0.12028
-0.173824
-0.231689
-0.291619
-0.273152
-0.129872
0.025817
0.156131
0.23223
0.222581
0.238209
0.275153
0.254843
0.17819
0.073112
-0.032975
-0.114604
-0.147577
-0.180306
-0.246061
-0.318139
-0.321195
-0.234391
-0.128513
-0.010801
0.014546
-0.045679
0.002831
0.071541
0.052695
0.042531
0.06141
0.085742
0.10572
0.093991
0.068551
0.054522
0.032298
0.004074
-0.012722
-0.02042
-0.011207
0.013907
0.039485
0.036042
-0.007857
-0.040895
-0.054172
-0.079091
-0.085755
-0.072792
-0.104123
-0.145323
-0.113786
-0.066805
-0.084728
-0.0965
-0.019722
0.08289
0.153537
0.165529
0.114277
0.083669
0.066785
0.019032
-0.00336
0.001561
-0.007025
0.000485
0.039789
0.084144
0.107996
0.06913
-0.010332
-0.06191
-0.114908
-0.193289
-0.234636
-0.226721
-0.209895
-0.204668
-0.202383
-0.177795
-0.151473
-0.158308
-0.190861
-0.196424
-0.146732
-0.097712
-0.051904
0.016649
0.070929
0.110075
0.151995
0.189165
0.185016
0.128591
0.082072
0.055065
0.059198
0.12506
0.15968
0.115836
0.073428
0.059569
0.04401
0.027475
0.025513
0.000118
-0.052613
-0.020623
0.095099
0.16342
0.180358
0.181477
0.139757
0.078974
0.032826
-0.005076
-0.026412
-0.022338
-0.006574
-0.019791
-0.067697
-0.090786
-0.065526
-0.003983
0.052664
0.023467
-0.073503
-0.228008
-0.508992
-0.670131
-0.546858
-0.432393
-0.362686
-0.234871
-0.169225
-0.123428
-0.01586
0.081714
0.167068
0.284063
0.445692
0.54988
0.489172
0.395142
0.345314
0.3027
0.292585
0.307779
0.334257
0.364944
0.397092
0.434877
0.43004
0.348792
0.252317
0.204068
0.172458
0.105368
0.007238
-0.086847
-0.129709
-0.096876
-0.048242
-0.025536
-0.034964
-0.127905
-0.281118
-0.37466
-0.313202
-0.18498
-0.088831
-0.019939
-0.090727
-0.300983
-0.511809
-0.73476
-0.850905
-0.715991
-0.531795
-0.386571
-0.168186
0.01432
0.001321
-0.07307
-0.051833
-0.01861
-0.014441
-0.003507
0.006838
0.018694
0.049472
0.112102
0.206509
0.320201
0.385156
0.354302
0.29681
0.239295
0.14703
0.052548
-0.038759
-0.156766
-0.276275
-0.340072
-0.283073
-0.14483
-0.007375
0.116438
0.169055
0.138095
0.085708
0.034608
-0.001252
-0.022451
-0.062116
-0.126789
-0.187124
-0.245845
-0.288839
-0.215065
-0.036287
0.128885
0.264914
0.288686
0.176609
0.093017
0.072054
0.088271
0.146251
0.203342
0.240012
0.25305
0.235329
0.207565
0.195443
0.199485
0.209059
0.211528
0.202986
0.183305
0.13428
0.051915
-0.043804
-0.153139
-0.298745
-0.403441
-0.371886
-0.301862
-0.255218
-0.169272
-0.052436
0.012582
-0.007566
-0.011597
0.046223
0.094159
0.124128
0.152214
0.159374
0.146924
0.119473
0.06779
-0.004505
-0.081258
-0.162707
-0.249571
-0.322766
-0.358376
-0.328379
-0.224351
-0.083094
0.04543
0.11285
0.120613
0.131468
0.140746
0.107831
0.057912
0.018529
-0.021451
-0.060809
-0.083671
-0.096038
-0.090628
-0.054945
-0.017314
0.012721
0.055049
0.104409
0.148394
0.17924
0.186927
0.178938
0.159219
0.123874
0.089722
0.061631
0.035395
0.024941
0.025989
0.020598
0.012504
0.005881
-0.002481
-0.013595
-0.032714
-0.06481
-0.098663
-0.113299
-0.109505
-0.097014
-0.06938
-0.025866
0.023983
0.07606
0.124645
0.162314
0.177466
0.170533
0.159903
0.146425
0.126965
0.104286
0.06924
0.021985
-0.025735
-0.079047
-0.140041
-0.188455
-0.202589
-0.171328
-0.123731
-0.078402
-0.010176
0.019782
-0.02646
-0.055541
-0.059393
-0.078672
-0.089047
-0.096514
-0.110542
-0.111277
-0.087872
-0.037284
0.017692
0.048792
0.056611
0.04932
0.036966
0.027891
0.0215
0.02072
0.030151
0.044842
0.06055
0.081383
0.107477
0.127253
0.136219
0.139208
0.123347
0.087354
0.0536
0.02485
-0.000766
-0.014359
-0.022339
-0.034958
-0.047254
-0.063163
-0.090646
-0.118204
-0.142459
-0.16416
-0.172655
-0.171483
-0.150473
-0.094234
-0.01347
0.068084
0.102942
0.089089
0.072838
0.063006
0.056978
0.057433
0.063191
0.069033
0.059327
0.034571
0.00879
-0.00243
0.011002
0.034796
0.046977
0.031291
0.001112
-0.016828
-0.030861
-0.050707
-0.071802
-0.094951
-0.120029
-0.150946
-0.191312
-0.191897
-0.11674
-0.022561
0.047042
0.075075
0.07017
0.083158
0.108326
0.114204
0.117328
0.136606
0.16128
0.170225
0.158017
0.141143
0.121815
0.091587
0.064133
0.044826
0.028384
0.018545
0.011122
0.005496
0.00836
0.012884
0.008254
-0.002902
-0.011922
-0.015221
-0.017485
-0.025169
-0.037426
-0.054813
-0.076684
-0.093754
-0.101339
-0.098877
-0.078162
-0.043484
-0.011994
0.009108
0.019714
0.028042
0.040399
0.054283
0.064649
0.065253
0.057421
0.047801
0.040578
0.041121
0.048039
0.050838
0.044248
0.030082
0.015004
0.003859
-0.005929
-0.017194
-0.031686
-0.047831
-0.057529
-0.061342
-0.066473
-0.072751
-0.078694
-0.085985
-0.090276
-0.080674
-0.058662
-0.035167
-0.012813
0.008819
0.03055
0.053989
0.077999
0.099223
0.113131
0.116075
0.106839
0.087008
0.05318
0.014373
-0.008378
-0.016697
-0.018745
-0.01679
-0.018889
-0.026202
-0.032084
-0.034379
-0.032954
-0.029246
-0.027806
-0.031793
-0.042106
-0.054004
-0.064456
-0.067505
-0.052705
-0.021136
0.010405
0.024018
0.027453
0.031285
0.033141
0.031592
0.024959
0.014644
0.002567
-0.005965
-0.004994
-0.001472
-0.003005
-0.006488
-0.010907
-0.017823
-0.027034
-0.037617
-0.046312
-0.053686
-0.060384
-0.061521
-0.056543
-0.04485
-0.027358
-0.012634
-0.00091
0.008111
0.007677
0.000025
-0.008797
-0.01907
-0.030426
-0.035402
-0.029921
-0.022326
-0.018928
-0.016226
-0.014068
-0.016781
-0.025153
-0.037083
-0.048452
-0.056379
-0.060106
-0.055232
-0.042984
-0.031429
-0.021704
-0.019432
-0.027865
-0.034023
-0.033663
-0.031587
-0.026192
-0.016759
-0.006312
0.002848
0.009231
0.011705
0.009272
0.001821
-0.006286
-0.011779
-0.013588
-0.007754
0.00258
0.006537
0.004648
0.004616
0.002823
-0.00317
-0.0089
-0.015823
-0.025207
-0.031506
-0.030721
-0.025443
-0.017792
-0.007122
0.003779
0.008938
0.003923
-0.0116
-0.033572
-0.054709
-0.067327
-0.071578
-0.07499
-0.075416
-0.063393
-0.041777
-0.025736
-0.023443
-0.022996
-0.013384
-0.000335
0.012904
0.025642
0.031136
0.033604
0.040519
0.047622
0.054409
0.06145
0.063889
0.060948
0.052576
0.033805
0.006768
-0.013716
-0.024266
-0.030824
-0.032048
-0.029104
-0.025568
-0.022219
-0.017252
-0.01289
-0.012017
-0.007154
0.00508
0.017725
0.025648
0.02748
0.027037
0.029735
0.033215
0.031538
0.02569
0.021425
0.022389
0.02885
0.03662
0.038803
0.031372
0.018376
0.00625
-0.002069
-0.003677
0.003188
0.01593
0.032017
0.045502
0.049128
0.046471
0.041269
0.033352
0.024048
0.014284
0.005423
0.002831
0.014627
0.031275
0.035874
0.034258
0.033183
0.025433
0.011636
0.001127
-0.003596
-0.000411
0.014607
0.031583
0.040993
0.043676
0.04096
0.035089
0.026981
0.017901
0.012541
0.014245
0.02121
0.030542
0.0407
0.049768
0.056215
0.058724
0.056417
0.049908
0.041214
0.03436
0.029792
0.022432
0.014269
0.009616
0.006046
0.004421
0.006651
0.008452
0.008536
0.008081
0.005036
0.000792
0.00101
0.006006
0.010291
0.009663
0.003081
-0.001665
0.003092
0.013334
0.020467
0.022822
0.027739
0.034442
0.03289
0.022494
0.009993
-0.001994
-0.009359
-0.009347
-0.008886
-0.01137
-0.010966
-0.005655
-0.001289
-0.002721
-0.006939
-0.009424
-0.011512
-0.014014
-0.015449
-0.015989
-0.016487
-0.016006
-0.012696
-0.005242
0.004946
0.010823
0.012746
0.016578
0.01876
0.018059
0.01653
0.01253
0.008721
0.006805
0.003921
-0.001577
-0.009816
-0.019246
-0.026981
-0.032188
-0.035344
-0.031138
-0.018908
-0.01217
-0.014777
-0.017094
-0.016727
-0.016219
-0.017755
-0.019116
-0.015082
-0.007148
0.000415
0.005379
0.006189
0.00463
0.004218
0.002684
-0.001688
-0.005631
-0.005814
-0.002053
-0.000732
-0.003624
-0.005692
-0.008002
-0.010355
-0.007694
-0.003482
-0.001216
0.003551
0.010154
0.012793
0.007287
-0.005684
-0.01833
-0.025494
-0.025696
-0.019519
-0.015329
-0.014444
-0.011754
-0.009653
-0.009981
-0.009087
-0.004514
0.001471
0.007546
0.013565
0.014882
0.01027
0.006512
0.004844
0.001737
-0.001615
-0.004003
-0.005232
-0.004845
-0.004047
-0.004799
-0.007712
-0.012161
-0.01939
-0.027261
-0.031012
-0.031115
-0.030037
-0.031066
-0.034447
-0.037275
-0.036464
-0.029043
-0.018213
-0.008506
-0.00276
0.000373
0.007349
0.013748
0.013759
0.012866
0.011611
0.008864
0.008441
0.006189
-0.001179
-0.005834
-0.006657
-0.009104
-0.012365
-0.013896
-0.014813
-0.016697
-0.018021
-0.017681
-0.015595
-0.012413
-0.010295
-0.008695
-0.00699
-0.005886
-0.003417
0.000252
0.002145
0.002166
0.002151
0.002339
0.00211
0.002193
0.002592
0.00216
0.002258
0.003966
0.003245
-0.000767
-0.003446
-0.005394
-0.009132
-0.011954
-0.009694
-0.003754
0.001899
0.006323
0.006891
0.00523
0.007657
0.012067
0.013161
0.014133
0.016235
0.011145
-0.001746
-0.012493
-0.018475
-0.018896
-0.008619
0.005278
0.01507
0.019914
0.018226
0.013364
0.007428
0.000953
-0.004684
-0.0073
-0.004339
0.000475
0.005323
0.013624
0.022408
0.025911
0.024947
0.024832
0.025752
0.023057
0.017012
0.010513
0.004636
0.000753
0.000216
0.002124
0.006672
0.014014
0.020482
0.021643
0.017216
0.011834
0.008204
0.005077
0.003563
0.00694
0.012064
0.014748
0.015257
0.012888
0.010682
0.012183
0.01352
0.011413
0.00712
0.000875
-0.006162
-0.011668
-0.015728
-0.018007
-0.016793
-0.012905
-0.005134
0.005115
0.007963
0.004205
0.000514
-0.002625
-0.003346
-0.001687
0.000992
0.005375
0.008261
0.005916
0.00052
-0.005415
-0.010835
-0.014276
-0.014228
-0.010126
-0.003215
0.006988
0.016737
0.021767
0.026262
0.029122
0.026139
0.019712
0.0094
-0.002232
-0.005543
-0.003673
-0.003189
-0.000401
0.005527
0.011084
0.011555
0.008335
0.006915
0.005162
0.001069
-0.004745
-0.011963
-0.017298
-0.017804
-0.013916
-0.007825
-0.000815
0.005879
0.010226
0.01189
0.011424
0.009062
0.005859
0.002012
-0.000685
0.000375
0.002919
0.005269
0.006938
0.005787
0.002729
-0.001737
-0.007777
-0.011541
-0.010942
-0.008119
-0.006096
-0.005491
-0.003583
-0.000563
0.000733
0.000795
0.000367
-0.001023
-0.001413
0.000852
0.004352
0.008331
0.012335
0.014593
0.014201
0.011544
0.008335
0.005955
0.00427
0.004265
0.006307
0.007506
0.006884
0.006107
0.006267
0.00795
0.010072
0.009301
0.00479
-0.001765
-0.010157
-0.017728
-0.021767
-0.023268
-0.022135
-0.018821
-0.015338
-0.011273
-0.007499
-0.006658
-0.008143
-0.010968
-0.015368
-0.018983
-0.019654
-0.019724
-0.020954
-0.021234
-0.019214
-0.016825
-0.016079
-0.016219
-0.014889
-0.011467
-0.0092
-0.012463
-0.019366
-0.022022
-0.018992
-0.015205
-0.011338
-0.006071
-0.000807
0.00042
-0.005133
-0.014502
-0.024228
-0.032384
-0.036855
-0.037169
-0.034074
-0.026695
-0.013815
-0.001531
0.00412
0.005178
0.004142
0.002097
-0.002001
-0.009397
-0.015882
-0.014292
-0.007056
-0.002557
-0.000903
0.000009
0.002004
0.004743
0.00347
-0.001567
-0.008983
-0.016583
-0.017784
-0.015625
-0.016966
-0.019293
-0.016444
-0.007249
0.000934
0.003368
0.003371
0.003753
0.001507
-0.006911
-0.017579
-0.02305
-0.019558
-0.012693
-0.008404
-0.004228
-0.000413
0.001344
0.001376
-0.000346
-0.002143
-0.00419
-0.007469
-0.01073
-0.012902
-0.013379
-0.009906
-0.003632
-0.001051
-0.004755
-0.011897
-0.01598
-0.012282
-0.005538
-0.000011
0.005723
0.010437
0.012155
0.009997
0.004512
-0.001994
-0.008292
-0.011395
-0.007813
-0.000181
0.006101
0.010705
0.014173
0.013074
0.006135
-0.002924
-0.010865
-0.01682
-0.019582
-0.016643
-0.009835
-0.005294
-0.003885
-0.001383
0.003791
0.008977
0.012694
0.013511
0.009605
0.004213
0.001834
0.003993
0.009657
0.016536
0.022667
0.024403
0.020488
0.013631
0.002294
-0.008987
-0.012341
-0.013602
-0.015913
-0.015235
-0.011596
-0.004933
0.002362
0.003969
0.001279
0.002328
0.006802
0.010747
0.015641
0.020727
0.02392
0.025097
0.022634
0.016189
0.008216
0.003071
0.003953
0.00903
0.01479
0.018669
0.020404
0.021077
0.022059
0.024459
0.025718
0.024675
0.023912
0.023618
0.023047
0.022509
0.020147
0.013716
0.005467
-0.000516
-0.004711
-0.008364
-0.009926
-0.009197
-0.008193
-0.007934
-0.006441
-0.002832
0.001517
0.006947
0.011945
0.01241
0.009453
0.006727
0.004917
0.004086
0.003647
0.005103
0.009886
0.01628
0.024297
0.031777
0.0351
0.034235
0.029598
0.021138
0.009535
-0.003088
-0.010953
-0.00875
-0.003682
-0.00452
-0.006667
-0.005772
-0.004426
-0.004669
-0.003934
0.003346
0.014402
0.023039
0.029981
0.031153
0.025967
0.0216
0.015899
0.007153
-0.000535
-0.007797
-0.014414
-0.018311
-0.018518
-0.014177
-0.004532
0.00946
0.019102
0.0225
0.025125
0.024434
0.019348
0.013291
0.008408
0.005457
0.005312
0.007754
0.008548
0.005345
0.000813
-0.003543
-0.006865
-0.006035
-0.001769
0.002264
0.004867
0.003116
-0.002806
-0.007936
-0.012082
-0.016283
-0.018212
-0.016634
-0.012469
-0.005934
0.001077
0.005781
0.008075
0.008075
0.005302
-0.000228
-0.006644
-0.010573
-0.009504
-0.00492
-0.00039
0.002344
0.002044
-0.000489
-0.003547
-0.007209
-0.01113
-0.012207
-0.009944
-0.006839
-0.00279
-0.001675
-0.004687
-0.005922
-0.005244
-0.004922
-0.004065
-0.001889
0.001753
0.005884
0.007667
0.005485
0.001004
-0.003899
-0.008596
-0.011325
-0.011339
-0.011304
-0.012005
-0.012636
-0.013762
-0.015082
-0.016505
-0.01673
-0.014036
-0.010152
-0.00684
-0.004063
-0.000821
0.002627
0.005635
0.009284
0.012783
0.013042
0.008073
0.000305
-0.007302
-0.012039
-0.012638
-0.013996
-0.016231
-0.017348
-0.019134
-0.018632
-0.014978
-0.012377
-0.011743
-0.010008
-0.004783
0.001535
0.004349
0.003337
0.000339
-0.000555
0.005367
0.012762
0.01529
0.015359
0.01655
0.01924
0.021772
0.023436
0.024878
0.024136
0.020841
0.014387
0.002472
-0.006993
-0.009138
-0.009626
-0.010606
-0.011854
-0.012261
-0.010567
-0.009267
-0.010753
-0.012161
-0.008582
-0.001866
0.003731
0.008196
0.011378
0.013124
0.013665
0.012562
0.010199
0.007856
0.007535
0.009493
0.011128
0.010508
0.00751
0.002836
-0.003418
-0.011176
-0.017117
-0.017513
-0.013147
-0.00717
-0.001874
-0.000577
-0.002686
-0.002814
-0.00175
-0.002571
-0.004478
-0.006217
-0.00621
-0.00577
-0.008183
-0.012077
-0.016525
-0.020723
-0.020209
-0.015749
-0.010396
-0.003362
0.004301
0.010119
0.013523
0.013887
0.010613
0.005685
0.001002
-0.000995
0.001127
0.001786
-0.000973
-0.002391
-0.001347
0.000064
0.000558
0.000597
0.001322
0.00127
-0.001947
-0.006504
-0.009594
-0.010975
-0.011563
-0.011351
-0.010284
-0.008839
-0.006691
-0.005526
-0.006294
-0.006648
-0.006216
-0.005929
-0.006074
-0.006914
-0.006843
-0.00538
-0.0044
-0.003744
-0.002058
0.00081
0.004139
0.006629
0.006912
0.005016
0.001784
-0.002757
-0.006769
-0.006635
-0.003903
-0.002365
-0.000964
0.00039
-0.000431
-0.002182
-0.001859
0.000886
0.003819
0.005507
0.004674
0.001024
-0.003775
-0.009797
-0.015977
-0.017438
-0.013236
-0.002779
0.014956
0.028288
0.032273
0.035219
0.035627
0.029865
0.02038
0.009015
0.000083
0.000181
0.004948
0.005763
0.003261
0.000348
-0.001868
-0.002432
0.000028
0.005729
0.013184
0.018352
0.017288
0.012632
0.007979
0.002141
-0.003523
-0.003555
0.001343
0.005208
0.007965
0.011352
0.012931
0.010038
0.00342
-0.002921
-0.00737
-0.011244
-0.01458
-0.016951
-0.01698
-0.013787
-0.010142
-0.006377
-0.001304
0.00145
0.001672
0.003855
0.006368
0.007181
0.008397
0.01025
0.012808
0.014526
0.012805
0.009823
0.006725
0.000982
-0.006266
-0.012733
-0.019594
-0.025903
-0.029178
-0.029116
-0.025801
-0.019168
-0.009636
-0.001105
0.003642
0.006296
0.006677
0.003864
0.00007
-0.002608
-0.002473
0.000895
0.003843
0.004609
0.005164
0.006877
0.007782
0.005449
0.001921
-0.000635
-0.002442
-0.002452
-0.000875
0.000173
0.000589
0.00047
-0.001623
-0.006991
-0.014017
-0.020204
-0.025086
-0.028239
-0.028498
-0.023653
-0.013499
-0.003681
-0.000242
-0.001617
-0.002615
-0.003066
-0.005847
-0.009556
-0.01098
-0.008708
-0.003844
0.000679
0.00461
0.00796
0.009835
0.009946
0.009476
0.008598
0.004288
-0.001668
-0.005764
-0.007853
-0.007339
-0.007113
-0.008975
-0.011133
-0.013523
-0.015706
-0.017001
-0.016201
-0.01235
-0.008971
-0.009307
-0.010188
-0.010144
-0.011291
-0.012278
-0.010483
-0.006011
0.000145
0.006844
0.01222
0.015875
0.017899
0.017397
0.013862
0.008007
0.002488
0.001152
0.002925
0.002203
-0.001339
-0.003848
-0.004472
-0.004249
-0.004499
-0.005524
-0.006741
-0.009144
-0.01325
-0.017588
-0.020627
-0.021158
-0.018976
-0.015962
-0.012849
-0.009393
-0.006187
-0.003394
-0.000497
0.003801
0.008968
0.013737
0.018239
0.021004
0.021468
0.021144
0.019795
0.017501
0.014485
0.011545
0.0104
0.009109
0.006884
0.005049
0.002891
0.00052
-0.000994
-0.000787
0.000989
0.00306
0.004615
0.00454
0.003065
0.001817
0.001087
0.001632
0.003366
0.00473
0.004969
0.00302
-0.000377
-0.003132
-0.004078
-0.002454
0.00031
0.002986
0.005919
0.008636
0.010452
0.010962
0.011774
0.012528
0.010445
0.007879
0.007222
0.007074
0.006051
0.004215
0.003043
0.002865
0.002364
0.000466
-0.001859
-0.003041
-0.003052
-0.002498
-0.002123
-0.002144
-0.002293
-0.002559
-0.00303
-0.003822
-0.00451
-0.003272
0.000108
0.0036
0.007079
0.010324
0.012286
0.012911
0.012251
0.010937
0.009887
0.010181
0.011328
0.011199
0.009799
0.008762
0.008627
0.008874
0.0095
0.009241
0.006551
0.003767
0.002127
-0.000012
-0.002311
-0.003712
-0.004618
-0.005016
-0.004393
-0.003506
-0.003193
-0.003139
-0.001655
0.000909
0.002118
0.002495
0.002805
0.000913
-0.003287
-0.006933
-0.009364
-0.009263
-0.00458
0.002482
0.009195
0.01502
0.018475
0.016512
0.009072
-0.000379
-0.009707
-0.015351
-0.014249
-0.011101
-0.008427
-0.004855
-0.001735
0.000111
-0.001107
-0.004452
-0.004439
-0.001728
-0.001363
-0.003416
-0.004445
-0.002185
0.001244
0.003539
0.004413
0.004074
0.00547
0.008123
0.009551
0.010014
0.009336
0.008011
0.005887
0.002705
-0.001197
-0.005533
-0.008356
-0.008741
-0.007707
-0.005942
-0.003307
-0.000642
0.000099
-0.000978
-0.003193
-0.006921
-0.011134
-0.013799
-0.012748
-0.00867
-0.003981
0.000518
0.003273
0.004331
0.004176
0.002177
-0.00066
-0.003799
-0.004768
-0.001939
0.000774
0.00265
0.005629
0.007794
0.006932
0.003673
-0.00059
-0.006004
-0.011648
-0.015855
-0.019161
-0.021315
-0.020327
-0.016406
-0.010233
-0.003681
-0.000233
0.001633
0.003208
0.003261
0.002371
0.000748
0.00029
0.002714
0.005064
0.004348
0.00159
-0.000967
-0.002169
-0.001978
-0.001704
-0.001714
-0.001649
-0.002525
-0.004577
-0.006429
-0.00816
-0.010103
-0.009472
-0.005781
-0.00198
0.00174
0.004629
0.003984
0.001609
0.001019
0.000901
-0.000854
-0.002215
-0.001015
0.001328
0.003311
0.00511
0.006236
0.006229
0.005336
0.004082
0.002551
0.000474
-0.000766
-0.000042
0.001033
0.001465
0.002478
0.004222
0.005498
0.006178
0.006692
0.006954
0.006946
0.0065
0.004979
0.002714
0.000501
-0.000531
0.001394
0.004613
0.00659
0.008025
0.008746
0.006934
0.003062
-0.000131
-0.000304
0.001816
0.00326
0.004092
0.005287
0.00581
0.005036
0.003656
0.002581
0.001219
-0.00074
-0.001345
0.000154
0.000988
0.000377
0.000559
0.0015
0.001896
0.001713
0.000672
-0.001055
-0.00183
-0.001321
-0.000526
-0.000142
0.000012
-0.000071
-0.00069
-0.001131
-0.001157
-0.000665
0.00035
0.001307
0.002545
0.004057
0.004648
0.004417
0.004534
0.004283
0.002079
-0.001311
-0.004327
-0.007149
-0.009844
-0.01061
-0.008761
-0.006481
-0.003621
0.000625
0.003633
0.00523
0.007485
0.009008
0.008081
0.006492
0.005643
0.004602
0.003231
0.002417
0.002995
0.004935
0.007383
0.00982
0.011
0.009848
0.007023
0.003232
-0.001334
-0.005519
-0.008329
-0.009094
-0.007018
-0.004065
-0.001907
-0.000853
-0.002112
-0.004482
-0.005782
-0.00611
-0.006043
-0.005037
-0.003218
-0.00142
0.00009
0.000505
0.000048
0.000774
0.002604
0.004144
0.005367
0.004122
0.000282
-0.001137
-0.000229
-0.000119
-0.000068
-0.000217
-0.001775
-0.004796
-0.008187
-0.011068
-0.011822
-0.00869
-0.004671
-0.002156
-0.001033
-0.001806
-0.002994
-0.003853
-0.00508
-0.006584
-0.007892
-0.007869
-0.006898
-0.006366
-0.005679
-0.004435
-0.003069
-0.001618
-0.000448
0.0006
0.001713
0.002339
0.003037
0.004326
0.004907
0.004274
0.003863
0.004493
0.005441
0.006016
0.006056
0.005193
0.003065
-0.000559
-0.004695
-0.007708
-0.010173
-0.012042
-0.010843
-0.007855
-0.006112
-0.005025
-0.004468
-0.00352
-0.001117
0.000749
0.002255
0.004717
0.006616
0.006852
0.006209
0.005055
0.003551
0.001788
-0.000346
-0.002295
-0.004202
-0.006424
-0.00748
-0.007263
-0.007235
-0.006687
-0.005157
-0.003444
-0.001335
0.000969
0.002871
0.00371
0.002813
0.000989
0.000361
0.002014
0.003233
0.003542
0.004795
0.005865
0.006828
0.007948
0.008052
0.007421
0.006956
0.005891
0.003398
0.000175
-0.003373
-0.005397
-0.004241
-0.001961
0.000561
0.003861
0.005849
0.005525
0.004633
0.003655
0.002459
0.001654
0.0025
0.005043
0.006541
0.006714
0.007217
0.007856
0.008643
0.008661
0.006438
0.003485
0.001663
0.001248
0.001528
0.001007
0.000745
0.001577
0.001338
-0.000278
-0.00092
0.001168
0.004874
0.007896
0.009038
0.007068
0.003212
0.000323
-0.002227
-0.004284
-0.003479
-0.001765
-0.001858
-0.002889
-0.003782
-0.002696
0.00066
0.004535
0.007809
0.009366
0.00914
0.007587
0.00568
0.003477
0.0006
-0.001476
-0.003371
-0.006599
-0.010374
-0.012743
-0.011239
-0.008021
-0.005824
-0.003323
-0.002355
-0.002594
-0.000823
0.001176
0.001687
0.000384
-0.000872
0.001039
0.003718
0.004846
0.006048
0.007327
0.006503
0.003421
0.000458
-0.001522
-0.002217
-0.001565
-0.001353
-0.0015
-0.000864
-0.000565
-0.001517
-0.002455
-0.002681
-0.00275
-0.002602
-0.002224
-0.001788
-0.001177
-0.000142
0.001276
0.002173
0.002373
0.00281
0.003634
0.004445
0.005031
0.004936
0.003963
0.002282
0.000613
-0.000308
-0.001022
-0.001462
-0.00135
-0.001532
-0.002214
-0.002744
-0.00265
-0.002114
-0.001437
-0.000658
-0.000017
0.000389
0.00083
0.001361
0.001916
0.002506
0.003229
0.003928
0.004049
0.003605
0.002869
0.001351
-0.000889
-0.002875
-0.004068
-0.003483
-0.001285
0.00076
0.002814
0.00383
0.001962
-0.001056
-0.004604
-0.006992
-0.005873
-0.005346
-0.006584
-0.005472
-0.002483
-0.000149
0.001329
0.002874
0.006276
0.009481
0.007497
0.002547
-0.001418
-0.004598
-0.005054
-0.003618
-0.003043
-0.001147
0.002195
0.004555
0.004217
0.000585
-0.003433
-0.006168
-0.00612
-0.00325
-0.002239
-0.001611
0.001642
0.004085
0.004308
0.002807
0.000119
-0.001793
-0.002092
-0.001852
-0.003027
-0.005303
-0.006837
-0.006602
-0.004597
-0.00219
0.000522
0.003758
0.006354
0.007776
0.007045
0.004419
0.002369
0.001183
0.000849
0.001342
0.001299
0.00149
0.001724
0.000042
-0.001293
-0.000474
-0.000799
-0.002899
-0.004535
-0.005288
-0.005246
-0.005371
-0.007156
-0.009998
-0.011212
-0.009612
-0.007045
-0.004448
-0.001202
0.002251
0.005319
0.00645
0.003329
-0.001802
-0.005799
-0.009574
-0.013316
-0.015215
-0.014005
-0.010606
-0.006384
-0.002278
-0.000806
-0.001245
-0.000413
-0.000133
-0.002435
-0.00438
-0.002884
0.000163
0.002044
0.003904
0.006407
0.008903
0.010518
0.010947
0.010427
0.006918
0.001316
-0.003019
-0.005381
-0.005032
-0.002838
-0.000515
0.001826
0.003419
0.002605
0.000102
-0.001056
-0.001282
-0.001721
-0.000204
0.002986
0.005247
0.005844
0.004912
0.003183
0.001191
-0.001002
-0.002611
-0.003135
-0.003059
-0.002878
-0.003241
-0.004876
-0.007674
-0.010776
-0.012771
-0.011568
-0.007477
-0.002877
0.001565
0.003653
0.00116
-0.003388
-0.007429
-0.009142
-0.006555
-0.002691
-0.002601
-0.007349
-0.011859
-0.013837
-0.013707
-0.009085
-0.004002
-0.001534
-0.00247
-0.007955
-0.013698
-0.015229
-0.010714
-0.00535
-0.00226
0.000065
-0.001518
-0.005324
-0.006958
-0.007134
-0.00684
-0.006179
-0.006088
-0.006875
-0.00741
-0.006742
-0.005159
-0.002808
0.000047
0.002221
0.003671
0.003426
0.000759
-0.000661
-0.000251
-0.001174
-0.002972
-0.00499
-0.007585
-0.009265
-0.007621
-0.003265
-0.000949
-0.001151
0.000214
0.002674
0.002515
-0.001039
-0.00521
-0.006873
-0.005785
-0.004182
-0.003349
-0.003681
-0.002305
0.002768
0.006049
0.005004
0.00247
0.000612
0.001102
0.002366
0.001864
0.002674
0.005899
0.006973
0.003928
-0.000366
-0.003335
-0.006709
-0.01083
-0.012338
-0.011619
-0.011315
-0.009177
-0.005414
-0.004343
-0.005007
-0.004511
-0.004995
-0.009034
-0.013056
-0.011202
-0.005291
-0.002006
-0.000749
0.00292
0.006009
0.002158
-0.005012
-0.009664
-0.013591
-0.015742
-0.014532
-0.011678
-0.005511
0.002314
0.00701
0.006929
0.002947
-0.001692
-0.007295
-0.012756
-0.012106
-0.007113
-0.003492
-0.000558
0.00233
0.003296
0.003763
0.005703
0.00618
0.00354
0.001493
0.002726
0.006679
0.013401
0.017761
0.010047
-0.001559
-0.005038
-0.005684
-0.002975
0.00483
0.010343
0.013109
0.014644
0.016533
0.021639
0.028837
0.037483
0.043244
0.038719
0.028794
0.022109
0.018555
0.020911
0.024898
0.019322
0.01118
0.008384
0.00378
-0.003026
-0.005175
-0.005949
-0.00888
-0.003755
0.013016
0.025918
0.030128
0.034619
0.032629
0.012187
-0.01711
-0.043321
-0.060865
-0.062178
-0.0603
-0.058024
-0.029814
0.012344
0.022004
-0.000109
-0.016018
-0.022422
-0.024774
-0.013126
0.001496
0.007973
0.013453
0.018289
0.020212
0.022981
0.028165
0.034575
0.037601
0.035911
0.034655
0.030739
0.019163
0.00289
-0.013563
-0.023698
-0.025523
-0.020606
-0.012503
-0.009029
-0.006446
-0.000597
0.004124
0.009713
0.017915
0.027236
0.037264
0.048054
0.054321
0.049635
0.04047
0.029891
0.013061
-0.003035
-0.011919
-0.013295
-0.006165
0.004892
0.013102
0.014535
0.016315
0.024336
0.027664
0.021488
0.013261
0.00469
-0.002667
-0.002833
0.002943
0.008279
0.008594
0.006498
0.008831
0.011779
0.011412
0.014281
0.019172
0.015642
0.003036
-0.013941
-0.035222
-0.050145
-0.046777
-0.026899
0.006329
0.036325
0.042512
0.035146
0.029357
0.020731
0.008542
-0.002918
-0.014924
-0.02867
-0.044468
-0.059612
-0.066154
-0.059053
-0.039566
-0.014823
0.004349
0.017613
0.03342
0.048085
0.051143
0.043571
0.024403
-0.005282
-0.024721
-0.026739
-0.026009
-0.023592
-0.011762
0.007262
0.026262
0.030147
0.017664
0.007079
-0.005046
-0.023922
-0.036629
-0.043044
-0.049699
-0.050929
-0.033447
0.006209
0.046203
0.057107
0.042816
0.031243
0.022669
0.001907
-0.026277
-0.046298
-0.042348
-0.017822
0.008937
0.033832
0.049813
0.052507
0.04595
0.02653
-0.002256
-0.028454
-0.04089
-0.038894
-0.035222
-0.036866
-0.031563
-0.012834
0.005362
0.012851
0.015424
0.021855
0.02784
0.029748
0.028425
0.016545
-0.001047
-0.011502
-0.019234
-0.025832
-0.025235
-0.028837
-0.043578
-0.054191
-0.052181
-0.043793
-0.029601
-0.010067
0.005039
0.019469
0.039605
0.052095
0.049766
0.038071
0.019411
0.001839
-0.002782
0.001608
0.004217
0.004909
0.003832
-0.002785
-0.011589
-0.017379
-0.020716
-0.021767
-0.01953
-0.016278
-0.014772
-0.014818
-0.012577
-0.005583
0.00122
0.002077
-0.002526
-0.00894
-0.014317
-0.017079
-0.016403
-0.011021
-0.001321
0.009483
0.017948
0.022011
0.023883
0.026946
0.029502
0.028055
0.020878
0.00749
-0.006961
-0.014749
-0.013373
-0.005673
0.000945
0.003415
0.004612
0.004842
0.001675
-0.007547
-0.017191
-0.019201
-0.016889
-0.013934
-0.009146
-0.001557
0.007617
0.014153
0.014462
0.008321
0.000139
-0.00687
-0.012988
-0.016564
-0.01636
-0.01317
-0.006765
0.000799
0.004543
0.003122
0.000578
0.000545
0.002003
0.002062
0.00193
0.005502
0.011541
0.015313
0.01426
0.006892
-0.004026
-0.013127
-0.019715
-0.023894
-0.025724
-0.024062
-0.017532
-0.009786
-0.002605
0.003038
0.00426
0.004013
0.005261
0.005442
0.004099
0.003638
0.006898
0.014498
0.021276
0.022828
0.021208
0.018878
0.015559
0.010569
0.00449
-3.901E-07
-0.002827
-0.004871
-0.005841
-0.007293
-0.007659
-0.004874
-0.001641
-0.000084
-0.00079
-0.001886
-0.000206
0.002569
0.004107
0.004963
0.006907
0.009535
0.010359
0.00907
0.006781
0.004673
0.003724
0.004833
0.006389
0.006902
0.00739
0.006742
0.003697
-0.001359
-0.006737
-0.010221
-0.012153
-0.012166
-0.010013
-0.008182
-0.007183
-0.006642
-0.007059
-0.007571
-0.007714
-0.008584
-0.010326
-0.012426
-0.014421
-0.015211
-0.014944
-0.013457
-0.009671
-0.004021
0.001532
0.005005
0.007477
0.010814
0.013419
0.013304
0.011435
0.008709
0.005184
0.001411
-0.002677
-0.006353
-0.008999
-0.010808
-0.010962
-0.009739
-0.008152
-0.006256
-0.004949
-0.005364
-0.007057
-0.009188
-0.010165
-0.007767
-0.002753
0.003739
0.01015
0.012043
0.010414
0.008752
0.005536
0.000062
-0.005211
-0.006626
-0.005721
-0.007754
-0.010483
-0.011095
-0.011565
-0.010967
-0.008972
-0.007813
-0.006769
-0.005045
-0.003898
-0.003251
-0.002481
-0.002084
-0.002158
-0.002586
-0.003391
-0.003476
-0.002471
-0.001545
-0.000904
-0.000181
0.000619
0.001087
0.000243
-0.001241
-0.002394
-0.003402
-0.003
-0.001225
0.000474
0.002673
0.003807
0.001829
-0.000764
-0.002567
-0.004658
-0.006319
-0.006852
-0.007257
-0.007737
-0.007826
-0.008082
-0.008441
-0.008244
-0.007197
-0.005296
-0.003425
-0.001716
0.000146
0.001229
0.001835
0.003137
0.004576
0.005587
0.007085
0.009662
0.012428
0.014199
0.014283
0.013378
0.011994
0.008914
0.00528
0.003498
0.002545
0.000672
-0.00212
-0.005511
-0.00833
-0.008224
-0.005723
-0.002912
0.000684
0.004294
0.006491
0.007327
0.005761
0.002473
0.000083
-0.000711
-0.000656
-0.001196
-0.001732
-0.00077
0.00044
0.001195
0.001438
0.000317
-0.001395
-0.002749
-0.003948
-0.004806
-0.005355
-0.005992
-0.005855
-0.00454
-0.003237
-0.001972
-0.001182
-0.000985
-0.000058
0.00067
0.000745
0.001285
0.002226
0.003225
0.003599
0.002894
0.001776
0.00076
0.000082
-0.000183
-0.000297
-0.00045
-0.000459
-0.000171
0.000264
0.000634
0.001133
0.002449
0.00396
0.004514
0.004686
0.005295
0.006037
0.006445
0.006447
0.00559
0.0038
0.00217
0.001149
0.001001
0.002809
0.005492
0.007245
0.008309
0.008365
0.007604
0.0072
0.006904
0.006295
0.005482
0.004465
0.003464
0.002854
0.002773
0.003511
0.004571
0.004974
0.004769
0.004199
0.003324
0.002249
0.001227
0.000403
0.000207
0.00091
0.001718
0.002153
0.002211
0.00182
0.000929
-0.000207
-0.000629
0.000016
0.001095
0.002687
0.004807
0.006121
0.006063
0.005754
0.004496
0.001146
-0.002325
-0.005126
-0.007979
-0.009623
-0.007303
-0.001813
0.002302
0.004543
0.004174
0.000265
-0.003816
-0.007244
-0.008121
-0.004713
-0.000745
0.002215
0.00368
0.002907
0.002511
0.003398
0.002855
-0.00027
-0.003681
-0.005601
-0.004998
-0.002127
0.00146
0.00541
0.008691
0.010463
0.009935
0.006619
0.002112
-0.000703
0.00075
0.003547
0.003915
0.002671
0.001228
0.000596
0.001532
0.003246
0.004283
0.004897
0.005575
0.005858
0.005198
0.004747
0.006632
0.009425
0.009873
0.006885
0.002658
-0.000086
-0.001851
-0.002414
-0.001338
-0.000073
0.001899
0.004654
0.00693
0.008068
0.007927
0.007563
0.007354
0.006972
0.005566
0.002709
-0.000166
-0.002992
-0.00541
-0.005861
-0.005672
-0.005644
-0.004518
-0.003054
-0.002544
-0.002659
-0.002901
-0.003148
-0.003091
-0.002636
-0.002097
-0.001768
-0.001907
-0.002704
-0.003742
-0.004174
-0.003508
-0.002137
-0.001034
-0.000352
-0.000102
-0.000848
-0.002267
-0.003551
-0.004917
-0.006247
-0.00629
-0.005353
-0.004396
-0.002724
-0.000349
0.001377
0.001407
0.000151
-0.001018
-0.001788
-0.001892
-0.001214
-0.000677
-0.00042
-0.000065
0.000414
0.001251
0.002553
0.003951
0.00502
0.005559
0.005225
0.003578
0.001648
0.000555
-0.000376
-0.000682
0.000278
0.001117
0.001962
0.003728
0.005402
0.005492
0.004071
0.002427
0.000874
-0.000557
-0.000727
0.000938
0.00309
0.004902
0.00638
0.006067
0.00415
0.002752
0.001583
-0.000208
-0.001576
-0.001956
-0.002484
-0.003243
-0.002783
-0.001272
-0.000283
-0.000409
-0.000583
-0.00031
-0.001179
-0.003141
-0.004072
-0.003294
-0.002067
-0.001194
-0.000242
0.000621
0.002111
0.004351
0.005788
0.005825
0.003729
0.00039
-0.002289
-0.004382
-0.004487
-0.002162
0.000064
0.002044
0.003402
0.002251
-0.000162
-0.001537
-0.002282
-0.003433
-0.003722
-0.002339
-0.001516
-0.002296
-0.003052
-0.00291
-0.002123
-0.001159
-0.00002
0.001128
0.001531
0.001307
0.000678
-0.000521
-0.001722
-0.002651
-0.003278
-0.002989
-0.002361
-0.002192
-0.001853
-0.001378
-0.001685
-0.002524
-0.003252
-0.004181
-0.00488
-0.00452
-0.00378
-0.003471
-0.003337
-0.002935
-0.002958
-0.003511
-0.003389
-0.003227
-0.003619
-0.003505
-0.003071
-0.002896
-0.002378
-0.001433
-0.000782
-0.000448
-0.000192
-0.000376
-0.001123
-0.001804
-0.001715
-0.001101
-0.000903
-0.001345
-0.001928
-0.002507
-0.002725
-0.002039
-0.000988
-0.000104
0.000356
-0.00004
-0.000643
-0.000925
-0.001427
-0.00207
-0.002226
-0.001621
-0.000758
-0.00027
0.000287
0.001245
0.002214
0.00249
0.001444
-0.000271
-0.001674
-0.002332
-0.002182
-0.001961
-0.001801
-0.001085
-0.000174
0.000012
-0.000515
-0.000966
-0.001277
-0.00193
-0.002814
-0.003676
-0.004059
-0.003352
-0.00208
-0.001265
-0.00101
-0.000913
-0.000633
0.000005
0.00082
0.001739
0.002122
0.001298
0.00016
-0.000771
-0.001475
-0.001084
0.000113
0.00081
0.000819
0.000344
-0.000785
-0.002472
-0.003763
-0.003942
-0.003725
-0.003536
-0.003254
-0.003165
-0.003236
-0.003087
-0.002696
-0.002286
-0.001775
-0.001154
-0.000498
0.000031
0.00021
0.0004
0.000581
0.000275
-0.000282
-0.000571
-0.000466
-0.000244
-0.000344
-0.000782
-0.001203
-0.001674
-0.002228
-0.002401
-0.002086
-0.001671
-0.001524
-0.001592
-0.001601
-0.001383
-0.00085
-0.000286
-0.000149
-0.000387
-0.000668
-0.00089
-0.000931
-0.00069
-0.000344
-0.000096
-0.000113
-0.000452
-0.000795
-0.000745
-0.000336
0.000075
0.000252
0.000153
-0.000103
-0.000207
0.000021
0.000447
0.000801
0.000884
0.000672
0.000326
0.000118
0.000184
0.00041
0.000563
0.000466
0.000121
-0.000254
-0.000427
-0.000339
-0.000138
-0.000066
-0.000221
-0.00053
-0.000809
-0.00085
-0.000638
-0.000382
-0.000332
-0.000579
-0.000968
-0.001225
-0.001189
-0.000926
-0.000675
-0.000664
-0.000949
-0.001347
-0.001596
-0.001574
-0.001363
-0.001185
-0.001231
-0.001505
-0.001815
-0.001922
-0.001737
-0.00139
-0.00113
-0.001134
-0.001365
-0.001602
-0.001619
-0.001366
-0.001013
-0.000809
-0.000878
-0.001118
-0.001284
-0.001183
-0.000824
-0.000414
-0.000199
-0.000263
-0.000466
-0.00057
-0.000417
-0.000054
0.000297
0.000419
0.000273
0.000035
-0.00005
0.000142
0.00051
0.000809
0.000848
0.000639
0.000388
0.000336
0.000561
0.000918
0.001156
0.001126
0.000888
0.000662
0.000657
0.0009
0.001206
0.001343