-0.000694
0.004611
0.003567
0.021798
0.025849
-0.015957
-0.021822
-0.000607
-0.012162
-0.061117
-0.094309
-0.064568
0.00516
0.032953
0.023922
0.016075
0.029455
0.006243
-0.023801
-0.03613
-0.03698
-0.048067
-0.052042
-0.037538
-0.019175
-0.009863
0.004057
0.037851
0.052975
0.002906
-0.045715
-0.024917
0.047169
0.061851
-0.005894
-0.041516
0.000749
0.043335
0.027737
-0.049132
-0.081848
-0.033208
0.046307
0.080666
0.014114
-0.071057
-0.047844
-0.004893
0.006449
0.021041
0.058435
0.059203
-0.010356
-0.038085
0.012698
0.01974
-0.024156
-0.049518
-0.032851
0.024448
0.029846
-0.00312
0.004289
0.012943
0.011915
-0.007001
-0.047892
-0.045012
0.011824
0.026061
-0.026368
-0.043375
0.022211
0.071777
0.006081
-0.06726
-0.050558
-0.000543
0.04996
0.068089
0.02996
0.004345
-0.014866
-0.043915
-0.041884
-0.002614
0.056646
0.104602
0.090262
0.042334
0.036
0.075322
0.104579
0.089098
0.037254
-0.080891
-0.201219
-0.195318
-0.121998
-0.056319
0.031072
0.085227
0.084479
0.056659
0.013635
0.004995
0.018642
-0.015175
-0.07092
-0.077007
-0.03931
0.017411
0.058338
0.062196
0.04672
0.026997
-0.007824
-0.040926
-0.076758
-0.096453
-0.074327
-0.028283
0.046213
0.12185
0.109287
0.041405
0.004773
0.001391
-0.021066
-0.082725
-0.128603
-0.113987
-0.075348
-0.071472
-0.085165
-0.039217
0.050036
0.056071
-0.019262
-0.052699
-0.019361
-0.017886
-0.029798
0.034017
0.118456
0.123874
0.055816
0.022309
0.030929
0.009076
-0.069957
-0.145461
-0.129257
0.029967
0.237221
0.217847
-0.03129
-0.20163
-0.139493
-0.074469
-0.091998
-0.049655
0.005729
-0.042056
-0.108518
-0.087554
0.000012
0.119652
0.229043
0.249846
0.178343
0.1156
0.09169
0.022456
-0.088226
-0.043246
0.092437
0.07568
-0.062994
-0.174714
-0.188288
-0.144047
-0.131827
-0.106918
-0.069593
-0.080557
-0.09279
-0.029222
0.109781
0.268273
0.356398
0.271473
0.052523
-0.154556
-0.194414
-0.092151
0.03454
0.170659
0.273397
0.242196
0.089075
-0.059429
-0.12005
-0.130051
-0.102216
-0.083532
-0.101829
-0.068546
0.106814
0.292678
0.334353
0.223761
0.024253
-0.165191
-0.227464
-0.096122
0.111146
0.213244
0.192634
0.158773
0.130104
0.06109
-0.095077
-0.241264
-0.240544
-0.080726
0.111009
0.155394
0.014491
-0.118168
-0.067476
0.031388
-0.048878
-0.148669
-0.067882
0.185684
0.348728
0.236545
-0.016754
-0.158767
-0.083903
0.047158
-0.028175
-0.227276
-0.33632
-0.263526
-0.076986
0.108034
0.11867
-0.052954
-0.179901
-0.155995
-0.144277
-0.183869
-0.142946
-0.029305
0.041648
0.07417
0.138564
0.211498
0.217177
0.218347
0.261733
0.27595
0.234281
0.204283
0.144772
-0.09139
-0.424407
-0.457637
-0.327934
-0.337321
-0.407266
-0.313697
-0.059076
0.126518
0.220506
0.316475
0.41874
0.441781
0.345961
0.177627
0.09137
0.058524
-0.046855
-0.17376
-0.184141
-0.083945
-0.075427
-0.180326
-0.238148
-0.174924
-0.035717
0.079994
0.149715
0.186368
0.105433
-0.0045
-0.050303
-0.050918
-0.018707
0.028733
0.076426
0.145326
0.181735
0.079999
-0.127916
-0.217387
-0.118319
-0.062163
-0.113969
-0.143451
-0.068408
0.007197
-0.004867
-0.089042
-0.175263
-0.209665
-0.189013
-0.135087
-0.111303
-0.142635
-0.133427
-0.055918
0.047986
0.135914
0.139218
0.106223
0.144601
0.213957
0.225948
0.110359
-0.082183
-0.163748
-0.103094
-0.089485
-0.213573
-0.365466
-0.399484
-0.348522
-0.235509
-0.044998
0.118763
0.162874
0.0991
0.038687
0.038699
0.056676
0.030876
-0.007981
0.016351
0.062611
0.103596
0.15129
0.161864
0.119678
0.054661
-0.046405
-0.138533
-0.181581
-0.105566
0.033509
0.130897
0.13552
0.088002
0.069518
0.057952
-0.000219
-0.077784
-0.097998
-0.035728
0.071544
0.166037
0.196466
0.150496
0.088462
0.096724
0.11804
0.074445
-0.035318
-0.136288
-0.132218
-0.03871
0.03151
0.033183
-0.001961
-0.003386
0.114724
0.262877
0.270521
0.13128
-0.011922
-0.012094
0.116552
0.152558
0.008516
-0.179021
-0.277344
-0.261868
-0.164819
0.000437
0.1499
0.140178
0.01198
-0.088215
-0.011398
0.154985
0.256952
0.328278
0.433872
0.446742
0.237199
-0.079825
-0.312353
-0.393175
-0.302982
-0.220732
-0.245366
-0.32443
-0.336152
-0.279504
-0.18748
-0.097344
-0.015003
0.098742
0.214466
0.331367
0.391255
0.369306
0.247347
0.033006
-0.105816
-0.123813
-0.113782
-0.055777
0.081381
0.183595
0.13121
0.036656
0.055414
0.141847
0.128324
0.035234
-0.021213
-0.050446
-0.101557
-0.129128
-0.108929
-0.041657
0.075204
0.185615
0.234467
0.236421
0.225292
0.085607
-0.228088
-0.378627
-0.231767
0.031022
0.102886
-0.039385
-0.092323
0.003643
0.087476
0.026834
-0.069823
-0.066174
0.020358
0.023647
-0.028602
0.007282
0.168856
0.284976
0.188561
-0.095899
-0.350595
-0.32953
-0.210582
-0.17497
-0.14363
-0.013645
0.208972
0.376225
0.364597
0.292247
0.292745
0.344993
0.335211
0.120498
-0.159632
-0.241546
-0.157458
-0.07358
-0.13858
-0.231297
-0.234668
-0.151172
-0.05645
-0.012522
-0.02573
-0.029509
0.010501
0.041497
-0.001943
-0.092275
-0.145059
-0.143315
-0.118182
-0.07855
-0.059928
-0.095434
-0.167906
-0.208897
-0.172629
-0.073222
0.026199
0.07734
0.06127
-0.001113
-0.080516
-0.120652
-0.090461
-0.079382
-0.101261
-0.100342
-0.047008
0.017822
0.053346
0.052748
-0.003701
-0.078607
-0.066318
0.008747
0.042457
-0.008758
-0.084032
-0.119582
-0.098493
-0.075819
-0.096191
-0.152162
-0.17403
-0.138947
-0.086116
-0.027861
0.057198
0.15929
0.259595
0.325865
0.328636
0.259582
0.151264
0.060164
-0.008716
-0.089514
-0.13018
-0.115239
-0.081527
-0.026695
0.057162
0.149409
0.200859
0.198284
0.208415
0.234
0.216501
0.151145
0.087772
0.03861
0.011669
-0.016478
-0.044742
-0.062098
-0.06642
-0.042894
-0.01854
-0.012802
-0.042869
-0.112141
-0.176191
-0.197959
-0.200498
-0.216625
-0.233384
-0.238847
-0.244642
-0.249556
-0.221343
-0.161026
-0.098556
-0.053067
0.011328
0.093542
0.151721
0.181394
0.198097
0.205075
0.224779
0.254443
0.257549
0.187218
0.052928
-0.086661
-0.201959
-0.260557
-0.260942
-0.240356
-0.213711
-0.170981
-0.095266
-0.019083
0.012801
0.003393
-0.003292
0.008905
0.03275
0.068998
0.087246
0.080752
0.074338
0.100464
0.141719
0.171186
0.226809
0.317445
0.407885
0.439695
0.401928
0.311754
0.181453
0.052175
-0.04902
-0.111498
-0.137593
-0.132479
-0.113266
-0.097362
-0.101422
-0.146885
-0.206226
-0.228849
-0.21627
-0.208117
-0.220528
-0.224475
-0.190662
-0.141564
-0.110461
-0.071803
-0.012893
0.045425
0.08017
0.08866
0.109707
0.135586
0.145179
0.140212
0.130471
0.112213
0.099849
0.116802
0.152797
0.178296
0.156157
0.080542
-0.008696
-0.07435
-0.097183
-0.089772
-0.080939
-0.06439
-0.04344
-0.032413
-0.03175
-0.033469
-0.04229
-0.047686
-0.024399
0.013178
0.032411
0.022845
0.002276
-0.005364
0.00637
0.033049
0.05423
0.070578
0.095146
0.114539
0.094861
0.045933
0.004418
-0.027384
-0.075815
-0.137397
-0.160249
-0.140256
-0.103327
-0.051551
0.013767
0.065285
0.08864
0.089726
0.081241
0.07597
0.093113
0.128313
0.158907
0.173523
0.166566
0.142933
0.107644
0.071287
0.040362
0.006547
-0.018518
-0.023322
-0.01844
-0.024563
-0.052043
-0.089461
-0.106241
-0.097487
-0.079357
-0.054446
-0.037101
-0.043188
-0.066116
-0.085315
-0.084329
-0.070016
-0.060508
-0.060636
-0.068119
-0.08523
-0.112414
-0.145281
-0.175441
-0.200525
-0.201599
-0.163495
-0.10582
-0.079042
-0.077082
-0.070378
-0.047519
-0.00352
0.041258
0.057367
0.054038
0.049189
0.04367
0.017632
-0.008637
-0.015523
-0.022031
-0.036842
-0.048977
-0.033136
-0.002654
0.005978
-0.005776
-0.014198
-0.01223
-0.000037
0.033091
0.081865
0.121655
0.130027
0.118895
0.106287
0.09728
0.098974
0.100436
0.096508
0.087346
0.067679
0.041559
0.016955
0.002558
-0.017153
-0.048383
-0.072006
-0.068427
-0.061361
-0.06074
-0.045326
-0.013067
0.007654
-0.009886
-0.036976
-0.034464
-0.000508
0.026089
0.031237
0.021378
0.012976
0.008691
0.013139
0.033191
0.059636
0.076324
0.079659
0.079119
0.079787
0.083608
0.086491
0.075048
0.049393
0.020214
-0.002691
-0.030812
-0.061738
-0.063271
-0.044852
-0.043478
-0.06188
-0.075057
-0.058163
-0.03265
-0.024233
-0.035843
-0.048798
-0.048424
-0.045882
-0.04283
-0.016346
0.031857
0.063405
0.06249
0.052405
0.044728
0.033998
0.020052
0.016203
0.022072
0.014609
-0.01698
-0.052796
-0.066241
-0.059702
-0.050182
-0.04893
-0.055978
-0.057122
-0.042871
-0.022487
-0.010985
-0.004026
0.003129
0.010158
0.017416
0.023331
0.021357
0.013484
0.003298
-0.007056
-0.010666
-0.016048
-0.033537
-0.05692
-0.065486
-0.046291
-0.013788
-0.003031
-0.015374
-0.012837
0.007245
0.007985
-0.00855
-0.015884
-0.010626
-0.005326
-0.001318
0.010684
0.022836
0.017951
0.018553
0.039318
0.056957
0.050322
0.033266
0.036013
0.05143
0.060624
0.063344
0.07237
0.085071
0.098195
0.11029
0.109283
0.100107
0.093658
0.094347
0.087084
0.064726
0.034361
0.015249
0.014296
0.017646
0.019142
0.016993
0.011128
0.008113
0.016505
0.032612
0.046835
0.050599
0.048341
0.047907
0.048913
0.049866
0.046475
0.039194
0.031314
0.025268
0.016292
0.012172
0.020576
0.033064
0.0392
0.038634
0.038415
0.034629
0.031543
0.030879
0.03281
0.0352
0.036777
0.035676
0.02105
-0.003395
-0.011923
-0.004419
-0.001984
-0.0112
-0.026238
-0.030995
-0.020088
-0.008461
-0.011219
-0.036165
-0.067324
-0.080496
-0.077629
-0.068657
-0.06046
-0.066452
-0.084305
-0.103731
-0.116757
-0.124263
-0.121297
-0.111244
-0.101495
-0.094485
-0.088925
-0.080742
-0.068319
-0.062244
-0.069363
-0.077239
-0.071115
-0.056955
-0.050119
-0.056759
-0.065293
-0.065834
-0.060913
-0.053559
-0.041738
-0.027851
-0.014447
-0.00503
-0.00579
-0.008581
-0.004651
0.005642
0.012244
0.015473
0.025533
0.039734
0.051929
0.059386
0.060047
0.055182
0.043325
0.024152
0.00063
-0.016849
-0.016617
-0.006884
-0.004256
-0.008986
-0.015752
-0.023382
-0.029611
-0.029715
-0.033727
-0.049791
-0.067047
-0.071759
-0.062799
-0.049661
-0.029772
-0.001648
0.025639
0.039814
0.037069
0.031385
0.035062
0.03811
0.022282
-0.00953
-0.039543
-0.050833
-0.04815
-0.033594
-0.012394
0.001582
0.004291
0.006706
0.022156
0.049588
0.075917
0.092817
0.098922
0.097578
0.091449
0.089198
0.094606
0.102572
0.094556
0.072456
0.045006
0.012046
-0.013165
-0.026953
-0.0332
-0.032056
-0.016034
0.012055
0.025791
0.009019
-0.015686
-0.021609
-0.013907
-0.011364
-0.014907
-0.013956
-0.007187
-0.00139
0.000473
-0.007683
-0.019235
-0.017447
-0.001718
0.019051
0.036303
0.040216
0.034102
0.026349
0.016544
-0.000975
-0.019643
-0.018121
-0.006015
-0.005244
-0.012108
-0.002921
0.022849
0.027089
0.00362
-0.02546
-0.038253
-0.02837
-0.016954
-0.011479
-0.002614
0.001269
-0.010385
-0.028596
-0.045855
-0.062089
-0.071654
-0.065742
-0.052034
-0.047273
-0.038717
-0.027256
-0.023841
-0.035905
-0.050793
-0.061207
-0.068616
-0.075016
-0.077058
-0.065391
-0.043161
-0.022032
-0.019269
-0.027265
-0.025639
-0.011109
-0.001781
-0.007077
-0.02232
-0.03163
-0.018613
0.007941
0.023624
0.023569
0.022696
0.027995
0.033079
0.035566
0.038756
0.035776
0.0249
0.021196
0.032119
0.038948
0.033856
0.030161
0.035084
0.032448
0.011435
-0.01097
-0.017468
-0.009177
-0.000451
-0.001405
-0.005239
0.001725
0.017467
0.027126
0.019869
0.006465
-0.002123
-0.005991
-0.005673
-0.00223
0.009945
0.026895
0.031877
0.021798
0.012204
0.006577
0.001251
-0.000222
0.00859
0.02588
0.034929
0.031779
0.024349
0.02461
0.031568
0.03289
0.025678
0.020208
0.033841
0.054736
0.053006
0.033077
0.015216
0.009226
0.003079
-0.003346
-0.002293
0.005017
0.012145
0.008156
-0.007457
-0.020827
-0.022828
-0.011028
0.006224
0.011312
0.007561
-0.002754
-0.014237
-0.020825
-0.021025
-0.019239
-0.01694
-0.011948
-0.007634
-0.015548
-0.034705
-0.045255
-0.039461
-0.025088
-0.010236
-0.003169
0.000227
0.005096
0.012856
0.017904
0.015179
0.004332
-0.003854
-0.007345
-0.014453
-0.027785
-0.035117
-0.02966
-0.019126
-0.004997
0.007582
0.011362
0.004821
-0.000059
0.003336
0.018797
0.031218
0.027554
0.018937
0.016046
0.021688
0.031727
0.035608
0.028589
0.014196
0.000058
-0.001201
0.010015
0.023521
0.030246
0.028205
0.020307
0.011566
0.000711
-0.005508
-0.000627
0.009331
0.01641
0.011739
0.004713
-0.000688
-0.003995
-0.004763
-0.000967
0.003116
0.005437
0.006676
0.007977
0.004611
-0.001054
-0.000131
0.00983
0.01793
0.019335
0.023296
0.029892
0.033196
0.027504
0.018384
0.0098
-0.001301
-0.010529
-0.012783
-0.004555
0.008522
0.01895
0.015319
-0.002207
-0.012641
-0.000333
0.026067
0.037304
0.035024
0.033592
0.036441
0.042853
0.051525
0.057468
0.048271
0.036533
0.035308
0.039453
0.040543
0.039034
0.042008
0.036944
0.027369
0.019315
0.012425
-0.004967
-0.027896
-0.030919
-0.013127
0.002754
0.011227
0.015509
0.018856
0.015137
0.007276
0.000821
0.003376
0.012677
0.019645
0.02503
0.030695
0.03514
0.037344
0.033496
0.024331
0.012681
0.002712
-0.002774
-0.013128
-0.024152
-0.028864
-0.029292
-0.029906
-0.025661
-0.021531
-0.02641
-0.036331
-0.038536
-0.035922
-0.035957
-0.034389
-0.02603
-0.016245
-0.006703
0.002757
0.006768
0.005313
0.001481
-0.000024
0.002518
0.003251
0.003555
0.006206
0.006531
-0.000401
-0.016492
-0.031743
-0.038479
-0.034977
-0.029649
-0.025004
-0.013881
-0.002423
-0.00252
-0.00626
-0.004753
-0.003876
-0.012182
-0.02291
-0.028004
-0.029714
-0.028615
-0.023703
-0.01359
-0.00965
-0.01903
-0.027276
-0.022226
-0.01403
-0.010818
-0.012698
-0.012515
-0.010226
-0.005897
-0.000662
-0.000115
-0.005903
-0.01433
-0.021028
-0.026636
-0.031667
-0.032605
-0.027268
-0.020265
-0.011614
-0.002686
0.001872
-0.003489
-0.015787
-0.023512
-0.027849
-0.028545
-0.025785
-0.021387
-0.015997
-0.008373
-0.008777
-0.023662
-0.035621
-0.032935
-0.021202
-0.011932
-0.009913
-0.010819
-0.016268
-0.023151
-0.027616
-0.029213
-0.029663
-0.028903
-0.027293
-0.024438
-0.019794
-0.016591
-0.01341
-0.011006
-0.012261
-0.017333
-0.021383
-0.018951
-0.0145
-0.012907
-0.013427
-0.012223
-0.008741
-0.008494
-0.011242
-0.011805
-0.008354
-0.007313
-0.006536
-0.004878
-0.00447
-0.002627
0.00274
0.011664
0.018191
0.013013
0.005336
0.010169
0.018773
0.019022
0.015348
0.014405
0.018025
0.021832
0.019065
0.010164
-0.001153
-0.005736
-0.004436
-0.005632
-0.004482
-0.001127
0.003409
0.005938
0.004592
0.002523
-0.000681
-0.003614
-0.003593
0.002244
0.006517
0.007483
0.009081
0.010485
0.01375
0.018152
0.018574
0.013297
0.006588
0.002003
-0.00114
0.004431
0.016472
0.019863
0.013596
0.007544
0.006057
0.006906
0.009142
0.009445
0.004333
-0.002734
-0.006443
-0.008877
-0.013158
-0.016702
-0.015436
-0.01521
-0.017003
-0.016025
-0.014611
-0.010501
-0.000974
0.013103
0.023849
0.022777
0.012434
0.006651
0.004386
0.002621
0.005701
0.009451
0.011455
0.011464
0.013979
0.019238
0.023008
0.024872
0.028389
0.034884
0.040194
0.040104
0.036116
0.032689
0.032979
0.037848
0.043235
0.042396
0.03588
0.030306
0.028431
0.027012
0.025991
0.023955
0.017243
0.012654
0.01097
0.010408
0.009404
0.008109
0.009238
0.014121
0.016128
0.006677
-0.005702
-0.007458
-0.006506
-0.010873
-0.016521
-0.015757
-0.014019
-0.015063
-0.014795
-0.011625
-0.010722
-0.012609
-0.013702
-0.016675
-0.026153
-0.035126
-0.037456
-0.036445
-0.03834
-0.039195
-0.037525
-0.03283
-0.030782
-0.03189
-0.03205
-0.029382
-0.02585
-0.02575
-0.02959
-0.034022
-0.038027
-0.041847
-0.039456
-0.032354
-0.029861
-0.028477
-0.022222
-0.016259
-0.019968
-0.025954
-0.024009
-0.013913
-0.003216
-0.000236
-0.00569
-0.012628
-0.01521
-0.014008
-0.013788
-0.011116
-0.00412
0.004208
0.005442
0.001543
-0.003568
-0.009277
-0.012918
-0.010301
-0.007456
-0.007259
-0.001735
0.009133
0.013746
0.010085
0.005014
0.000288
-0.005064
-0.006805
-0.004416
-0.000087
0.002319
0.001131
-0.003935
-0.010724
-0.00778
0.009619
0.02364
0.023367
0.01792
0.0165
0.017213
0.016782
0.015036
0.01443
0.016126
0.017836
0.017275
0.016918
0.016842
0.018357
0.021286
0.020349
0.014066
0.005003
0.001298
0.00575
0.010774
0.014352
0.016125
0.017157
0.016573
0.012807
0.002268
-0.010831
-0.01599
-0.008675
-0.001442
-0.005592
-0.012503
-0.009063
0.005332
0.017319
0.016091
0.007253
0.001544
-0.000403
0.008941
0.022847
0.029133
0.024177
0.017791
0.028054
0.035516
0.027809
0.023366
0.023227
0.019255
0.015143
0.017881
0.027986
0.038733
0.042341
0.03239
0.016307
0.004037
-0.007395
-0.021492
-0.01924
0.000119
0.024728
0.025949
0.016168
0.013641
0.011876
0.006381
0.001271
-0.001278
0.001677
0.005071
0.009032
0.014191
0.014364
0.008299
-0.002727
-0.017406
-0.024199
-0.01661
-0.009128
-0.012498
-0.020169
-0.020741
-0.002413
0.021354
0.025257
0.012349
0.011292
0.02034
0.023858
0.019794
0.017736
0.017831
0.019365
0.026257
0.031889
0.026827
0.014517
0.000328
-0.004381
0.001776
0.012349
0.018234
0.016752
0.016141
0.018506
0.015199
0.003907
-0.001639
0.005788
0.011732
0.01139
0.0088
0.005185
0.003252
0.002419
0.00088
0.001045
0.002011
-0.001342
-0.005941
-0.004783
-0.001103
-0.000609
-0.000004
0.002923
0.003209
0.001816
0.001027
-0.000736
-0.010247
-0.030446
-0.04795
-0.052142
-0.040967
-0.020482
0.002633
0.010407
-0.008618
-0.034086
-0.042501
-0.031905
-0.016216
-0.005338
-0.001112
-0.003698
-0.00863
-0.014207
-0.019019
-0.02015
-0.020909
-0.035649
-0.052844
-0.049008
-0.029228
-0.021924
-0.028939
-0.032016
-0.015174
0.014116
0.029367
0.018361
-0.002408
-0.017886
-0.020754
-0.018884
-0.024479
-0.033766
-0.031238
-0.01599
0.000488
0.003468
-0.00946
-0.016303
-0.002157
0.021483
0.027553
0.017865
0.012554
0.014049
0.011676
0.003093
-0.006216
-0.016792
-0.024756
-0.021905
-0.008478
0.000412
0.000563
0.006053
0.014234
0.011071
0.007923
0.011745
0.015182
0.011568
-0.005217
-0.028236
-0.03452
-0.018985
0.002322
0.005953
-0.002354
-0.005589
-0.003861
-0.010531
-0.022564
-0.022751
-0.001223
0.024649
0.036225
0.031469
0.018993
0.007844
0.000104
-0.000753
0.001502
0.001539
0.000837
0.004924
0.009875
0.010146
0.005801
-0.000228
-0.006576
-0.010001
-0.006103
0.003552
0.014198
0.02025
0.01869
0.013898
0.010595
0.01436
0.021359
0.019194
0.005182
-0.005715
-0.002562
0.008274
0.022165
0.035106
0.036058
0.030403
0.027399
0.02698
0.020729
0.010652
0.007815
0.01393
0.01754
0.01591
0.014124
0.012902
0.011524
0.012787
0.018034
0.019367
0.013918
0.007385
0.004127
0.001592
0.001452
0.002054
-0.00432
-0.011422
-0.00719
0.007114
0.01696
0.014051
0.004814
-0.008099
-0.020378
-0.027194
-0.030849
-0.031756
-0.025333
-0.013749
-0.001358
0.004745
0.004561
0.001433
-0.00507
-0.016985
-0.032818
-0.040962
-0.037448
-0.026569
-0.017677
-0.012162
-0.007218
-0.006845
-0.008816
-0.009081
-0.005443
-0.003448
-0.007489
-0.009822
-0.007529
-0.011861
-0.029476
-0.045854
-0.042498
-0.022136
-0.007682
-0.008785
-0.016667
-0.01692
-0.010719
-0.015225
-0.030869
-0.039903
-0.036538
-0.027858
-0.020044
-0.01562
-0.018571
-0.022111
-0.020818
-0.016702
-0.015602
-0.013716
-0.010335
-0.006737
-0.003248
0.000735
0.005575
0.013908
0.024346
0.025843
0.015924
0.007396
0.006826
0.005517
0.001089
0.001566
0.010484
0.023129
0.029226
0.028097
0.025573
0.023871
0.025045
0.025151
0.018925
0.009022
0.000806
0.000725
0.008617
0.015562
0.021442
0.02729
0.032596
0.032311
0.025782
0.020838
0.022231
0.024383
0.027422
0.032302
0.031356
0.023346
0.019149
0.020944
0.019198
0.014169
0.010911
0.012572
0.020563
0.032562
0.037833
0.029564
0.019516
0.012579
0.005993
-0.003322
-0.007076
0.000217
0.012636
0.02343
0.031361
0.037426
0.036681
0.030488
0.020795
0.008846
-0.001296
-0.011132
-0.022104
-0.024535
-0.012126
0.006604
0.015366
0.014593
0.01541
0.01776
0.018054
0.019324
0.020602
0.015682
0.003858
-0.008322
-0.016645
-0.018278
-0.021042
-0.027989
-0.031361
-0.026147
-0.021318
-0.019586
-0.014764
-0.004154
0.000537
-0.002161
-0.004107
-0.006949
-0.011509
-0.01899
-0.02609
-0.027605
-0.024177
-0.021051
-0.02304
-0.0309
-0.035038
-0.03207
-0.023412
-0.01596
-0.016686
-0.021105
-0.01745
-0.005943
-0.001428
-0.008777
-0.016486
-0.021718
-0.023571
-0.016142
-0.001316
0.00756
0.003284
0.00088
0.00688
0.010294
0.004129
-0.00785
-0.018873
-0.021779
-0.021706
-0.020807
-0.019633
-0.015763
-0.013688
-0.018178
-0.021512
-0.017116
-0.012381
-0.017332
-0.024856
-0.024534
-0.014113
-0.005353
0.000226
0.003741
0.006636
0.008779
0.009677
0.008736
0.004568
0.000665
-0.003248
-0.007891
-0.01164
-0.016114
-0.02015
-0.018478
-0.014311
-0.009838
-0.007252
-0.00315
0.004386
0.011887
0.013609
0.008439
0.003276
0.001303
0.002547
0.004312
0.004236
0.005235
0.00715
0.009182
0.013669
0.02021
0.025607
0.024798
0.020297
0.013708
0.001139
-0.00959
-0.014458
-0.017812
-0.019364
-0.015988
-0.013863
-0.011495
-0.007376
-0.003807
-0.000021
0.00696
0.015947
0.023047
0.028941
0.033274
0.03593
0.036387
0.032994
0.027247
0.024401
0.02157
0.021257
0.02205
0.022796
0.026702
0.031355
0.027705
0.013899
0.005998
0.004853
0.00207
-0.003325
-0.008166
-0.01263
-0.018757
-0.024325
-0.023337
-0.017938
-0.015186
-0.012642
-0.00526
-0.002681
-0.014382
-0.026471
-0.029683
-0.023494
-0.017817
-0.015096
-0.013744
-0.013508
-0.011682
-0.008227
-0.006522
-0.008389
-0.008837
-0.004918
0.000804
0.006124
0.007795
0.002151
-0.003052
-0.000657
0.006933
0.012693
0.008932
0.001734
-0.000185
0.000839
-0.001131
-0.00831
-0.018089
-0.023407
-0.017569
-0.013996
-0.020599
-0.022848
-0.015544
-0.009807
-0.00784
-0.005819
-0.000967
0.002925
0.004024
0.002043
-0.003958
-0.010562
-0.011035
-0.004596
-0.001292
0.000302
0.003668
0.008286
0.007869
-0.000455
-0.006822
-0.002061
0.005656
0.006376
-0.001665
-0.004986
0.003207
0.012038
0.010034
0.000994
-0.002585
-0.001006
0.001215
0.001893
0.007885
0.012646
0.012498
0.010287
0.01066
0.014079
0.015095
0.005275
-0.00696
-0.01031
-0.008579
-0.010192
-0.008225
0.002296
0.010049
0.001953
-0.010011
-0.005155
0.010412
0.009906
-0.0026
-0.006418
-0.001854
0.00525
0.009597
0.006115
-0.003642
-0.003344
0.005
0.008497
0.006658
0.006964
0.009728
0.009726
0.004089
-0.001597
-0.002884
-0.004025
-0.001751
0.000485
0.001783
0.000418
-0.001655
-0.004695
-0.00824
-0.011029
-0.013979
-0.015238
-0.013605
-0.011839
-0.008874
-0.005453
-0.002617
0.000383
0.004336
0.006896
0.005727
0.004269
0.006036
0.009628
0.010904
0.011726
0.014986
0.017516
0.013015
0.006424
0.001985
0.000675
0.002787
0.005591
0.004523
0.001919
0.003767
0.002923
-0.004251
-0.008641
-0.007348
-0.006419
-0.007456
-0.005798
-0.001709
0.00314
0.00502
0.00104
0.000698
0.005197
0.00691
0.002332
-0.002054
-0.002425
0.001793
0.006487
0.009677
0.007991
0.002023
-0.005729
-0.009084
-0.010823
-0.012027
-0.010925
-0.007617
-0.002987
0.00356
0.00505
0.00314
0.00359
0.002244
-0.000403
0.000115
0.00167
0.003303
0.002287
0.000872
-0.001027
-0.003364
-0.002885
-0.003859
-0.006352
-0.00373
0.00617
0.006976
-0.001032
-0.000624
0.003458
0.004779
0.004717
0.006014
0.003738
-0.001331
-0.001496
0.002502
0.00541
0.005661
0.005143
0.001324
-0.001531
0.000463
0.007228
0.012206
0.01397
0.017648
0.018135
0.014701
0.010614
0.007914
0.005299
0.004208
0.007953
0.011912
0.012005
0.012212
0.014782
0.017428
0.017217
0.013813
0.007145
0.004793
0.004603
0.000455
-0.005018
-0.001404
0.006078
0.005945
0.00213
0.003676
0.003308
-0.000342
-0.001385
-0.001278
-0.003001
-0.004189
-0.000045
0.00638
0.009584
0.011033
0.012973
0.016
0.015758
0.011259
0.006807
0.004407
0.00319
0.00167
0.003542
0.008438
0.010807
0.005392
-0.002436
-0.002456
0.002622
0.005231
0.000871
-0.005408
-0.006415
-0.00472
-0.004955
-0.007344
-0.008357
-0.007178
-0.006367
-0.006821
-0.008225
-0.010621
-0.012567
-0.011063
-0.006465
-0.002766
-0.001135
0.001241
0.004002
0.00482
0.002371
-0.002306
-0.007858
-0.014341
-0.014985
-0.00749
-0.006033
-0.011485
-0.016828
-0.014148
-0.006777
-0.004204
-0.007148
-0.01019
-0.009674
-0.008821
-0.006793
-0.003932
-0.002085
-0.000467
-0.000024
0.001342
0.003658
0.00572
0.006845
0.007888
0.007677
0.005062
0.002245
0.001922
0.003734
0.002462
-0.002731
-0.006825
-0.00801
-0.006822
-0.004528
-0.002846
-0.005219
-0.009518
-0.010415
-0.008465
-0.005119
-0.000505
0.006087
0.009648
0.002778
-0.006203
-0.007963
-0.004772
0.000635
0.003295
0.002529
-0.000879
-0.003179
-0.004532
-0.003228
-0.004936
-0.007836
-0.007645
-0.003841
-0.000511
0.001475
0.002026
0.000659
-0.002512
-0.006984
-0.010931
-0.012318
-0.009608
-0.005936
-0.002198
-0.003451
-0.010142
-0.015182
-0.015499
-0.014993
-0.017498
-0.020923
-0.019216
-0.015447
-0.014522
-0.015217
-0.0121
-0.001548
0.003254
-0.000035
-0.000371
0.003038
0.006538
0.006161
0.003992
0.003356
0.005099
0.00502
0.002467
0.002329
0.005781
0.009557
0.009703
0.00709
0.007023
0.011748
0.015373
0.016422
0.017764
0.016642
0.012854
0.010272
0.010682
0.011744
0.013125
0.014986
0.014743
0.013382
0.014964
0.017779
0.014374
0.00872
0.007545
0.00573
0.001553
-0.000016
0.001741
0.002098
0.002992
0.007162
0.008446
0.006586
0.008233
0.011892
0.0097
0.005865
0.004483
0.003471
0.002637
0.001371
-0.002812
-0.007778
-0.004835
0.004331
0.00636
-0.000167
-0.004192
-0.00323
-0.002041
-0.000562
-0.000636
-0.004452
-0.006489
-0.000021
0.00596
0.003066
-0.003022
-0.006566
-0.008225
-0.008933
-0.008252
-0.008176
-0.009006
-0.009215
-0.00893
-0.009533
-0.01008
-0.008002
-0.008242
-0.010112
-0.008919
-0.009834
-0.013963
-0.017254
-0.015223
-0.010423
-0.00797
-0.008495
-0.013284
-0.017927
-0.017762
-0.012587
-0.009105
-0.007886
-0.006631
-0.004005
-0.001386
-0.000194
0.000374
0.000938
-0.000236
-0.004162
-0.007006
-0.005421
-0.003748
-0.004273
-0.004672
-0.001412
0.001616
-0.002706
-0.009034
-0.008216
-0.00612
-0.006029
-0.00527
-0.002768
0.000289
0.003471
0.005594
0.005176
0.004549
0.005891
0.007756
0.007056
0.003146
-0.00052
-0.003738
-0.006674
-0.007774
-0.007364
-0.008087
-0.011431
-0.013757
-0.011981
-0.009811
-0.008234
-0.006705
-0.009455
-0.012211
-0.01108
-0.005352
-0.001681
-0.002323
-0.002981
-0.000611
0.003285
0.005179
0.005293
0.006451
0.01157
0.016289
0.011744
0.003869
-0.000548
-0.001304
-0.000004
0.004222
0.0111
0.011343
0.003258
-0.003395
-0.001169
0.004177
0.004407
0.003406
0.004687
0.007214
0.008808
0.009307
0.008706
0.008306
0.0089
0.009614
0.009184
0.009415
0.011018
0.01104
0.006885
0.003521
0.004244
0.004616
0.002777
0.000689
0.000023
0.001065
0.002023
0.002931
0.004387
0.004415
0.00318
0.000421
-0.002491
-0.00242
0.000694
0.001893
0.001829
0.002087
0.002758
0.003285
0.003774
0.005135
0.007644
0.009713
0.00922
0.006153
0.005239
0.006358
0.00596
0.005343
0.008381
0.011934
0.0064
-0.001813
-0.001866
0.001072
-0.000054
-0.003335
-0.004313
-0.005341
-0.008642
-0.009154
-0.006441
-0.006158
-0.006987
-0.006544
-0.004679
-0.002845
-0.00078
0.001567
0.006376
0.012075
0.01225
0.004127
-0.004259
-0.004997
0.003956
0.010041
0.009205
0.00328
-0.000592
0.001944
0.006973
0.011516
0.011847
0.006544
0.005709
0.008291
0.006931
0.002903
-0.000621
0.001622
0.008519
0.012855
0.012243
0.008774
0.007933
0.007812
0.007249
0.007836
0.007751
0.004673
0.001773
0.001632
0.003205
0.00412
0.003553
0.002805
0.001964
0.001039
0.000837
0.000983
0.000205
-0.001844
-0.00361
-0.003439
-0.001997
-0.000649
0.000415
0.002156
0.004476
0.004369
0.001745
0.003184
0.008265
0.007342
-0.001297
-0.004772
0.001216
0.005744
0.004174
0.003133
0.006542
0.006821
0.002071
-0.000668
-0.002415
-0.006633
-0.008728
-0.002808
0.00708
0.010436
0.00803
0.007119
0.009097
0.012327
0.014415
0.010457
0.00141
-0.006342
-0.007256
-0.005872
-0.00301
-0.000222
-0.003243
-0.009752
-0.015184
-0.016399
-0.010027
-0.004825
-0.00168
0.003109
0.007531
0.00672
-0.004349
-0.015324
-0.012964
-0.002986
0.001396
0.000272
0.002918
0.007365
0.004802
-0.004957
-0.01134
-0.007887
-0.000263
-0.004143
-0.010965
-0.012446
-0.011705
-0.012127
-0.016176
-0.020761
-0.02085
-0.017781
-0.015976
-0.013732
-0.010108
-0.007632
-0.007829
-0.008748
-0.008578
-0.00793
-0.007437
-0.00677
-0.005396
-0.003753
-0.002908
-0.002584
-0.002024
-0.003248
-0.009393
-0.015352
-0.015523
-0.010957
-0.008041
-0.006894
-0.00667
-0.008222
-0.006698
-0.001821
0.00059
-0.000831
-0.00017
0.00473
0.008065
0.007574
0.008896
0.011584
0.008841
0.00346
0.000442
-0.003332
-0.006895
-0.008133
-0.006253
-0.004681
-0.003978
-0.001736
-0.001184
-0.003472
-0.002114
0.004782
0.009084
0.004461
-0.001426
-0.004759
-0.008528
-0.011393
-0.008304
-0.003239
-0.002645
-0.003073
-0.00028
0.004474
0.008075
0.008644
0.009708
0.011461
0.006051
-0.003346
-0.0093
-0.008599
-0.00562
-0.00204
0.000306
-0.000735
-0.003487
-0.004324
-0.002661
-0.002328
-0.002483
-0.002043
-0.001541
-0.002353
-0.002301
-0.000893
-0.001307
-0.004803
-0.006451
-0.005874
-0.00736
-0.008031
-0.003014
0.00262
0.000817
-0.002358
-0.002756
-0.000328
-0.000559
-0.001545
-0.000111
0.004022
0.00434
-0.000869
-0.004106
-0.00288
-0.000737
-0.000559
-0.00155
0.000262
0.003176
0.005383
0.00847
0.00976
0.004832
-0.002299
-0.002129
0.004501
0.009381
0.01147
0.011201
0.007011
0.003012
-0.005573