0.009296
0.010279
0.00945
0.005259
0.007026
0.017239
0.023685
0.024713
0.022633
0.013514
0.000336
0.0047
0.01925
0.016837
0.011782
0.019627
0.020827
0.011002
0.014543
0.023719
0.013211
-0.011282
-0.009546
0.005412
0.003194
0.008614
0.013027
0.005009
-0.014599
-0.025737
-0.02068
-0.006927
0.002489
0.010603
0.032118
0.028251
0.002376
-0.026747
-0.035353
0.007666
0.045702
0.014322
-0.017612
0.003193
0.021905
0.021633
0.024852
0.027311
-0.013095
-0.049225
-0.004919
0.041644
0.036982
0.02254
0.015747
-0.012175
-0.044664
-0.046546
-0.035719
-0.022085
0.020151
0.052439
0.061082
0.020765
-0.04262
-0.034817
-0.013439
-0.013183
-0.003258
0.022669
0.034236
0.038677
0.042471
0.040829
0.002449
-0.048913
-0.040464
-0.025515
0.00676
0.037007
0.053242
0.002147
-0.03673
0.016125
0.043019
-0.005933
-0.049397
-0.005752
0.010858
-0.013128
-0.036085
-0.012834
0.004055
-0.007873
-0.032459
-0.025802
-0.020835
-0.051635
-0.036534
0.021298
0.063698
0.015678
-0.058459
-0.033908
0.037984
0.061601
0.01049
-0.003229
0.044081
0.051692
-0.012129
-0.069426
-0.008012
0.049414
-0.016352
-0.104576
-0.034388
0.102227
0.118605
0.000222
-0.07182
-0.077561
-0.123345
-0.124608
0.001608
0.094395
0.061639
-0.00707
-0.003355
-0.008603
-0.078851
-0.0871
-0.039635
-0.005711
0.012818
0.059876
0.033406
-0.061605
-0.068236
-0.00527
-0.030811
-0.078504
-0.076199
-0.044922
-0.04462
-0.034324
0.006674
0.00409
-0.02046
-0.007435
0.029568
-0.007976
-0.01422
0.041442
0.057452
0.017879
0.025771
0.051015
0.040722
0.03862
0.077547
0.106731
0.075832
0.038444
0.013047
-0.018994
-0.0588
-0.076729
-0.100948
-0.141069
-0.179619
-0.205597
-0.229004
-0.25713
-0.262383
-0.268902
-0.280574
-0.264884
-0.248124
-0.271497
-0.289912
-0.247627
-0.207311
-0.225519
-0.238783
-0.15426
-0.000688
0.145823
0.281154
0.359621
0.361475
0.382437
0.393184
0.332533
0.305096
0.360751
0.489206
0.17824
-0.421129
-0.554184
-0.401725
-0.269435
-0.264422
-0.224686
-0.050628
0.142682
0.224865
0.228491
0.332943
0.489231
0.476232
0.306823
0.241923
0.30224
0.327335
0.334913
0.379507
0.326575
0.047563
-0.227307
-0.290501
-0.210605
-0.085234
-0.00841
0.037005
0.066409
0.128604
0.135971
-0.003896
-0.131653
-0.118056
-0.046028
-0.021692
-0.051346
-0.089477
-0.116862
-0.017704
0.164549
0.252929
0.222087
0.113889
0.055892
0.038925
-0.002275
-0.019904
-0.006454
0.004247
0.007806
-0.026494
-0.094012
-0.147767
-0.180826
-0.206409
-0.213045
-0.13169
-0.006396
0.049801
0.048378
0.026525
-0.009866
-0.050111
-0.065326
-0.086761
-0.102162
-0.117192
-0.094691
-0.009143
0.060368
0.075511
0.052355
0.063338
0.143716
0.134173
0.019224
-0.032092
-0.036524
-0.077967
-0.156289
-0.108866
0.007613
0.04525
0.020397
-0.047848
-0.127404
-0.176437
-0.130649
-0.073029
-0.060287
-0.032
0.043266
0.079562
0.056867
0.04615
0.058116
0.057359
0.01741
0.007056
0.016537
0.001615
-0.043421
-0.060298
-0.035528
-0.023101
-0.044365
-0.074675
-0.089604
-0.103512
-0.120848
-0.124874
-0.07912
0.009839
0.089447
0.133841
0.126872
0.079183
0.041664
0.018192
0.000979
-0.018835
-0.027682
-0.038199
-0.060124
-0.07715
-0.063202
-0.021047
0.017461
0.045499
0.055867
0.066034
0.075324
0.063951
0.020865
-0.037604
-0.114745
-0.203658
-0.261298
-0.192017
-0.02762
0.109125
0.179024
0.183278
0.124527
0.010369
-0.092536
-0.120297
-0.079653
-0.017917
0.052079
0.111348
0.159559
0.178784
0.1642
0.131604
0.083922
0.05128
0.061958
0.098189
0.112233
0.089855
0.076701
0.07276
0.039829
0.021675
0.067363
0.124778
0.114156
0.069322
0.051733
0.030579
-0.019864
-0.060681
-0.039327
0.012821
0.032469
0.006794
-0.046638
-0.092628
-0.105277
-0.079063
-0.047551
-0.041891
-0.063974
-0.095233
-0.134896
-0.179576
-0.143963
0.000307
0.150897
0.247999
0.293957
0.308868
0.284834
0.168066
0.029399
-0.074415
-0.129462
-0.119692
-0.092811
-0.089015
-0.127804
-0.159679
-0.154955
-0.138086
-0.15006
-0.152914
-0.132757
-0.133915
-0.15492
-0.157519
-0.113592
-0.053525
-0.002958
0.038451
0.070714
0.086326
0.067165
0.024822
0.019104
0.060648
0.089558
0.082665
0.078868
0.099754
0.118678
0.080567
0.009449
-0.031955
-0.048835
-0.068043
-0.087327
-0.094109
-0.095621
-0.083046
-0.048157
0.014241
0.075154
0.0964
0.089743
0.085021
0.093562
0.10397
0.109677
0.104371
0.087337
0.064018
0.038342
0.008024
-0.011081
-0.016584
-0.022088
-0.035084
-0.056769
-0.071234
-0.067517
-0.05197
-0.045203
-0.040623
-0.027217
-0.01058
-0.005559
-0.016971
-0.029502
-0.023215
-0.005638
-0.003459
-0.013726
-0.013143
0.017545
0.057173
0.073694
0.062673
0.029394
-0.013613
-0.036264
-0.036092
-0.035982
-0.050729
-0.042567
0.017209
0.067583
0.072057
0.059863
0.034785
-0.004226
-0.016738
0.002548
0.011983
-0.020091
-0.039093
-0.028662
-0.034638
-0.057548
-0.059064
-0.036091
-0.028786
-0.037618
-0.043301
-0.048592
-0.056905
-0.03853
0.003648
0.020534
0.009613
-0.00033
-0.002053
-0.013892
-0.037129
-0.057841
-0.06463
-0.043411
-0.00931
0.018826
0.042313
0.060157
0.062071
0.034208
-0.003651
-0.038
-0.071133
-0.083058
-0.054511
-0.003336
0.020276
0.022343
0.02507
0.026949
0.019127
0.009583
0.008542
0.006718
0.001677
0.001817
0.010133
0.014298
0.010618
0.004495
-0.002688
-0.018236
-0.039773
-0.055515
-0.06146
-0.046673
-0.006522
0.03654
0.065614
0.079204
0.081583
0.065955
0.041478
0.037086
0.042712
0.030151
-0.008905
-0.055561
-0.08053
-0.085581
-0.057314
-0.007546
0.038318
0.069126
0.08083
0.076637
0.039404
-0.018076
-0.067932
-0.079639
-0.06379
-0.039504
-0.012435
0.008283
0.013669
0.008265
0.006076
0.009498
0.009352
-0.002717
-0.01891
-0.022798
-0.013801
-0.007294
-0.003927
-0.002591
-0.004432
-0.009725
-0.010249
-0.001051
0.007438
0.007241
-0.002229
-0.012707
-0.011208
0.004236
0.024619
0.036485
0.037938
0.043269
0.055272
0.064134
0.063373
0.056823
0.050028
0.03781
0.021463
0.011469
0.010545
0.008642
0.00193
-0.002456
0.000635
0.004438
-0.000803
-0.01893
-0.041776
-0.059045
-0.073039
-0.085747
-0.081104
-0.038885
0.005329
0.019637
0.021724
0.029411
0.038973
0.037073
0.02524
0.016255
0.00973
0.004157
0.007802
0.017131
0.023036
0.024252
0.023592
0.019099
0.010198
0.003663
0.00395
0.004742
-0.005673
-0.031287
-0.05309
-0.050777
-0.023385
-0.0019
0.001423
0.005153
0.01276
0.013641
0.000186
-0.021227
-0.038528
-0.042429
-0.032111
-0.018526
-0.01137
-0.005947
0.002364
0.008702
0.005164
-0.0085
-0.018489
-0.018125
-0.015353
-0.017684
-0.016356
-0.001446
0.006375
-0.005723
-0.019883
-0.019573
-0.011006
-0.001136
0.011735
0.016913
0.004607
-0.012027
-0.019718
-0.020317
-0.01654
0.00599
0.036094
0.045657
0.038044
0.032761
0.035954
0.035131
0.028423
0.024887
0.027606
0.025144
0.015464
0.003488
-0.004734
-0.005352
-0.002766
-0.005689
-0.020419
-0.039112
-0.051821
-0.051959
-0.041318
-0.024842
-0.010507
-0.005008
-0.007902
-0.007148
0.006478
0.022943
0.026505
0.019858
0.012681
0.002256
-0.010495
-0.013002
0.001517
0.018204
0.025013
0.024036
0.021298
0.017147
0.011413
0.004227
-0.004374
-0.01072
-0.019146
-0.027088
-0.025963
-0.017159
-0.01524
-0.019903
-0.016953
-0.010519
-0.008992
-0.014787
-0.014937
-0.0109
-0.010332
-0.007443
0.000615
0.006508
0.004945
0.00091
-0.002885
-0.004549
-0.002069
0.003042
0.009804
0.021437
0.03162
0.035742
0.031601
0.026846
0.022553
0.013443
-0.001221
-0.015442
-0.022123
-0.02448
-0.026927
-0.030742
-0.032898
-0.028922
-0.017604
-0.001902
0.00647
0.000103
-0.01212
-0.016165
-0.008348
0.003338
0.017713
0.029238
0.029634
0.019396
0.01056
0.007069
0.005782
0.007304
0.01104
0.014876
0.020616
0.028039
0.027913
0.014666
-0.002082
-0.006605
0.000599
0.006483
0.001831
-0.008219
-0.014954
-0.016655
-0.014477
-0.007072
0.004043
0.010066
0.003701
-0.005698
-0.002581
0.010299
0.019132
0.024839
0.031687
0.03367
0.027064
0.012028
-0.005172
-0.018051
-0.021373
-0.015381
-0.003871
0.009607
0.021362
0.019818
-0.000323
-0.021226
-0.028631
-0.028825
-0.027889
-0.023983
-0.015114
-0.003716
0.010304
0.025766
0.032241
0.026432
0.018031
0.014512
0.01547
0.021122
0.026593
0.027435
0.024994
0.025051
0.027191
0.026318
0.021353
0.014266
0.006306
-0.004932
-0.016411
-0.022668
-0.026191
-0.030782
-0.031511
-0.02307
-0.015252
-0.012242
-0.007371
0.000472
0.005414
0.00303
0.002317
0.006686
0.011392
0.011721
0.006798
0.005496
0.008178
0.008826
0.005317
-0.000461
-0.003507
-0.004761
-0.003802
-0.002603
-0.002151
-0.002776
-0.003921
-0.00326
-0.000054
0.002916
0.006167
0.012652
0.01856
0.019564
0.013759
0.005835
-0.000903
-0.004364
-0.006736
-0.011508
-0.017657
-0.021996
-0.019784
-0.013231
-0.005785
0.000729
0.005335
0.004628
-0.001887
-0.007682
-0.009684
-0.006207
-0.000719
0.005974
0.012005
0.011976
0.005177
-0.004202
-0.00868
-0.005405
0.002207
0.009994
0.013126
0.008531
0.003407
0.005719
0.010081
0.007477
-0.002914
-0.012475
-0.016608
-0.013946
-0.00369
0.007178
0.011387
0.006977
0.000838
0.000362
0.00395
0.002549
-0.004096
-0.013546
-0.023071
-0.026347
-0.017365
0.001969
0.015697
0.013968
0.001729
-0.012185
-0.02209
-0.024143
-0.019205
-0.011907
-0.00873
-0.008671
-0.006046
-0.001613
0.001831
0.004572
0.009506
0.015998
0.021237
0.024441
0.022003
0.015318
0.009486
0.009796
0.014198
0.015905
0.013324
0.007341
0.001961
-0.000168
-0.000343
0.000433
-0.000729
-0.005251
-0.009917
-0.013227
-0.016769
-0.022365
-0.024197
-0.01889
-0.011838
-0.008108
-0.00649
-0.003857
-0.002572
-0.003861
-0.003432
0.000543
0.008141
0.013298
0.011362
0.009084
0.009152
0.006694
-0.000679
-0.005706
-0.003585
0.001324
0.003035
0.001316
-0.000196
-0.001928
-0.006603
-0.013022
-0.018751
-0.023758
-0.025341
-0.021669
-0.017307
-0.016561
-0.015156
-0.009637
-0.003279
0.002334
0.008545
0.013322
0.013242
0.007734
0.002338
0.002271
0.005943
0.011279
0.016799
0.021411
0.021746
0.016573
0.009671
0.007761
0.01073
0.014855
0.015933
0.012556
0.006875
0.001577
0.000281
-0.003662
-0.012634
-0.021882
-0.025461
-0.022104
-0.014051
-0.004468
0.0041
0.005029
-0.002402
-0.009296
-0.013165
-0.018546
-0.022742
-0.01708
-0.00736
-0.001145
0.00117
0.002918
0.002742
-0.000703
-0.001621
-0.000989
-0.004418
-0.007774
-0.005902
0.000075
0.006435
0.010396
0.010546
0.007346
0.004806
0.001704
-0.001432
-0.004683
-0.00758
-0.005752
-0.003426
-0.000941
0.000317
-0.001055
-0.004337
-0.005608
-0.002919
-0.001952
-0.001853
-0.004715
-0.007901
-0.008979
-0.007204
-0.003421
-0.002025
-0.00324
-0.005152
-0.003785
0.000263
0.005492
0.007573
0.004658
0.0001
-0.002734
-0.000967
-0.000942
-0.002125
-0.003523
-0.007201
-0.008072
-0.004525
-0.00031
0.000056
-0.00166
-0.003878
-0.005257
-0.005348
-0.003655
-0.004073
-0.009307
-0.013976
-0.00826
0.004597
0.010893
0.009525
0.004627
-0.001626
-0.009238
-0.009213
-0.004074
0.000543
0.001415
-0.000479
-0.000296
-0.001794
-0.004102
-0.003363
-0.001178
-0.000753
-0.004253
-0.010219
-0.01095
-0.009325
-0.010654
-0.012637
-0.007376
-0.000576
-0.000623
-0.002115
-0.002093
-0.006997
-0.012069
-0.00939
-0.00237
0.00264
0.0061
0.013887
0.018249
0.012888
0.004617
0.002051
0.002645
0.003941
0.008114
0.008528
0.000323
-0.008638
-0.005088
0.004004
0.008091
0.006035
0.006144
0.008576
0.007143
0.005616
0.001855
-0.00589
-0.016929
-0.023176
-0.020089
-0.011339
-0.000936
0.007622
0.014357
0.019827
0.021692
0.018009
0.00903
-0.000958
-0.007698
-0.006542
-0.001892
0.00079
0.004142
0.008498
0.011529
0.011145
0.009429
0.00504
0.002504
0.004074
0.008833
0.011651
0.010021
0.006438
0.001215
-0.002391
-0.00316
-0.001522
-0.000015
-0.00058
-0.000867
0.000132
0.004539
0.008308
0.00825
0.003493
-0.002266
-0.006025
-0.001156
0.017797
0.035192
0.029362
0.004483
-0.010442
-0.008337
0.001279
0.011057
0.018964
0.017971
0.01201
0.008501
0.00369
-0.000924
0.00399
0.013941
0.014672
0.00819
0.002316
-0.005356
-0.015096
-0.02113
-0.016999
-0.007067
0.003684
0.01052
0.00778
0.00068
-0.003027
0.000156
0.005358
0.005394
0.003362
0.004671
0.009926
0.012886
0.010546
0.010694
0.012424
0.012391
0.006956
-0.000201
-0.008503
-0.011867
-0.007059
0.001161
0.004946
-0.000478
-0.006874
-0.011307
-0.01421
-0.012754
-0.007306
-0.005096
-0.003592
-0.000161
0.00358
0.004316
0.00436
0.005678
0.002775
-0.001923
-0.001431
0.002479
0.004458
0.007647
0.008668
0.007776
0.003542
-0.002743
-0.007179
-0.009118
-0.008633
-0.007581
-0.007418
-0.008056
-0.008681
-0.009315
-0.003607
0.005371
0.009907
0.007978
0.003446
-0.001189
-0.005739
-0.00932
-0.010137
-0.006077
-0.00116
0.003989
0.007364
0.009346
0.010401
0.008534
0.003016
-0.003989
-0.007273
-0.003517
0.003171
0.008836
0.01231
0.010544
0.004249
-0.001242
-0.003698
-0.006192
-0.01042
-0.012491
-0.010014
-0.006536
-0.003881
-0.002984
-0.003554
-0.005527
-0.008297
-0.009348
-0.009392
-0.007701
-0.003227
0.001576
0.004967
0.006984
0.008465
0.006731
0.003808
-0.000649
-0.002743
-0.005207
-0.007142
-0.005478
-0.00432
-0.004465
-0.007447
-0.009667
-0.010991
-0.011952
-0.011697
-0.010773
-0.008999
-0.006884
-0.0054
-0.003261
-0.000136
0.005728
0.008957
0.007181
0.003642
0.00221
0.00418
0.007373
0.011528
0.012307
0.006515
-0.000407
-0.002563
-0.001188
0.002225
0.005778
0.006147
0.00366
0.001104
-0.000252
-0.001717
-0.004608
-0.00429
-0.005827
-0.008367
-0.007922
-0.005576
-0.003632
-0.002027
0.000055
-0.000088
-0.000937
0.000265
0.003633
0.006175
0.006321
0.006319
0.006134
0.00522
0.005618
0.005412
0.006014
0.005844
0.001918
-0.003245
-0.00561
-0.004517
-0.004465
-0.007302
-0.010712
-0.012891
-0.012546
-0.007848
-0.00116
0.002837
0.002909
0.000427
-0.001246
-0.001551
0.001178
0.004835
0.006688
0.00998
0.012322
0.013912
0.012052
0.010664
0.008419
0.00515
0.005847
0.007303
0.008155
0.007322
0.005555
0.001348
-0.003425
-0.006684
-0.008553
-0.009994
-0.010549
-0.011021
-0.011347
-0.011531
-0.009909
-0.006742
-0.005493
-0.006551
-0.004507
-0.003798
-0.005491
-0.005331
-0.001043
0.004432
0.008828
0.009044
0.006062
0.003986
0.003558
0.006337
0.007835
0.00922
0.008177
0.00504
0.002272
-0.000097
-0.002694
-0.007069
-0.009209
-0.008921
-0.00712
-0.002394
0.001703
0.002549
-0.000425
-0.00438
-0.006919
-0.006511
-0.003098
-0.001146
-0.000139
0.001743
0.004176
0.005332
0.00442
0.004247
0.002502
0.001433
0.001604
0.003246
0.002727
-0.001086
-0.003119
-0.005977
-0.00877
-0.009605
-0.006993
-0.004547
-0.001022
0.001969
0.003312
0.003177
0.003289
0.00336
0.001577
0.00084
0.002623
0.004328
0.00456
0.003402
-0.000325
-0.005262
-0.00749
-0.004689
-0.000209
0.002339
0.002297
0.000606
-0.003364
-0.005235
-0.004108
-0.003599
-0.004915
-0.004536
-0.004276
-0.005027
-0.005233
-0.006671
-0.007625
-0.008981
-0.009751
-0.009273
-0.008398
-0.008295
-0.008851
-0.007092
-0.002642
0.002664
0.00588
0.005645
0.003893
0.002284
0.001523
0.003211
0.005707
0.005501
0.004208
0.003747
0.003384
0.002371
0.001715
0.00093
0.0009
0.004325
0.004428
0.001631
-0.00161
-0.005097
-0.007141
-0.007413
-0.004302
-0.000528
-0.000258
-0.001957
-0.002151
-0.001248
-0.000776
-0.001539
-0.002417
-0.003187
-0.004757
-0.005412
-0.0033
0.000998
0.005449
0.0063
0.00607
0.006566
0.006375
0.004473
0.004753
0.007365
0.007897
0.005448
0.003246
0.003262
0.001432
-0.000648
-0.001514
-0.001448
-0.001807
-0.004131
-0.007083
-0.010363
-0.011138
-0.009798
-0.007434
-0.004402
-0.001577
0.000603
0.002351
0.005271
0.007878
0.007777
0.006195
0.005469
0.005904
0.007026
0.007807
0.008486
0.007342
0.00647
0.005244
0.002165
-0.000877
-0.002863
-0.002964
-0.003237
-0.002883
-0.000696
0.002134
0.002561
0.002021
0.003344
0.004247
0.00318
0.000506
0.000592
0.003872
0.005139
0.00565
0.006562
0.006892
0.005746
0.003455
0.004235
0.004335
0.003878
0.002869
0.001534
0.001035
0.001234
0.002921
0.004204
0.00441
0.005329
0.005988
0.004585
0.003191
0.001002
-0.002292
-0.001624
0.002599
0.005632
0.003095
-0.000139
-0.001816
-0.002454
-0.003333
-0.003848
-0.003252
-0.003303
0.000071
0.00329
0.004231
0.002237
0.001354
0.00067
0.002648
0.003952
0.002105
-0.000896
-0.004382
-0.002949
-0.00029
0.001179
0.000768
-0.000189
-0.002316
-0.00379
-0.002911
-0.001858
-0.001907
-0.003728
-0.004486
-0.002355
-0.000397
-0.001678
-0.00445
-0.004049
-0.003569
-0.003103
-0.000632
0.003682
0.00533
0.005815
0.005508
0.004621
0.0032
0.001374
0.003623
0.004589
0.004209
0.002117
-0.001058
-0.003185
-0.005192
-0.004728
-0.003638
-0.003291
-0.002617
-0.00198
0.001209
0.00456
0.005154
0.0054
0.006312
0.007585
0.007058
0.005106
0.005149
0.003992
-0.000563
-0.003232
-0.003132
-0.001098
0.000007
0.000031
-0.000784
-0.00396
-0.005044
-0.00371
-0.002171
-0.003044
-0.004
-0.003819
-0.003827
-0.004532
-0.0042
-0.001904
-0.000412
-0.000115
0.001319
0.001816
0.001522
0.00163
0.001903
0.003235
0.003133
0.001274
0.000165
0.000748
0.002744
0.005792
0.00522
0.00232
-0.000728
-0.001867
0.000395
0.001456
0.001355
-0.000685
-0.000977
0.000683
-0.001426
-0.0037
-0.004344
-0.004669
-0.007588
-0.009061
-0.006183
-0.003319
-0.003001
-0.001686
0.001458
0.00287
0.001343
-0.001234
-0.004016
-0.007368
-0.003977
0.002393
0.005648
0.002157
-0.002833
-0.004606
-0.004938
-0.003765
-0.00347
-0.005132
-0.00597
-0.005371
-0.004174
-0.00287
-0.002444
-0.003075
-0.007185
-0.009161
-0.007574
-0.004734
-0.002377
-0.001045
-0.000041
0.00204
0.002783
0.003786
0.003414
0.001395
-0.000999
-0.002679
-0.003102
-0.002217
-0.001315
-0.000908
0.00119
0.001402
0.00022
-0.001076
-0.000469
0.000806
-0.000439
-0.00264
-0.00189
-0.001002
-0.000158
-0.000889
-0.00285
-0.005056
-0.004896
-0.002954
-0.001012
-0.000615
-0.001857
-0.003918
-0.005562
-0.005347
-0.00463
-0.002677
-0.001381
0.000734
0.001116
0.000187
-0.000085
0.001498
0.002157
0.002004
0.001772
0.001325
0.001355
0.001393
0.001387
0.0007
0.001642
0.002537
0.002598
0.002543
0.003242
0.003172
0.002815
0.003112
0.003683
0.004017
0.002704
0.001473
0.000406
-0.001275
-0.001953
-0.002112
-0.001078
-0.000206
-0.000087
-0.000136
-0.000295
-0.001553
-0.004472
-0.006811
-0.006737
-0.005541
-0.003305
-0.001527
-0.000874
-0.000093
-0.000243
-0.001387
-0.001998
-0.002502
-0.003559
-0.002759
-0.000782
0.001826
0.003274
0.002403
0.001909
0.001842
0.002076
0.001669
0.001294
0.001272
0.001337
0.002438
0.003832
0.002669
0.002178
0.002591
0.001603
0.000934
0.00124
0.00221
0.001046
0.000278
0.000192
0.000821
0.001489
0.001644
0.001158
0.000187
-0.000017
-0.000074
-0.00055
-0.000958
-0.000752
-0.000457
-0.000013
0.00097
0.001228
0.00043
0.00011
0.000693
0.001009
0.000592
0.001124
0.001732
0.00159
0.001586
0.001825
0.001141
0.000083
0.00047
0.001228
0.001094
0.000869
0.00138
0.001264
0.000227
0.000131
0.000583
0.000367
-0.000437
-0.00069
-0.000751
-0.000269
0.000341
0.001217
0.002328
0.002501
0.002558
0.002486
0.002623
0.002805
0.00251
0.002722
0.003215
0.003287
0.003219
0.00374
0.003946
0.003285
0.003006
0.003176
0.002626
0.001878
0.001614
0.001342
0.000644
0.000131
0.000096
-0.000228
-0.000527
-0.000538
-0.000843
-0.001359
-0.001483
-0.001366
-0.001636
-0.001453
-0.000855
-0.00066
-0.000684
-0.000213
0.000121
-0.00006
0.000033
0.000355
0.000321
0.000268
0.000597
0.000588
0.00026
0.000275
0.000334
0.000028
-0.000159
-0.000093
-0.000377
-0.000747
-0.000738
-0.000797
-0.001174
-0.001239
-0.001097
-0.00128
-0.001415
-0.001137
-0.001047
-0.001215
-0.001042
-0.000776
-0.000865
-0.000827
-0.000533
-0.000512