-0.015754
-0.023791
-0.021711
-0.00762
0.000644
0.007267
0.016493
-0.000988
-0.008043
-0.004318
0.009104
0.030693
0.021491
0.020384
-0.015116
-0.00121
0.000126
0.004463
0.032158
0.005233
0.004335
-0.006379
-0.019904
-0.000652
0.012456
0.020787
-0.00442
-0.014338
-0.00247
-0.023561
0.012058
0.002087
-0.020787
0.00176
0.038801
0.040639
-0.003688
-0.029471
0.000801
0.023955
0.023983
0.026189
0.060196
0.050449
0.022062
0.049405
0.018097
-0.001068
-0.041878
-0.021621
0.041234
0.059548
0.097327
0.07757
0.031824
-0.030631
-0.065369
-0.001373
0.000349
-0.019586
0.001326
0.027889
0.03068
0.02487
0.044014
0.004981
0.006906
-0.00518
0.023757
0.084074
0.070511
0.055753
0.050974
0.026985
0.009806
0.053841
0.045064
0.050604
0.041206
0.012474
-0.016655
-0.045689
-0.040825
-0.064772
-0.035766
-0.000837
0.023378
0.029692
-0.020134
-0.053642
-0.059834
-0.056267
-0.043634
-0.024403
-0.013151
0.007766
-0.003635
0.023494
0.07351
0.05456
0.023872
0.000375
0.025399
0.006188
-0.090534
-0.079824
-0.025593
-0.075672
-0.100076
-0.095927
-0.063986
-0.109165
-0.230761
-0.176785
-0.177464
-0.165872
-0.143251
-0.111168
-0.092575
-0.10458
-0.063931
-0.048021
0.009785
0.107846
0.184211
0.112081
0.100335
0.1541
0.175947
0.011853
-0.01778
0.097332
-0.093017
-0.286135
-0.198842
0.092756
0.069177
-0.2381
-0.378709
-0.07855
0.22381
0.149982
0.068616
0.056151
0.218778
0.413753
0.509248
0.343094
0.064637
-0.032742
0.019984
0.167082
0.127801
-0.02584
-0.099676
-0.2203
-0.271596
-0.166046
-0.144431
-0.007354
0.314699
0.461752
0.323475
0.249383
0.323373
0.313071
0.256723
0.08853
0.06215
-0.011593
-0.421087
-0.743498
-0.669409
-0.312149
0.069782
0.349061
0.13261
-0.168117
-0.005191
0.161444
0.081123
-0.101013
-0.15259
-0.175259
-0.099398
0.120438
0.215528
0.011328
-0.365341
-0.343389
-0.173057
-0.301287
-0.320258
-0.118825
-0.208033
-0.37622
-0.286159
-0.07382
0.062032
0.195416
0.431249
0.468618
0.127606
-0.08112
0.12754
0.364866
0.374871
0.334136
0.33578
0.33373
0.366939
0.363243
0.136031
-0.291954
-0.50886
-0.394392
-0.179548
-0.1177
0.039757
0.154193
-0.101194
-0.383818
-0.300581
0.055049
0.156743
-0.055244
-0.235244
-0.203072
-0.186122
-0.258091
-0.330661
-0.212052
0.034566
0.227329
0.236857
-0.009531
-0.114772
0.057128
0.232512
0.212328
0.2205
0.314442
0.226658
-0.045669
-0.036951
0.054105
0.153059
0.289382
0.376736
0.123541
-0.366375
-0.492455
-0.269125
0.0425
0.078998
0.160561
0.15468
0.10532
0.283669
0.290003
0.202667
0.157376
-0.10683
-0.406638
-0.531623
-0.42313
-0.290566
-0.227096
-0.131012
-0.093301
-0.023976
0.184827
0.339399
0.231712
-0.03634
-0.177361
-0.011289
0.16065
0.151094
0.041349
0.023925
0.136404
0.225886
0.223258
0.141208
-0.019892
-0.180028
-0.317742
-0.311357
-0.160425
-0.146349
-0.224195
-0.146723
0.055574
0.045822
-0.174563
-0.210819
0.009325
0.14435
0.175178
0.231495
0.218606
0.089319
0.008635
-0.017003
-0.043508
-0.022731
-0.039178
-0.142143
-0.219051
-0.204383
-0.157992
-0.090473
0.041049
0.147167
0.06002
-0.037768
0.059549
0.158505
0.130734
0.134349
0.223787
0.262309
0.245496
0.196878
0.096931
0.027739
0.005444
0.001197
-0.062118
-0.088795
-0.024374
-0.008028
-0.021757
-0.032017
-0.054748
-0.085706
-0.052601
0.001613
0.045762
0.076703
0.086322
0.087979
0.077733
0.062585
0.009526
-0.079448
-0.142801
-0.11719
-0.053842
0.009001
0.06642
0.088583
0.081904
0.053714
-0.017494
-0.082068
-0.090828
-0.091073
-0.115747
-0.116434
-0.067344
-0.031721
-0.034402
-0.017728
0.005068
0.003097
-0.040903
-0.055743
0.019973
0.092916
0.08936
0.02399
-0.024032
-0.037027
-0.050163
-0.063862
-0.074783
-0.088132
-0.086582
-0.077302
-0.075377
-0.072686
-0.075139
-0.080414
-0.086801
-0.089592
-0.041732
0.033646
0.062927
0.031466
0.01952
0.044226
0.089943
0.150671
0.189756
0.189285
0.148655
0.124962
0.117771
0.088052
0.016794
-0.038232
-0.028371
0.004124
0.016022
0.032757
0.038831
-0.005234
-0.06608
-0.100543
-0.09437
-0.079679
-0.071821
-0.057251
-0.035014
-0.049679
-0.112376
-0.128682
-0.089574
-0.068405
-0.077927
-0.075672
-0.04448
-0.020139
-0.012889
0.016238
0.073777
0.110384
0.107445
0.098933
0.104202
0.138744
0.143892
0.124894
0.121995
0.109908
0.041903
-0.039647
-0.055247
-0.048695
-0.049988
-0.047495
-0.013385
0.011808
0.018121
0.011373
0.00297
-0.021958
-0.048593
-0.046606
-0.05116
-0.05764
-0.011714
0.07623
0.119942
0.120746
0.112807
0.109338
0.105743
0.091076
0.064751
0.018169
-0.035459
-0.043331
-0.020656
-0.017442
-0.029205
-0.038478
-0.05211
-0.075831
-0.082027
-0.077862
-0.085895
-0.095413
-0.093115
-0.077118
-0.056968
-0.05135
-0.061617
-0.051188
-0.035643
-0.025601
0.016631
0.074711
0.112153
0.104919
0.0756
0.037175
-0.026755
-0.090914
-0.149709
-0.185009
-0.181711
-0.154055
-0.11515
-0.09794
-0.082148
-0.045241
-0.006475
0.028337
0.0393
0.037844
0.048395
0.065952
0.078562
0.084083
0.107849
0.116272
0.105275
0.096281
0.097719
0.10125
0.098371
0.101123
0.096702
0.080832
0.031073
-0.008613
-0.02947
-0.046965
-0.044989
-0.034814
-0.019881
-0.017788
-0.025855
-0.026696
-0.016412
-0.008987
-0.013306
-0.026077
-0.049418
-0.069595
-0.088861
-0.097412
-0.100173
-0.090794
-0.068689
-0.045279
-0.032845
-0.033769
0.009028
0.052703
0.047875
0.022166
0.019654
0.031259
0.020265
0.011679
0.024882
0.042777
0.039781
0.04775
0.083702
0.095889
0.08166
0.084204
0.107862
0.116299
0.095439
0.070526
0.05189
0.02262
-0.010279
-0.028903
-0.026721
-0.022391
-0.031328
-0.031895
-0.033931
-0.031877
-0.022846
-0.051197
-0.098141
-0.11563
-0.103268
-0.089606
-0.070136
-0.043278
-0.009896
0.02005
0.03075
0.027716
0.012801
0.016724
0.037783
0.045613
0.035267
0.030622
0.029754
-0.003039
-0.030376
-0.036492
-0.044354
-0.057626
-0.036297
-0.002851
-0.001255
-0.000274
0.006363
0.000543
-0.031965
-0.034179
-0.000451
0.018188
0.034279
0.066835
0.094589
0.102033
0.096483
0.087806
0.049057
-0.003563
-0.019028
-0.016653
-0.021846
-0.041288
-0.060745
-0.075283
-0.064245
-0.036013
-0.031016
-0.046172
-0.056755
-0.041765
-0.007239
-0.00442
-0.017046
-0.016703
-0.002219
0.018562
0.020082
0.018517
0.025515
0.029599
0.0193
0.010295
0.008841
0.009946
0.009356
0.029243
0.044647
0.023781
-0.018599
-0.03321
-0.014972
-0.005484
0.001009
0.020859
0.040366
0.034201
0.009299
-0.019804
-0.03214
-0.029775
-0.027576
-0.02731
-0.025896
-0.01375
-0.003116
-0.001839
-0.011163
-0.012179
0.000632
0.023419
0.032565
0.035139
0.045324
0.056107
0.068059
0.060431
0.029917
-0.008957
-0.02612
-0.026206
-0.021378
-0.015827
-0.006433
-0.006514
-0.015753
-0.023959
-0.019422
-0.017247
-0.025291
-0.030698
-0.035504
-0.032775
-0.02715
-0.015458
-0.018279
-0.027958
-0.032805
-0.029543
-0.012476
0.012576
0.037053
0.039421
0.022314
0.021819
0.018596
-0.000446
-0.002069
0.014337
0.032159
0.035796
0.036381
0.042536
0.051909
0.044231
0.010636
-0.027987
-0.038741
-0.035013
-0.033054
-0.028224
-0.017593
0.003424
0.000681
-0.014727
-0.014006
0.004413
0.01733
0.021076
0.032304
0.041472
0.024919
0.004249
-0.003746
0.001218
0.020949
0.020636
0.014841
0.009194
-0.012544
-0.035836
-0.04358
-0.033562
-0.031388
-0.027524
-0.007828
0.003298
-0.007247
-0.016136
-0.006265
0.007611
0.022038
0.032821
0.025919
0.012261
0.002855
0.011107
0.034036
0.04266
0.028341
-0.000051
-0.011284
-0.011928
-0.015807
-0.026008
-0.03525
-0.015687
0.010652
0.017469
0.016549
0.010613
-0.002819
-0.010838
-0.005033
-0.006766
-0.009073
0.00044
0.012431
0.014733
-0.005217
-0.01646
-0.011377
-0.004658
-0.00302
-0.011692
-0.014771
-0.011879
-0.002121
0.002255
-0.003908
-0.000596
0.009762
0.007178
0.001461
0.003974
-0.00099
-0.013673
-0.011718
0.015972
0.029824
0.017058
-0.000735
-0.015255
-0.024637
-0.016398
-0.004158
0.000975
0.00255
0.000115
0.006518
0.015466
0.017539
0.006908
-0.010042
-0.015013
-0.007076
-0.005975
-0.01002
-0.010146
-0.003768
-0.001457
-0.00511
-0.00272
-0.009039
-0.013554
-0.006521
0.010104
0.021278
0.024513
0.029668
0.028719
0.021047
0.006149
-0.008426
-0.02338
-0.038788
-0.042623
-0.037251
-0.023468
-0.002688
0.009343
0.00492
-0.00179
-0.001122
-0.003771
-0.014199
-0.014973
-0.004889
-0.000844
0.002419
0.007581
0.006511
-0.000512
-0.007148
-0.012975
-0.023264
-0.026891
-0.014777
0.006865
0.021387
0.020324
0.017034
0.018842
0.033333
0.036727
0.021528
0.007114
-0.002899
-0.003173
0.009146
0.014488
0.000316
-0.014201
-0.02571
-0.026499
-0.027252
-0.030121
-0.018131
-0.010091
-0.007715
0.001584
0.0154
0.019031
0.008584
-0.000938
0.00026
0.00069
0.000156
0.006206
0.012354
0.022405
0.032205
0.031872
0.028843
0.028346
0.022133
0.009781
0.008253
0.016196
0.018967
0.007749
-0.003577
-0.010117
-0.022033
-0.029983
-0.03223
-0.030783
-0.029741
-0.025296
-0.017414
-0.010046
-0.008123
-0.008434
-0.011335
-0.016232
-0.015428
-0.002511
0.020405
0.037905
0.046752
0.033726
0.018218
0.022297
0.028921
0.024596
0.017283
0.015264
0.011451
-0.000494
-0.009391
-0.011725
-0.017691
-0.025242
-0.031541
-0.028637
-0.022462
-0.010865
0.000745
0.003333
-0.000769
-0.006013
-0.005034
-0.004417
-0.002005
0.00288
0.017031
0.030747
0.027646
0.013917
0.00154
-0.008854
-0.015843
-0.014908
-0.019143
-0.030548
-0.036127
-0.030417
-0.026002
-0.02358
-0.019785
-0.017458
-0.021227
-0.027436
-0.02455
-0.013649
-0.002372
0.002565
0.009759
0.023419
0.030789
0.027815
0.020008
0.018583
0.024018
0.026564
0.021551
0.014539
0.012681
0.007417
0.000164
-0.006988
-0.015691
-0.021146
-0.019777
-0.017789
-0.02347
-0.030981
-0.02681
-0.015638
-0.003572
0.007429
0.01526
0.020801
0.028882
0.035473
0.029788
0.017696
0.009195
0.004617
0.000478
-0.003191
-0.003299
-0.001662
-0.002851
-0.00205
-0.004246
-0.005374
0.000177
0.009322
0.012448
0.011406
0.011759
0.01306
0.015048
0.011033
0.004322
-0.002139
-0.003277
-0.001742
-0.000934
-0.001048
-0.000035
-0.001752
-0.008131
-0.021227
-0.034077
-0.041845
-0.044
-0.042223
-0.039816
-0.032852
-0.023267
-0.015316
-0.011457
0.001412
0.013215
0.018582
0.024203
0.02914
0.033768
0.032808
0.032559
0.035061
0.032369
0.028639
0.025908
0.021616
0.014713
0.006399
0.003655
-0.002997
-0.017787
-0.025405
-0.02281
-0.019416
-0.022709
-0.019062
-0.011258
-0.002121
0.007565
0.020109
0.030886
0.03099
0.031801
0.038875
0.043388
0.034544
0.021349
0.01227
0.008774
-0.000713
-0.011124
-0.016232
-0.019217
-0.020883
-0.02452
-0.021643
-0.012666
-0.012991
-0.016156
-0.014827
-0.011441
-0.010078
-0.006091
-0.002293
-0.004414
-0.002933
0.005345
0.013986
0.011584
0.011045
0.012718
0.007361
-0.005788
-0.016558
-0.020883
-0.026277
-0.028982
-0.029361
-0.026223
-0.026875
-0.02801
-0.024998
-0.024054
-0.022406
-0.014773
-0.005036
0.000758
0.006402
0.013237
0.01975
0.020603
0.014162
0.006978
0.004111
0.006684
0.009995
0.00994
0.006922
0.000406
-0.005114
-0.007509
-0.005863
-0.005874
-0.006608
-0.003695
0.001601
0.005378
0.006382
0.009269
0.012565
0.011166
0.011127
0.018856
0.024485
0.020454
0.012889
0.01892
0.03103
0.032393
0.026198
0.018808
0.015423
0.010095
0.004097
0.001692
-0.001025
-0.003203
-0.00486
-0.002624
-0.000957
-0.004459
-0.0036
0.002883
0.006237
0.006237
0.008621
0.012826
0.011079
0.005936
0.001088
-0.000543
-0.00264
-0.004061
-0.004296
-0.009146
-0.012409
-0.015239
-0.015989
-0.019875
-0.022792
-0.022949
-0.019174
-0.017457
-0.017706
-0.017234
-0.014771
-0.009749
-0.007351
-0.00412
0.002261
0.008594
0.010527
0.010822
0.013357
0.01587
0.012667
0.007229
0.000739
-0.005529
-0.00962
-0.011963
-0.012546
-0.014932
-0.01891
-0.019925
-0.018796
-0.014081
-0.008349
-0.00529
-0.003742
-0.002005
0.001083
0.005026
0.005102
0.00366
0.003834
0.005224
0.003746
0.002436
0.002004
0.000834
0.003037
0.00674
0.01299
0.013479
0.011152
0.007416
0.003995
-0.001622
-0.007186
-0.008211
-0.005096
-0.001687
0.002441
0.010204
0.016185
0.021612
0.022235
0.025845
0.030223
0.031176
0.032049
0.028054
0.023446
0.021215
0.018761
0.018524
0.017032
0.01418
0.007742
-0.004451
-0.01326
-0.019538
-0.019926
-0.018964
-0.02259
-0.024636
-0.026263
-0.029751
-0.033641
-0.0343
-0.028993
-0.022167
-0.015595
-0.007837
-0.001647
0.002673
0.007231
0.010698
0.010659
0.005922
0.001662
0.00327
0.006077
0.006109
0.005201
0.006126
0.003566
-0.00321
-0.011601
-0.018735
-0.019837
-0.017731
-0.014269
-0.013545
-0.014014
-0.011059
-0.006479
0.001496
0.008765
0.013931
0.017703
0.018864
0.017707
0.014841
0.012248
0.012608
0.013146
0.008198
0.004903
0.004248
0.00286
-0.004094
-0.009299
-0.011793
-0.014437
-0.01632
-0.015627
-0.013371
-0.010278
-0.006004
-0.003278
-0.004514
-0.007346
-0.005819
-0.005342
-0.005114
-0.003641
-0.002978
-0.004371
-0.003442
0.003401
0.010662
0.012121
0.011184
0.009616
0.010171
0.010462
0.012873
0.012572
0.00878
0.009618
0.011312
0.006133
-0.002075
-0.003771
-0.000168
0.002571
0.002267
0.002379
0.000448
0.002724
0.003336
0.001898
0.001586
0.004828
0.010248
0.010305
0.009492
0.010837
0.01074
0.004496
0.001768
0.005998
0.008167
0.001504
-0.002877
-0.005134
-0.009244
-0.015271
-0.020511
-0.018864
-0.018723
-0.018329
-0.018215
-0.015498
-0.010474
-0.006675
-0.003125
0.00264
0.006933
0.007406
0.005145
0.003028
-0.001481
-0.007156
-0.008025
-0.005265
0.000754
0.003274
0.004004
0.002585
-0.000542
-0.002043
-0.002134
-0.001564
-0.00179
-0.002371
-0.005359
-0.008536
-0.009416
-0.00761
-0.00377
0.000443
0.001547
0.002158
0.004795
0.008462
0.011764
0.013917
0.016224
0.014944
0.014897
0.013739
0.012372
0.008509
0.005606
0.003426
-0.001354
-0.003991
-0.002454
-0.000029
-0.004439
-0.01129
-0.01548
-0.015803
-0.015889
-0.013943
-0.010283
-0.007148
-0.006331
-0.008414
-0.007891
-0.007003
-0.006294
-0.005548
-0.004718
-0.00008
0.007754
0.012643
0.011613
0.008515
0.00703
0.007423
0.003182
0.000273
0.003603
0.00258
-0.002764
-0.003254
0.002058
0.005537
0.000191
-0.005367
-0.004962
-0.000424
-0.001078
-0.00739
-0.011634
-0.010624
-0.005494
-0.000194
0.004367
0.005889
0.005966
0.004553
0.002086
-0.001896
-0.003489
-0.003443
-0.003717
-0.003321
-0.004593
-0.004901
-0.002322
0.001438
0.001851
0.00236
0.005986
0.007777
0.006934
0.00261
0.000602
-0.002286
-0.002525
-0.000179
0.000797
0.002957
0.003879
0.006988
0.009896
0.014644
0.014811
0.008299
0.002409
0.000427
0.00078
-0.000615
-0.002363
-0.003494
-0.003596
-0.003036
-0.004355
-0.005368
-0.00683
-0.010599
-0.012591
-0.01651
-0.017948
-0.017792
-0.016525
-0.015693
-0.016149
-0.012009
-0.009232
-0.007442
-0.006865
-0.004322
0.001092
0.003333
0.004762
0.007449
0.009528
0.00758
0.006561
0.010876
0.012934
0.010397
0.008469
0.010258
0.014832
0.015053
0.012603
0.008441
0.005996
0.003857
0.002186
0.000862
-0.000325
-0.000823
-0.00191
-0.002559
-0.004042
-0.003958
-0.004513
-0.004376
-0.001657
0.000284
-0.000212
-0.000363
-0.002422
-0.003787
-0.003138
-0.001002
0.00166
0.00174
0.001901
0.006051
0.010721
0.014173
0.017106
0.017161
0.016036
0.015764
0.014607
0.006804
-0.002624
-0.009648
-0.013437
-0.019824
-0.024563
-0.022078
-0.017873
-0.013292
-0.011738
-0.010895
-0.012683
-0.013362
-0.009263
-0.00442
-0.000733
0.004105
0.008327
0.011157
0.011988
0.014084
0.015161
0.015427
0.016929
0.018761
0.019363
0.018116
0.015114
0.009629
0.000664
-0.010226
-0.018491
-0.022671
-0.023118
-0.021243
-0.015771
-0.012542
-0.007045
-0.003881
-0.002699
-0.002031
-0.002807
-0.002243
0.000251
0.005675
0.008787
0.012695
0.012823
0.01025
0.006761
0.001657
-0.000449
-0.002145
-0.002632
-0.004282
-0.006457
-0.008675
-0.012271
-0.01402
-0.015114
-0.016121
-0.0128
-0.008951
-0.00165
0.00438
0.008864
0.011514
0.012739
0.012011
0.010231
0.009058
0.005737
0.005739
0.006003
0.006489
0.006951
0.01034
0.011314
0.01105
0.009794
0.008152
0.009447
0.009311
0.00823
0.007625
0.008375
0.006879
0.002732
0.00187
0.002477
0.000222
-0.00321
-0.003576
-0.003809
-0.007971
-0.011428
-0.011255
-0.011795
-0.01183
-0.012278
-0.013239
-0.014602
-0.015417
-0.012615
-0.012223
-0.011846
-0.006474
-0.003216
0.000665
0.004208
0.008175
0.008579
0.007812
0.009401
0.01055
0.010701
0.011228
0.011588
0.011043
0.011684
0.014708
0.016303
0.015169
0.014594
0.010471
0.004769
0.002995
0.003166
0.002291
-0.001176
-0.003404
-0.000846
-0.00242
-0.004878
-0.007478
-0.008306
-0.007664
-0.007057
-0.003031
0.000835
0.00169
0.001567
0.001586
0.001129
0.000879
-0.002414
-0.003355
-0.001959
0.001603
0.00125
-0.001128
0.002133
0.001943
0.00044
-0.001968
-0.002427
-0.001282
-0.000665
-0.00119
-0.000783
0.0004
-0.000324
-0.000682
-0.000048
0.000171
0.002595
0.006492
0.009022
0.013433
0.015581
0.013601
0.011784
0.010356
0.010922
0.00868
0.005643
0.003102
-0.001576
-0.002038
-0.00288
-0.007208
-0.009796
-0.013018
-0.016834
-0.017518
-0.017439
-0.016622
-0.01531
-0.013231
-0.009269
-0.005988
-0.003399
-0.000175
0.002179
0.004594
0.005738
0.008064
0.010826
0.012804
0.012509
0.007414
0.004999
0.005862
0.005584
0.002493
-0.001084
-0.003829
-0.005913
-0.007191
-0.007456
-0.006339
-0.007381
-0.00696
-0.001619
0.001523
0.003753
0.005265
0.009216
0.014309
0.018273
0.021514
0.020173
0.020693
0.020303
0.019274
0.016569
0.01176
0.004663
-0.003358
-0.01072
-0.015956
-0.015908
-0.017214
-0.018598
-0.019601
-0.019909
-0.019876
-0.019218
-0.015888
-0.014242
-0.012421
-0.009699
-0.003388
0.001358
0.003711
0.005199
0.008445
0.012095
0.013238
0.013235
0.013827
0.014928
0.013694
0.009566
0.005368
0.002805
-0.001555
-0.006691
-0.011348
-0.013104
-0.011122
-0.011017
-0.010355
-0.011065
-0.012015
-0.011436
-0.011226
-0.010459
-0.010216
-0.008614
-0.008233
-0.006054
-0.005462
-0.000983
0.000232
-0.000281
0.002381
0.004461
0.005582
0.00536
0.005844
0.005498
0.003974
0.001993
0.001485
0.000084
-0.002084
-0.006079
-0.007868
-0.011156
-0.016603
-0.019081
-0.017992
-0.015997
-0.014647
-0.012576
-0.008932
-0.004973
-0.000699
0.001301
0.001955
0.001845
0.003298
0.006266
0.009524
0.013334
0.014987
0.013193
0.009887
0.008736
0.005495
0.001258
-0.002489
-0.006543
-0.007556
-0.007487
-0.007081
-0.00822
-0.00817
-0.006705
-0.007635
-0.006185
-0.004371
-0.000017
0.000067
-0.000263
0.003372
0.005082
0.006677
0.004225
0.002955
0.005374
0.008338
0.009335
0.009583
0.009666
0.010016
0.008808
0.007236
0.003569
0.000103
-0.003394
-0.006245
-0.008213
-0.009471
-0.010125
-0.010399
-0.012885
-0.015198
-0.013421
-0.015002
-0.01812
-0.018564
-0.019181
-0.021885
-0.022235
-0.020922
-0.019422
-0.015553
-0.012482
-0.00912
-0.005277
-0.00404
0.000888
0.003776
0.003246
0.003411
0.00403
0.004486
0.002775
0.001891
0.000347
-0.002994
-0.002477
-0.001838
-0.008483
-0.010936
-0.006896
-0.005946
-0.00627
-0.002439
0.002737
0.002571
0.004319
0.009731
0.011153
0.007223
0.006128
0.008728
0.007208
0.007189
0.008264
0.008337
0.00725
0.007857
0.006561
0.003026
0.001762
0.00507
0.004219
-0.000815
-0.000459
0.000225
0.001084
0.000499
0.003752
0.00743
0.007949
0.009703
0.009463
0.006237
0.005089
0.004939
0.001888
-0.000868
0.001518
0.001238
-0.002297
-0.000676
0.001585
-0.002173
-0.004513
-0.001386
0.002442
0.001907
-0.004052
-0.001917
0.002064
0.004144
0.004842
0.00119
0.002621
0.001092
-0.001018
-0.001446
0.003521
0.010855
0.010567
0.005632
0.000859
-0.0004
0.00085
0.003005
0.004878
0.005206
0.005411
0.007662
0.008547
0.012376
0.013771
0.013953
0.011873
0.008757
0.011897
0.015036
0.014834
0.013634
0.013628
0.013449
0.012022