-0.005958
-0.005488
-0.004854
-0.004181
-0.003558
-0.003069
-0.002753
-0.002596
-0.002538
-0.002482
-0.002316
-0.001947
-0.001314
-0.000398
0.000774
0.002142
0.003598
0.005021
0.006318
0.007399
0.008205
0.008765
0.009159
0.009487
0.009875
0.010403
0.011052
0.011742
0.012345
0.012759
0.012969
0.013007
0.012931
0.012789
0.012582
0.012352
0.012227
0.01236
0.012884
0.013873
0.015202
0.01652
0.01746
0.017748
0.017215
0.01595
0.014244
0.012374
0.010609
0.00912
0.007895
0.006972
0.006679
0.007393
0.009079
0.011466
0.014377
0.017483
0.020271
0.022214
0.022676
0.021145
0.017665
0.0128
0.007352
0.002124
-0.002331
-0.005797
-0.008255
-0.009694
-0.010195
-0.010021
-0.009446
-0.008546
-0.007068
-0.004505
-0.000816
0.003025
0.00586
0.007238
0.007295
0.006521
0.005741
0.005586
0.005676
0.005027
0.003245
0.000425
-0.003663
-0.009179
-0.015475
-0.021967
-0.028887
-0.036524
-0.044495
-0.05186
-0.057799
-0.06178
-0.063435
-0.062123
-0.056223
-0.043288
-0.021604
0.006751
0.035646
0.058783
0.072716
0.077233
0.074245
0.067063
0.058722
0.048523
0.032444
0.008199
-0.021765
-0.051695
-0.075523
-0.090051
-0.096417
-0.097099
-0.092295
-0.080417
-0.05997
-0.029363
0.011897
0.057185
0.092796
0.108373
0.104231
0.089801
0.076527
0.069786
0.065925
0.058493
0.046222
0.033016
0.023188
0.018379
0.018359
0.022808
0.030932
0.040235
0.046672
0.046816
0.040229
0.029482
0.017413
0.005075
-0.00706
-0.0175
-0.024715
-0.027877
-0.025893
-0.017897
-0.004254
0.012916
0.029639
0.042747
0.051514
0.056119
0.057299
0.056258
0.054032
0.051404
0.048042
0.042389
0.033609
0.022965
0.012655
0.004035
-0.00274
-0.008371
-0.013845
-0.019353
-0.02435
-0.028418
-0.030621
-0.029789
-0.02625
-0.02142
-0.016276
-0.012127
-0.011058
-0.014025
-0.020404
-0.02896
-0.038281
-0.04742
-0.055919
-0.063534
-0.070376
-0.076194
-0.079748
-0.078966
-0.072169
-0.060322
-0.046651
-0.033387
-0.021064
-0.010047
-0.000584
0.00747
0.014443
0.020916
0.027265
0.032531
0.034685
0.032567
0.026347
0.016691
0.005021
-0.007312
-0.019283
-0.02911
-0.034715
-0.035174
-0.031042
-0.022934
-0.011392
0.001402
0.008653
0.004426
-0.004462
-0.005008
0.005016
0.016672
0.020909
0.015184
0.002944
-0.011114
-0.024611
-0.036602
-0.045955
-0.051722
-0.0529
-0.046854
-0.029829
0.000327
0.040388
0.079607
0.104317
0.106272
0.087775
0.059241
0.032151
0.013357
0.003425
-0.000535
-0.000918
0.001704
0.007302
0.015733
0.026471
0.037608
0.046681
0.052832
0.05707
0.062618
0.073735
0.091466
0.108919
0.112638
0.096075
0.066908
0.033333
-0.005784
-0.048956
-0.087187
-0.113981
-0.128744
-0.133528
-0.130235
-0.11978
-0.103716
-0.085166
-0.065711
-0.044192
-0.019436
0.011238
0.052123
0.098755
0.135025
0.146505
0.132001
0.101801
0.065564
0.023313
-0.028328
-0.088651
-0.152435
-0.206774
-0.237821
-0.241168
-0.220245
-0.18202
-0.133066
-0.07088
0.012872
0.126316
0.266211
0.387343
0.431743
0.394821
0.312317
0.211663
0.109355
0.018078
-0.060013
-0.129444
-0.193447
-0.252085
-0.303999
-0.346929
-0.377053
-0.389205
-0.37765
-0.337675
-0.252703
-0.107567
0.067122
0.20853
0.273345
0.262039
0.20351
0.129944
0.063984
0.007632
-0.046891
-0.096924
-0.133986
-0.154614
-0.158874
-0.147583
-0.12316
-0.090071
-0.053408
-0.015407
0.025639
0.07298
0.125881
0.170896
0.188308
0.172938
0.137237
0.097811
0.068064
0.053989
0.051005
0.050883
0.050548
0.05036
0.048839
0.042421
0.028651
0.010106
-0.006706
-0.017336
-0.022765
-0.030422
-0.052149
-0.09399
-0.1477
-0.196372
-0.22584
-0.234319
-0.233044
-0.229906
-0.217854
-0.184314
-0.124335
-0.048906
0.021619
0.0743
0.105455
0.12056
0.133227
0.150757
0.168326
0.17902
0.179635
0.168513
0.14644
0.117948
0.087431
0.056503
0.025498
-0.005725
-0.03761
-0.069475
-0.097789
-0.116991
-0.123983
-0.11857
-0.098531
-0.057902
0.005955
0.0734
0.108169
0.099343
0.069395
0.039856
0.014605
-0.011181
-0.04168
-0.076288
-0.109484
-0.135923
-0.1539
-0.164368
-0.170672
-0.178016
-0.18951
-0.202673
-0.210758
-0.207546
-0.188752
-0.152664
-0.102632
-0.045072
0.013391
0.068158
0.115725
0.151454
0.172407
0.178369
0.170315
0.150675
0.124211
0.095929
0.068831
0.045541
0.029236
0.020638
0.015494
0.00719
-0.007976
-0.028372
-0.049602
-0.068872
-0.085716
-0.099394
-0.108571
-0.113258
-0.115019
-0.116389
-0.121361
-0.132293
-0.147268
-0.163261
-0.17274
-0.161595
-0.121649
-0.05898
0.009813
0.064966
0.095511
0.1051
0.102453
0.092772
0.078855
0.066051
0.062564
0.072532
0.093043
0.117938
0.140277
0.154102
0.157638
0.151315
0.133209
0.102515
0.064028
0.024216
-0.013046
-0.047645
-0.081549
-0.113494
-0.139447
-0.157182
-0.165668
-0.165252
-0.159909
-0.155156
-0.154103
-0.155868
-0.154838
-0.142031
-0.111705
-0.065191
-0.012029
0.029947
0.047455
0.043361
0.02976
0.015398
0.001855
-0.010153
-0.016622
-0.015249
-0.010381
-0.009246
-0.01414
-0.021063
-0.02502
-0.02513
-0.02445
-0.025588
-0.029025
-0.035032
-0.043402
-0.052899
-0.062969
-0.074448
-0.088516
-0.10483
-0.120948
-0.132933
-0.135148
-0.123327
-0.099381
-0.069536
-0.039226
-0.011761
0.009735
0.021016
0.019892
0.010013
-0.001564
-0.010375
-0.017233
-0.025914
-0.038433
-0.052628
-0.063582
-0.066516
-0.05975
-0.044155
-0.021109
0.007219
0.038289
0.06802
0.090621
0.102952
0.10623
0.103702
0.09784
0.089321
0.078401
0.065666
0.051468
0.036538
0.022418
0.010513
0.002261
-0.000738
0.002302
0.010977
0.024187
0.040706
0.059194
0.078026
0.094178
0.103639
0.104191
0.096408
0.083576
0.070614
0.059973
0.049618
0.035415
0.014532
-0.010799
-0.034848
-0.053571
-0.065749
-0.07229
-0.073782
-0.068644
-0.056606
-0.041535
-0.028673
-0.021592
-0.021442
-0.026457
-0.033706
-0.041715
-0.050505
-0.061286
-0.075774
-0.094927
-0.119127
-0.147148
-0.17615
-0.203442
-0.227556
-0.248282
-0.263477
-0.269726
-0.26702
-0.257822
-0.24349
-0.224511
-0.201834
-0.176797
-0.151833
-0.130024
-0.113549
-0.103194
-0.098095
-0.097697
-0.102548
-0.111623
-0.122593
-0.133754
-0.144339
-0.154487
-0.163551
-0.169125
-0.168899
-0.162254
-0.150317
-0.134636
-0.116809
-0.099624
-0.084988
-0.071954
-0.059622
-0.048573
-0.039303
-0.032035
-0.026964
-0.024179
-0.023666
-0.025254
-0.029355
-0.036198
-0.045135
-0.056456
-0.069895
-0.082307
-0.091177
-0.09724
-0.10167
-0.104705
-0.106842
-0.108009
-0.10688
-0.103153
-0.097399
-0.08946
-0.080772
-0.074046
-0.070206
-0.068772
-0.069311
-0.071957
-0.07709
-0.084146
-0.092654
-0.103544
-0.117523
-0.133829
-0.149645
-0.161679
-0.169283
-0.173544
-0.174952
-0.173896
-0.171278
-0.167672
-0.163812
-0.160851
-0.158743
-0.156549
-0.153963
-0.151286
-0.148201
-0.143267
-0.135504
-0.125579
-0.114741
-0.103626
-0.09295
-0.083774
-0.076699
-0.07164
-0.068094
-0.065941
-0.064845
-0.063559
-0.061089
-0.056822
-0.050108
-0.040494
-0.028745
-0.016358
-0.003433
0.010307
0.02437
0.038707
0.054307
0.072033
0.093416
0.121887
0.158516
0.20253
0.255385
0.316184
0.378847
0.435745
0.480997
0.512597
0.53256
0.542573
0.541186
0.527891
0.506841
0.485927
0.472568
0.469032
0.472316
0.478768
0.486869
0.494926
0.499103
0.495596
0.481789
0.456047
0.418594
0.370017
0.311201
0.248063
0.188634
0.137673
0.104217
0.098765
0.118827
0.153426
0.196367
0.244162
0.288884
0.323424
0.344504
0.344413
0.312087
0.245513
0.154218
0.059166
-0.012217
-0.04506
-0.040146
-0.002156
0.066649
0.160556
0.261512
0.344799
0.392319
0.40064
0.376156
0.327235
0.26351
0.195927
0.137474
0.098537
0.077885
0.066248
0.058042
0.054479
0.057032
0.0623
0.063066
0.052875
0.029411
-0.00545
-0.047364
-0.09129
-0.131305
-0.161864
-0.179938
-0.184684
-0.177981
-0.164878
-0.151067
-0.14042
-0.13351
-0.128793
-0.126512
-0.129563
-0.140621
-0.159123
-0.181049
-0.201831
-0.218427
-0.22892
-0.232776
-0.229364
-0.217246
-0.198166
-0.176461
-0.154741
-0.133456
-0.111
-0.084262
-0.053003
-0.019059
0.018428
0.05953
0.100831
0.139417
0.17714
0.215247
0.246515
0.264091
0.268645
0.261647
0.242808
0.214254
0.179685
0.138602
0.089332
0.034422
-0.022113
-0.075115
-0.119053
-0.151594
-0.173034
-0.185393
-0.191663
-0.194242
-0.193972
-0.190133
-0.18139
-0.167589
-0.150694
-0.13263
-0.113217
-0.09219
-0.070743
-0.049543
-0.029271
-0.011351
0.004016
0.017479
0.029297
0.039681
0.049118
0.059028
0.071131
0.085265
0.100878
0.11833
0.136477
0.154465
0.172956
0.191042
0.207951
0.225224
0.244383
0.265105
0.286834
0.309337
0.330981
0.352978
0.377809
0.399845
0.412856
0.419973
0.425594
0.429001
0.428615
0.425648
0.422553
0.419969
0.415869
0.407601
0.394149
0.373468
0.344619
0.310962
0.270142
0.217884
0.161159
0.107967
0.057854
0.009713
-0.03815
-0.08282
-0.112178
-0.127377
-0.142605
-0.164776
-0.193139
-0.224246
-0.256025
-0.288478
-0.322296
-0.360053
-0.401736
-0.439275
-0.463213
-0.472015
-0.469525
-0.459061
-0.443813
-0.427955
-0.414883
-0.405238
-0.396773
-0.387061
-0.377361
-0.371743
-0.37191
-0.375143
-0.377066
-0.376609
-0.376444
-0.376282
-0.371234
-0.357877
-0.336877
-0.310804
-0.281671
-0.250656
-0.219985
-0.192247
-0.164253
-0.129156
-0.084725
-0.030011
0.036783
0.11419
0.199866
0.291147
0.381621
0.472671
0.572701
0.665285
0.715527
0.712699
0.666437
0.582548
0.472078
0.35686
0.25702
0.182465
0.127966
0.080261
0.031224
-0.018626
-0.063859
-0.097658
-0.113631
-0.113985
-0.110001
-0.109371
-0.111114
-0.111439
-0.109181
-0.104671
-0.09665
-0.082328
-0.060332
-0.031619
0.001438
0.034592
0.064178
0.088546
0.106986
0.12053
0.132151
0.143537
0.152382
0.157049
0.160555
0.166235
0.174318
0.184596
0.197432
0.210256
0.218966
0.222606
0.222363
0.2188
0.211257
0.199617
0.186387
0.174518
0.164914
0.157197
0.150309
0.142451
0.131607
0.116007
0.094535
0.067565
0.036689
0.003693
-0.029806
-0.061381
-0.086802
-0.104012
-0.115687
-0.124568
-0.130952
-0.135293
-0.140085
-0.14754
-0.156756
-0.166115
-0.176022
-0.18743
-0.199789
-0.211111
-0.218664
-0.219804
-0.213826
-0.201895
-0.184461
-0.160761
-0.131173
-0.096908
-0.059457
-0.0221
0.011796
0.039055
0.056456
0.063596
0.063041
0.058856
0.055023
0.053481
0.05438
0.057735
0.064068
0.073898
0.08627
0.097875
0.105553
0.108705
0.107769
0.102458
0.093153
0.082879
0.075568
0.072544
0.0722
0.072288
0.071565
0.070298
0.069987
0.072005
0.076641
0.08351
0.091582
0.098976
0.104398
0.107823
0.109663
0.110141
0.108625
0.104367
0.097701
0.088967
0.078399
0.066764
0.054218
0.041761
0.031979
0.025732
0.022098
0.020278
0.019444
0.018343
0.014984
0.007944
-0.003099
-0.018521
-0.037743
-0.059172
-0.081005
-0.101286
-0.118856
-0.133717
-0.146339
-0.156376
-0.163238
-0.167461
-0.170078
-0.171982
-0.17408
-0.176751
-0.179727
-0.182718
-0.185147
-0.18671
-0.188267
-0.189788
-0.189385
-0.186018
-0.180438
-0.173758
-0.166469
-0.159082
-0.152
-0.144588
-0.136837
-0.129413
-0.121655
-0.112536
-0.101839
-0.089602
-0.076066
-0.061772
-0.047215
-0.032975
-0.020378
-0.011048
-0.005675
-0.00418
-0.006533
-0.01246
-0.021374
-0.032871
-0.046676
-0.061051
-0.072509
-0.07944
-0.082718
-0.082967
-0.080662
-0.076623
-0.071323
-0.065418
-0.0603
-0.057076
-0.056028
-0.057239
-0.060307
-0.063007
-0.061888
-0.054979
-0.043363
-0.030065
-0.017424
-0.006076
0.004428
0.01463
0.023895
0.0317
0.038524
0.04381
0.047033
0.048982
0.04957
0.048604
0.047488
0.046579
0.044605
0.041147
0.036275
0.029715
0.021756
0.013445
0.005049
-0.004263
-0.014496
-0.024404
-0.03271
-0.039144
-0.044323
-0.049064
-0.053714
-0.058023
-0.062119
-0.066274
-0.070122
-0.07348
-0.076311
-0.078195
-0.079099
-0.079258
-0.078707
-0.077887
-0.077707
-0.078289
-0.078616
-0.078409
-0.07829
-0.077827
-0.07627
-0.074107
-0.071745
-0.068445
-0.063934
-0.058769
-0.053086
-0.047139
-0.041413
-0.035694
-0.029611
-0.023582
-0.018183
-0.013091
-0.00745
-0.000867
0.006472
0.014418
0.022794
0.031272
0.039965
0.048872
0.057613
0.066355
0.074826
0.081804
0.087344
0.092807
0.098359
0.103069
0.106485
0.108429
0.108896
0.108219
0.106174
0.101992
0.09607
0.089592
0.081862
0.071628
0.059802
0.047218
0.033707
0.019968
0.007382
-0.002645
-0.009667
-0.014121
-0.016578
-0.017888
-0.018104
-0.016347
-0.012588
-0.007931
-0.003272
0.001262
0.005607
0.00962
0.013396
0.01702
0.020503
0.024214
0.028234
0.031732
0.034175
0.035867
0.037098
0.037575
0.036992
0.035595
0.033853
0.032027
0.030226
0.028618
0.027186
0.025734
0.024702
0.024947
0.026421
0.028467
0.030923
0.033613
0.035979
0.03801
0.040145
0.042425
0.045074
0.0488
0.053437
0.05788
0.061513
0.064223
0.065842
0.06601
0.064316
0.060419
0.053747
0.044258
0.03324
0.022338
0.012781
0.005139
-0.000657
-0.004541
-0.006513
-0.007329
-0.008002
-0.008864
-0.009683
-0.010477
-0.01151
-0.013002
-0.015203
-0.018046
-0.020738
-0.022348
-0.02273
-0.022278
-0.021195
-0.019605
-0.01776
-0.015928
-0.014395
-0.013178
-0.012454
-0.012986
-0.01466
-0.016357
-0.017427
-0.017832
-0.017322
-0.015144
-0.010567
-0.003766
0.004184
0.01222
0.019729
0.026411
0.031891
0.035715
0.037742
0.038392
0.038333
0.037687
0.036217
0.034137
0.032247
0.031043
0.030005
0.028299
0.02526
0.020874
0.016017
0.011317
0.006613
0.001725
-0.002909
-0.006606
-0.009463
-0.011752
-0.012986
-0.012766
-0.011349
-0.009206
-0.006855
-0.004817
-0.003034
-0.001838
-0.002137
-0.003809
-0.006389
-0.009781
-0.01362
-0.017521
-0.021642
-0.026409
-0.031747
-0.037056
-0.041677
-0.045274
-0.048544
-0.052217
-0.055379
-0.056718
-0.055985
-0.053378
-0.049314
-0.044678
-0.040115
-0.035495
-0.030842
-0.026523
-0.022484
-0.018907
-0.016463
-0.015379
-0.015205
-0.015494
-0.016567
-0.018408
-0.020361
-0.022363
-0.024404
-0.026086
-0.027266
-0.028202
-0.029397
-0.030943
-0.032076
-0.032017
-0.030713
-0.028468
-0.025229
-0.020744
-0.014939
-0.008371
-0.002248
0.002748
0.006423
0.008307
0.008369
0.007384
0.005465
0.002174
-0.001678
-0.004996
-0.008328
-0.012535
-0.017013
-0.021171
-0.025246
-0.029333
-0.033419
-0.037309
-0.04106
-0.045513
-0.051048
-0.056973
-0.062312
-0.066618
-0.070307
-0.073589
-0.075902
-0.076856
-0.07681
-0.076855
-0.077338
-0.077577
-0.077793
-0.078933
-0.081255
-0.084099
-0.086607
-0.088676
-0.0906
-0.092124
-0.092635
-0.091938
-0.090653
-0.089583
-0.088557
-0.087039
-0.085241
-0.083366
-0.081222
-0.079101
-0.077532
-0.076271
-0.074596
-0.072221
-0.069433
-0.066766
-0.064664
-0.063241
-0.062365
-0.06178
-0.061333
-0.061065
-0.061229
-0.062119
-0.063278
-0.063401
-0.061807
-0.059454
-0.057245
-0.054491
-0.050557
-0.046006
-0.041594
-0.037612
-0.033614
-0.029038
-0.024571
-0.020803
-0.016877
-0.012134
-0.006742
-0.000987
0.005251
0.01231
0.020007
0.027881
0.035504
0.0425
0.048387
0.052873
0.056457
0.059303
0.060855
0.061601
0.062406
0.062859
0.062665
0.062384
0.06244
0.062835
0.062939
0.062089
0.060559
0.058943
0.057165
0.055075
0.053458
0.053061
0.053822
0.055798
0.059279
0.063836
0.068661
0.073618
0.078591
0.082948
0.086222
0.088151
0.08848
0.087334
0.085163
0.082203
0.078187
0.072699
0.065922
0.058663
0.051485
0.044298
0.03645
0.027259
0.017176
0.007479
-0.001382
-0.009865
-0.017923
-0.024941
-0.030545
-0.034732
-0.03764
-0.038882
-0.03793
-0.035241
-0.031583
-0.027154
-0.022239
-0.017132
-0.011828
-0.006516
-0.001101
0.004464
0.009231
0.012119
0.013064
0.013228
0.013366
0.012795
0.010835
0.007623
0.003806
-0.000429
-0.004873
-0.008437
-0.010899
-0.013159
-0.01558
-0.018138
-0.021183
-0.024675
-0.027547
-0.029088
-0.029549
-0.029365
-0.028667
-0.026968
-0.023853
-0.019759
-0.015421
-0.011037
-0.006318
-0.001188
0.003977
0.008761
0.012835
0.015721
0.017216
0.017899
0.018298
0.018415
0.018697
0.019531
0.020415
0.02124
0.022526
0.024298
0.02629
0.028565
0.030877
0.032719
0.034308
0.035869
0.036823
0.036985
0.037086
0.037443
0.038113
0.039556
0.0417
0.043788
0.045409
0.047133
0.049291
0.050868
0.050973
0.049946
0.048676
0.047418
0.045532
0.042801
0.039927
0.037306
0.034881
0.033241
0.032809
0.032808
0.032773
0.03313
0.033918
0.034437
0.034076
0.033026
0.031906
0.031126
0.030529
0.029426
0.027153
0.023686
0.019963
0.016882
0.014176
0.010831
0.006191
0.000386
-0.005709
-0.011307
-0.017018
-0.023246
-0.029115
-0.034402
-0.039276
-0.043114
-0.045531
-0.046696
-0.046357
-0.044587
-0.042223
-0.03955
-0.036584
-0.033654
-0.030354
-0.026223
-0.021892
-0.017925
-0.014091
-0.01005
-0.005821
-0.001605
0.002301
0.005392
0.007555
0.009426
0.011297
0.012485
0.012678
0.012501
0.012119
0.011317
0.010396
0.009667
0.009105
0.008657
0.007881
0.005902
0.002517
-0.001876
-0.007
-0.012892
-0.019316
-0.025202
-0.029681
-0.032808
-0.03472
-0.03521
-0.034119
-0.031469
-0.027813
-0.024054
-0.020583
-0.017508
-0.015161
-0.013408
-0.011838
-0.010736
-0.010166
-0.009473
-0.008343
-0.007171
-0.006526
-0.00645
-0.006133
-0.004897
-0.003727
-0.00434
-0.007013
-0.010733
-0.014744
-0.018772
-0.022757
-0.027197
-0.032319
-0.037177
-0.040829
-0.043463
-0.04572
-0.047718
-0.049326
-0.050697
-0.05199
-0.053073
-0.05424
-0.056199
-0.058477
-0.060346
-0.062333
-0.064778
-0.067002
-0.068288
-0.068699
-0.068603
-0.068188
-0.067365
-0.065856
-0.063845
-0.061913
-0.060501
-0.059354
-0.058207
-0.057569
-0.057197
-0.056314
-0.055373
-0.054902
-0.054535
-0.054223
-0.054252
-0.05478
-0.055791
-0.05677
-0.057598
-0.05888
-0.060397
-0.061293
-0.06177
-0.062406
-0.062956
-0.0629
-0.061895
-0.060273
-0.058453
-0.056195
-0.053492
-0.050239
-0.046123
-0.041492
-0.036889
-0.03208
-0.026609
-0.021061
-0.016003
-0.011318
-0.006861
-0.00246
0.001585
0.004665
0.006591
0.007731
0.008771
0.009926
0.010755
0.011029
0.010843
0.01063
0.011152
0.012237
0.013051
0.013261
0.013222
0.013339
0.013391
0.013598
0.014531
0.015726
0.016775
0.018153
0.019912
0.021901
0.024355
0.02674
0.028421
0.030032
0.032156
0.034501
0.036672
0.038394
0.039775
0.041319
0.043262
0.045673
0.04873
0.052495
0.056667
0.06068
0.064111
0.067293
0.070969
0.07475
0.077489
0.078916
0.079737
0.080703
0.081764
0.082251
0.082007
0.081269
0.07953
0.076206
0.07179
0.067128
0.062374
0.057183
0.051546
0.045902
0.040746
0.036513
0.033546
0.03197
0.031637
0.032289
0.033354
0.034537
0.036055
0.037182
0.036877
0.035233
0.032895
0.030415
0.028302
0.026676
0.024972
0.022998
0.021353
0.020109
0.018935
0.017813
0.016247
0.013589
0.009998
0.005963
0.001438
-0.004078
-0.010173
-0.01566
-0.02039
-0.024717
-0.028435
-0.031551
-0.033953
-0.035101
-0.035477
-0.036392
-0.037853
-0.038916
-0.040005
-0.041596
-0.043008
-0.043943
-0.044617
-0.045365
-0.045873
-0.045256
-0.043632
-0.041917
-0.040772
-0.040292
-0.039888
-0.039379
-0.03948
-0.04014
-0.040737
-0.041311
-0.041892
-0.041812
-0.040689
-0.038988
-0.036809
-0.03424
-0.032229
-0.031034
-0.029653
-0.027604
-0.025699
-0.024273
-0.022534
-0.020105
-0.017077
-0.013665
-0.010257
-0.006692
-0.002955
0.000223
0.002697
0.004925
0.006975
0.008756
0.010227
0.011052
0.011287
0.011588
0.012296
0.013203
0.013956
0.014659
0.015311
0.015513
0.015186
0.014416
0.013512
0.012697
0.011543
0.009998
0.008393
0.006824
0.005334
0.003795
0.002403
0.001482
0.000597
-0.000779
-0.002489
-0.004029
-0.005505
-0.007468
-0.00988
-0.01277
-0.015798
-0.018127
-0.019857
-0.021345
-0.022831
-0.02442
-0.025676
-0.02651
-0.027235
-0.028112
-0.029745
-0.032359
-0.034984
-0.036682
-0.037862
-0.039016
-0.03936
-0.038168
-0.035822
-0.032956
-0.029864
-0.026783
-0.023793
-0.020839
-0.017986
-0.015203
-0.012327
-0.009321
-0.006283
-0.003128
0.000441
0.004271
0.007586
0.009514
0.009654
0.008522
0.006962
0.005259
0.003021
0.000081
-0.002538
-0.003558
-0.00279
-0.001
0.00106
0.003401
0.005945
0.008283
0.010598
0.0128
0.014047
0.014365
0.014362
0.014196
0.014125
0.014388
0.015021
0.015792
0.016477
0.017221
0.017983
0.018807
0.019822
0.0209
0.022104
0.023138
0.02368
0.024305
0.02544
0.026767
0.027795
0.028463
0.029218
0.030123
0.030619
0.03046
0.030159
0.03007
0.029831
0.028865
0.026859
0.024291
0.022167
0.020825
0.019591
0.017866
0.016101
0.015016
0.01467
0.014678
0.014406
0.013621
0.012797
0.012197
0.011665
0.010897
0.009742
0.008506
0.007557
0.007067
0.007265
0.008022
0.008759
0.009437
0.010181
0.010816
0.011344
0.011465
0.011107
0.011127
0.011552
0.01138
0.010608
0.00997
0.009442
0.008712
0.008096
0.00773
0.007017
0.005626
0.004199
0.00333
0.002542
0.001344
0.000143
-0.00038
-0.000169
0.000316
0.000894
0.002025
0.004278
0.007242
0.010117
0.012944
0.015912
0.018736
0.02146
0.024247
0.026792
0.029178
0.031911
0.034633
0.036728
0.038381
0.03986
0.041331
0.042667
0.043559
0.044311
0.04532
0.046503
0.047415
0.047736
0.048058
0.049512
0.052024
0.054137
0.055426
0.056693
0.057924
0.059123
0.060822
0.062638
0.063963
0.064977
0.06586
0.066301
0.066266
0.066221
0.065965
0.064957
0.063479
0.061584
0.058944
0.055824
0.05264
0.049415
0.046023
0.042517
0.038867
0.034822
0.030251
0.025618
0.021445
0.017484
0.013731
0.009979
0.005463
0.000737
-0.003228
-0.006919
-0.011126
-0.015576
-0.019555
-0.022526
-0.024525
-0.026257
-0.028052
-0.029254
-0.029364
-0.028975
-0.028647
-0.028228
-0.027423
-0.02634
-0.025445
-0.024836
-0.024242
-0.023311
-0.022187
-0.021712
-0.022094
-0.022616
-0.022981
-0.023595
-0.024443
-0.025291
-0.026363
-0.027576
-0.028459
-0.029129
-0.030014
-0.030978
-0.031798
-0.032424
-0.032491
-0.031864
-0.030849
-0.029492
-0.027584
-0.024983
-0.021833
-0.018703
-0.016145
-0.013998
-0.011637
-0.008997
-0.006638
-0.004638
-0.002513
-0.000221
0.001849
0.003528
0.004841
0.005736
0.006212
0.006194
0.005618
0.004775
0.004114
0.003775
0.00332
0.002597
0.00207
0.001837
0.001679
0.001774
0.002203
0.002313
0.001786
0.001201
0.000654
-0.00006
-0.000271
0.000366
0.000902
0.000694
0.000544
0.001108
0.001738
0.001994
0.002175
0.00195
0.000941
-0.00047
-0.0023
-0.004766
-0.007196
-0.008956
-0.010584
-0.012635
-0.014675
-0.016281
-0.017621
-0.01897
-0.020365
-0.021657
-0.022878
-0.024308
-0.025794
-0.027037
-0.028108
-0.029091
-0.030145
-0.031183
-0.031972
-0.032598
-0.033239
-0.03378
-0.033659
-0.032815
-0.031866
-0.031069
-0.029976
-0.028117
-0.02587
-0.023859
-0.022026
-0.019848
-0.017201
-0.014682
-0.012391
-0.009673
-0.006407
-0.003309
-0.000976
0.000855
0.002766
0.004867
0.006938
0.009008
0.011183
0.013041
0.014109
0.014632
0.015185
0.01589
0.016497
0.016647
0.016093
0.014912
0.013502
0.012314
0.011656
0.011376
0.010837
0.010285
0.010902
0.012603
0.01422
0.015662
0.017361
0.018925
0.019974
0.020956
0.022035
0.022733
0.023156
0.023287
0.022732
0.021827
0.020889
0.02
0.019311
0.018898
0.018964
0.019201
0.019005
0.018213
0.016773
0.015075
0.013668
0.012151
0.010131
0.008009
0.005837
0.003593
0.001871
0.000527
-0.001266
-0.003269
-0.004754
-0.005831
-0.007029
-0.008567
-0.010523
-0.012591
-0.013731
-0.013713
-0.013744
-0.014521
-0.015065
-0.014072
-0.01165
-0.0087
-0.005791
-0.003131
-0.000319
0.003109
0.006699
0.009552
0.011513
0.013211
0.014935
0.016233
0.016889
0.017188
0.017207
0.016711
0.015484
0.014002
0.012929
0.011559
0.00893
0.005468
0.002235
-0.00037
-0.002778
-0.005362
-0.007995
-0.010068
-0.01093
-0.010641
-0.009659
-0.008159
-0.00585
-0.002593
0.001047
0.004651
0.008422
0.012461
0.016556
0.020538
0.024624
0.028928
0.032881
0.036093
0.038931
0.041809
0.044725
0.047115
0.048464
0.04917
0.04971
0.049785
0.048942
0.047552
0.046114
0.044007
0.041116
0.038414
0.035574
0.031719
0.027597
0.024188
0.021433
0.018899
0.016308
0.013751
0.011594
0.010211
0.00941
0.008435
0.007144
0.006333
0.00656
0.007141
0.007034
0.006268
0.005552
0.005042
0.004438
0.003916
0.003427
0.002505
0.001764
0.001845
0.002045
0.001888
0.0017
0.001516
0.001273
0.00121
0.001156
0.000655
-0.000058
-0.000391
-0.000326
-0.000392
-0.001116
-0.002625
-0.004397
-0.005788
-0.006894
-0.008167
-0.009901
-0.011892
-0.013524
-0.014861
-0.015898
-0.015952
-0.01527
-0.014516
-0.013335
-0.011582
-0.009612
-0.00745
-0.005331
-0.00333
-0.001131
0.001003
0.002674
0.004028
0.005135
0.005928
0.006588
0.007229
0.007542
0.007086
0.005999
0.004795
0.003651
0.002325
0.000418
-0.002011
-0.004286
-0.006226
-0.008081
-0.009925
-0.011812
-0.013381
-0.014162
-0.014413
-0.014688
-0.01517
-0.015576
-0.015183
-0.013904
-0.012961
-0.012902
-0.01275
-0.011997
-0.01128
-0.011083
-0.011293
-0.011693
-0.011975
-0.012169
-0.012963
-0.014447
-0.015459
-0.015595
-0.016068
-0.01728
-0.018245
-0.018617
-0.019066
-0.01975
-0.020232
-0.020813
-0.021739
-0.022504
-0.023464
-0.025188
-0.026946
-0.027808
-0.028048
-0.028551
-0.029418
-0.030127
-0.030284
-0.029722
-0.028685
-0.027728
-0.026954
-0.026024
-0.024882
-0.023794
-0.023111
-0.023094
-0.023024
-0.021777
-0.019988
-0.018955
-0.018096
-0.016475
-0.014444
-0.01223
-0.009957
-0.008208
-0.007036
-0.005999
-0.005054
-0.004172
-0.003049
-0.001723
-0.000588
0.000054
0.000426
0.000904
0.00118
0.000838
0.000229
-0.000385
-0.001188
-0.002262
-0.003467
-0.004188
-0.003977
-0.003224
-0.002455
-0.001584
-0.000027
0.002276
0.00473
0.007036
0.008875
0.009867
0.010541
0.011484
0.012196
0.01233
0.012206
0.011741
0.011026
0.010545
0.010018
0.008938
0.007428
0.005576
0.003284
0.000916
-0.001165
-0.002902
-0.00413
-0.004863
-0.005085
-0.004312
-0.002484
-0.000015
0.002995
0.006308
0.009451
0.012241
0.014785
0.017272
0.019575
0.021106
0.021935
0.022974
0.024452
0.025907
0.026852
0.02729
0.027932
0.028971
0.029759
0.029909
0.029358
0.028333
0.027283
0.025843
0.02361
0.021501
0.020179
0.019065
0.017926
0.017018
0.016225
0.015549
0.014983
0.014223
0.013185
0.012167
0.011569
0.011078
0.010084
0.008727
0.007727
0.007445
0.007464
0.007578
0.008184
0.009353
0.010604
0.011724
0.01264
0.013205
0.01353
0.013791
0.014217
0.014872
0.015534
0.015862
0.015682
0.015824
0.017374
0.019726
0.021417
0.022467
0.023964
0.025932
0.027417
0.028223
0.028877
0.029349
0.029223
0.028646
0.028137
0.02771
0.026696
0.025037
0.023527
0.022282
0.020881
0.019186
0.017113
0.01489
0.013012
0.011308
0.009467
0.007796
0.006184
0.003959
0.001415
-0.000157
-0.000644
-0.001248
-0.002195
-0.002845
-0.003415
-0.004407
-0.005205
-0.005107
-0.004774
-0.004875
-0.005144
-0.005606
-0.006606
-0.007991
-0.009393
-0.010586
-0.011443
-0.012113
-0.012811
-0.013497
-0.013819
-0.013504
-0.012586
-0.011026
-0.00906
-0.007129
-0.004979
-0.00263
-0.000865
0.000575
0.002336
0.003712
0.00448
0.005315
0.005778
0.005496
0.004895
0.00388
0.002774
0.002555
0.003139
0.003424
0.002913
0.001938
0.000888
0.000242
0.000167
0.000219
0.000052
0.000014
0.000286
0.000468
0.000647
0.001154
0.001844
0.002427
0.002579
0.002199
0.001668
0.001031
-0.000009
-0.000925
-0.000895
-0.00038
-0.00033
-0.000714
-0.000785
0.000053
0.001769
0.003575
0.004773
0.005824
0.007164
0.008437
0.009443
0.01012
0.010223
0.009593
0.008026
0.005856
0.004133
0.002614
0.000236
-0.002646
-0.005338
-0.00774
-0.009569
-0.011002
-0.01265
-0.014526
-0.016049
-0.016709
-0.016743
-0.016802
-0.017099
-0.017416
-0.017551
-0.017474
-0.017487
-0.018104
-0.018906
-0.019043
-0.01894
-0.019184
-0.019485
-0.019757
-0.020502
-0.021771
-0.022969
-0.023923
-0.024803
-0.025783
-0.027139
-0.028426
-0.029026
-0.029507
-0.030367
-0.03109
-0.031372
-0.031136
-0.030026
-0.028362
-0.026813
-0.02528
-0.02345
-0.021392
-0.019321
-0.017156
-0.014684
-0.012061
-0.009732
-0.008061
-0.007089
-0.006697
-0.006504
-0.005762
-0.0048
-0.005021
-0.006223
-0.006829
-0.0065
-0.006185
-0.006688
-0.008071
-0.009664
-0.010356
-0.010176
-0.010478
-0.011365
-0.011892
-0.011942
-0.011591
-0.010952
-0.010488
-0.010292
-0.01006
-0.009634
-0.009104
-0.008802
-0.009222
-0.010252
-0.010814
-0.010437
-0.010211
-0.010788
-0.011427
-0.011508
-0.011195
-0.010699
-0.009785
-0.008103
-0.005957
-0.004277
-0.003221
-0.002039
-0.000464
0.000957
0.001553
0.001519
0.001555
0.00151
0.001109
0.000773
0.000623
0.000206
-0.00045
-0.000907
-0.001322
-0.001978
-0.002876
-0.004114
-0.005622
-0.006953
-0.007877
-0.008846
-0.010022
-0.01103
-0.011792
-0.012422
-0.01318
-0.014164
-0.015189
-0.015897
-0.015951
-0.016004
-0.016623
-0.017013
-0.016711
-0.015967
-0.014823
-0.013632
-0.01257
-0.011271
-0.009966
-0.009212
-0.008778
-0.007866
-0.006392
-0.005219
-0.004593
-0.003899
-0.003166
-0.002881
-0.002905
-0.002791
-0.002558
-0.002793
-0.003709
-0.004802
-0.005983
-0.007369
-0.008775
-0.010352
-0.012264
-0.014095
-0.015419
-0.016688
-0.018302
-0.01929
-0.018793
-0.017415
-0.015953
-0.014724
-0.013712
-0.012446
-0.010751
-0.009009
-0.007497
-0.006163
-0.004833
-0.00358
-0.002536
-0.001346
-0.000039
0.000764
0.00139
0.002483
0.003471
0.003569
0.003032
0.002494
0.002134
0.001819
0.0012
-0.000175
-0.001766
-0.00269
-0.003531
-0.004752
-0.005562
-0.00572
-0.005797
-0.006071
-0.006355
-0.006419
-0.006289
-0.00599
-0.005197
-0.003883
-0.002707
-0.00182
-0.000728
0.000339
0.000806
0.000836
0.000911
0.000973
0.000652
0.000196
0.00012
0.000364
0.000604
0.000781
0.001003
0.001472
0.002361
0.003292
0.003741
0.003805
0.003868
0.004052
0.004255
0.004391
0.004495
0.004836
0.005672
0.00666
0.007291
0.007494
0.007412
0.00741
0.007752
0.008142
0.008215
0.007834
0.006841
0.005481
0.004543
0.004326
0.004323
0.003923
0.003
0.002183
0.002043
0.002303
0.002445
0.002598
0.003116
0.003874
0.004819
0.005842
0.006818
0.008013
0.009417
0.010786
0.012085
0.01319
0.013724
0.013872
0.013957
0.013989
0.014075
0.013687
0.012372
0.01094
0.009768
0.007828
0.005206
0.003133
0.001284
-0.000919
-0.002724
-0.00398
-0.005139
-0.005909
-0.006
-0.005706
-0.005329
-0.004672
-0.003677
-0.002517
-0.00084
0.001233
0.002748
0.003213
0.002828
0.001944
0.001079
0.00045
-0.000476
-0.001802
-0.003035
-0.004188
-0.005221
-0.005677
-0.005791
-0.006104
-0.006349
-0.006156
-0.005777
-0.005519
-0.005118
-0.004055
-0.002474
-0.001089
0.000122
0.001729
0.003581
0.005426
0.007366
0.009278
0.010807
0.011817
0.012344
0.012609
0.013024
0.013351
0.012963
0.012064
0.011494
0.0115
0.011681
0.011726
0.011382
0.010605
0.010029
0.010206
0.010741
0.010979
0.010835
0.010622
0.010572
0.0106
0.010266
0.009435
0.008838
0.00894
0.008921
0.008055
0.007011
0.006654
0.006617
0.006015
0.004827
0.003635
0.002802
0.002415
0.002241
0.001998
0.001588
0.000787
-0.000411
-0.001334
-0.001652
-0.002218
-0.003622
-0.005179
-0.006428
-0.00772
-0.008911
-0.009508
-0.00965
-0.009741
-0.010043
-0.010666
-0.011254
-0.011436
-0.011315
-0.011119
-0.011222
-0.011888
-0.012982
-0.014279
-0.015338
-0.015997
-0.016718
-0.017503
-0.017891
-0.017928
-0.017962
-0.018103
-0.018305
-0.018169
-0.017246
-0.016211
-0.016041
-0.016277
-0.015686
-0.014182
-0.012549
-0.010959
-0.009213
-0.007323
-0.005357
-0.003345
-0.001748
-0.000753
0.00041
0.001702
0.002251
0.002299
0.002579
0.002802
0.002826
0.003325
0.004017
0.003931
0.003355
0.003213
0.003534
0.00378
0.003735
0.003585
0.003556
0.003693
0.003907
0.004574
0.00612
0.007664
0.00868
0.009945
0.011722
0.013555
0.015073
0.016288
0.017405
0.018502
0.019282
0.019776
0.020275
0.020505
0.020291
0.019947
0.019735
0.019605
0.01938
0.018989
0.018482
0.017946
0.01744
0.016774
0.015572
0.014143
0.013393
0.013241
0.012622
0.01144
0.010725
0.010597
0.010015
0.008743
0.007518
0.006414
0.005019
0.003363
0.001512
-0.000545
-0.002377
-0.00367
-0.004731
-0.005691
-0.00615
-0.006004
-0.005903
-0.006533
-0.007309
-0.007277
-0.006945
-0.006959
-0.007036
-0.006933
-0.006729
-0.006531
-0.006349
-0.006159
-0.005968
-0.005821
-0.005751
-0.005755
-0.006298
-0.007514
-0.008014
-0.007197
-0.006707
-0.007578
-0.008673
-0.008587
-0.007439
-0.00649
-0.005926
-0.004866
-0.003238
-0.001489
0.00017
0.00178
0.003238
0.004647
0.006341
0.008114
0.009384
0.009861
0.009913
0.010092
0.010431
0.010418
0.009834
0.009018
0.008287
0.007858
0.007699
0.007253
0.006129
0.004862
0.003893
0.00303
0.002448
0.001853
0.000647
-0.000447
-0.000741
-0.000953
-0.00177
-0.002857
-0.003691
-0.004285
-0.005092
-0.006059
-0.006573
-0.0066
-0.006656
-0.006996
-0.00749
-0.007918
-0.008047
-0.007903
-0.007782
-0.007793
-0.008037
-0.008501
-0.008685
-0.008168
-0.007478
-0.007479
-0.008094
-0.008632
-0.008831
-0.008943
-0.009249
-0.009775
-0.010367
-0.010942
-0.011726
-0.012796
-0.013692
-0.014383
-0.015251
-0.016051
-0.016435
-0.01646
-0.015828
-0.014486
-0.013387
-0.012571
-0.011247
-0.00982
-0.008664
-0.007151
-0.005317
-0.004042
-0.003485
-0.002872
-0.001816
-0.000643
0.000317
0.000857
0.000945
0.001161
0.002095
0.003119
0.003652
0.004259
0.005091
0.00568
0.005929
0.006068
0.006137
0.005657
0.004699
0.004111
0.003968
0.004076
0.004272
0.004324
0.004811
0.005899
0.006716
0.006961
0.007395
0.008596
0.010004
0.011086
0.012036
0.012889
0.013786
0.014767
0.015357
0.015542
0.015955
0.016594
0.016715
0.016404
0.016465
0.016759
0.016479
0.015718
0.014709
0.013313
0.011759
0.01031
0.008866
0.006853
0.004322
0.002171
0.000436
-0.00134
-0.003217
-0.005328
-0.007415
-0.008887
-0.010039
-0.011404
-0.012425
-0.012634
-0.012715
-0.013052
-0.013293
-0.013258
-0.012955
-0.012744
-0.013002
-0.013479
-0.013843
-0.014076
-0.014285
-0.014506
-0.014697
-0.014771
-0.014466
-0.013543
-0.012533
-0.012275
-0.012595
-0.012324
-0.01114
-0.010358
-0.010727
-0.011466
-0.011689
-0.010888
-0.009319
-0.008125
-0.007322
-0.006023
-0.004626
-0.003591
-0.002362
-0.000986
-0.000262
-0.000332
-0.000615
-0.000699
-0.000576
-0.000342
0.000005
0.000507
0.001161
0.001896
0.002636
0.003328
0.003921
0.004354
0.005058
0.006416
0.007533
0.00763
0.00734
0.007459
0.007992
0.008506
0.009077
0.010181
0.01131
0.011786
0.012288
0.013375
0.014317
0.014529
0.014362
0.014285
0.014333
0.014301
0.014073
0.013702
0.013285
0.012856
0.012427
0.011878
0.010809
0.009135
0.007641
0.006662
0.005311
0.003522
0.002494
0.002511
0.002803
0.002929
0.002951
0.002812
0.002587
0.002603
0.002534
0.001936
0.001122
0.000125
-0.001477
-0.003333
-0.004884
-0.006469
-0.008282
-0.009853
-0.011292
-0.012792
-0.013636
-0.013913
-0.014444
-0.014874
-0.014897
-0.01506
-0.015541
-0.016045
-0.016146
-0.015719
-0.014911
-0.013658
-0.0123
-0.011202
-0.010141
-0.009646
-0.010051
-0.010295
-0.010042
-0.010003
-0.009834
-0.008562
-0.006754
-0.005696
-0.00531
-0.004802
-0.003702
-0.00188
-0.000125
0.000527
0.000345
0.000244
0.000475
0.000876
0.001337
0.001423
0.000922
0.000458
0.0005
0.000864
0.001334
0.001694
0.001378
0.000515
0.000122
-0.000041
-0.000832
-0.001427
-0.000962
-0.000211
-0.000138
-0.000618
-0.000724
-0.000067
0.000954
0.002156
0.00344
0.004379
0.004847
0.005215
0.005842
0.006827
0.007733
0.008013
0.007709
0.007059
0.006325
0.00579
0.005387
0.004715
0.003215
0.001221
0.000006
-0.000232
-0.00049
-0.001486
-0.003136
-0.004607
-0.005116
-0.004882
-0.004685
-0.004846
-0.005108
-0.005203
-0.00516
-0.005133
-0.00521
-0.005391
-0.005665
-0.006031
-0.0065
-0.007103
-0.007853
-0.008708
-0.009515
-0.010057
-0.010311
-0.010454
-0.010544
-0.010288
-0.009421
-0.008384
-0.007886
-0.007802
-0.007112
-0.005421
-0.003941
-0.003613
-0.003388
-0.0021
-0.000705
-0.000285
-0.000188
-0.000059
-0.00049
-0.001312
-0.001753
-0.002024
-0.003083
-0.00464
-0.005585
-0.006254
-0.007181
-0.007801
-0.008443
-0.010007
-0.011602
-0.011778
-0.010888
-0.010126
-0.009525
-0.008307
-0.006572
-0.005204
-0.003962
-0.002048
-0.000225
0.000846
0.001925
0.003029
0.003445
0.003324
0.00328
0.003542
0.003936
0.004495
0.005686
0.007141
0.007644
0.007238
0.007324
0.008227
0.008704
0.008261
0.007675
0.007564
0.008102
0.009247
0.010406
0.010852
0.011131
0.012244
0.013513
0.013857
0.013609
0.01337
0.013057
0.01273
0.012568
0.012208
0.011596
0.011294
0.011443
0.011752
0.011879
0.011308
0.01026
0.009816
0.009893
0.009339
0.008174
0.007427
0.00695
0.005844
0.004599
0.004101
0.004086
0.003793
0.002819
0.001607
0.001102
0.001495
0.002045
0.002197
0.002045
0.001875
0.001777
0.00171
0.001681
0.001729
0.001849
0.002019
0.002218
0.002431
0.002634
0.002802
0.002917
0.002963
0.003154
0.003892
0.004974
0.005679
0.005855
0.006
0.006586
0.007657
0.008623
0.008869
0.008842
0.009581
0.010784
0.010992
0.010166
0.009735
0.010468
0.011928
0.01316
0.013847
0.014694
0.015956
0.016966
0.017405
0.017584
0.017728
0.01793
0.018413
0.019024
0.019129
0.018625
0.018161
0.018207
0.018592
0.01923
0.020513
0.022085
0.022827
0.022952
0.023794
0.025255
0.025944
0.025598
0.025082
0.024897
0.024724
0.023748
0.022091
0.021033
0.020965
0.020909
0.019825
0.018033
0.016957
0.016897
0.016665
0.015427
0.013837
0.013054
0.01306
0.01262
0.011232
0.010086
0.009972
0.010224
0.010132
0.009507
0.00827
0.006839
0.00604
0.00594
0.005875
0.005504
0.005043
0.004778
0.00474
0.004621
0.003936
0.002784
0.001999
0.001945
0.002066
0.001876
0.001493
0.001207
0.001102
0.001117
0.001177
0.001213
0.001201
0.001147
0.001044
0.00088
0.000647
0.000356
0.000035
-0.000292
-0.000602
-0.000872
-0.00106
-0.0011
-0.000959
-0.00068
-0.00031
0.000125
0.000553
0.00095
0.001713
0.002942
0.00365
0.003297
0.002645
0.002402
0.002535
0.002518
0.001812
0.000763
0.000305
0.000897
0.002265
0.003345
0.003382
0.002958
0.002926
0.003352
0.003809
0.00405
0.004141
0.00419
0.004222
0.004348
0.004775
0.005425
0.005937
0.005909
0.005228
0.004261
0.003472
0.003082
0.002844
0.002393
0.001831
0.001216
0.000122
-0.001217
-0.001855
-0.001793
-0.00182
-0.002228
-0.002722
-0.002981
-0.002952
-0.002799
-0.002687
-0.002646
-0.002685
-0.002585
-0.001841
-0.000841
-0.000779
-0.00196
-0.00351
-0.004494
-0.00511
-0.006157
-0.00744
-0.008275
-0.008659
-0.009228
-0.010593
-0.012153
-0.012782
-0.01294
-0.013668
-0.014613
-0.014988
-0.014914
-0.014943
-0.015233
-0.015557
-0.015692
-0.015616
-0.015551
-0.01598
-0.016967
-0.017728
-0.017756
-0.0174
-0.016976
-0.016651
-0.016787
-0.017498
-0.018276
-0.018573
-0.018557
-0.018722
-0.01918
-0.0197
-0.020062
-0.020226
-0.020251
-0.020187
-0.020061
-0.019929
-0.019649
-0.018644
-0.017101
-0.016511
-0.017407
-0.018378
-0.018236
-0.017443
-0.016998
-0.017122
-0.0174
-0.017481
-0.017341
-0.017096
-0.016797
-0.016406
-0.015882
-0.01527
-0.014667
-0.014139
-0.013766
-0.013621
-0.013658
-0.013798
-0.014042
-0.014367
-0.014673
-0.014877
-0.014951
-0.014908
-0.014519
-0.013153
-0.011001
-0.009445
-0.009042
-0.008904
-0.008005
-0.006717
-0.006537
-0.007754
-0.009244
-0.010193
-0.010607
-0.010774
-0.010777
-0.010521
-0.009975
-0.009288
-0.008565
-0.007575
-0.006324
-0.005282
-0.004389
-0.003572
-0.003314
-0.003631
-0.004274
-0.004835
-0.004332
-0.00262
-0.000674
0.000617
0.001057
0.001604
0.002792
0.00329
0.00252
0.001831
0.001929
0.002177
0.002056
0.001666
0.001472
0.002045
0.003426
0.004752
0.005361
0.005613
0.006058
0.006659
0.007212
0.007938
0.008947
0.009645
0.009642
0.009404
0.009455
0.009751
0.00998
0.009996
0.009876
0.009708
0.00951
0.009455
0.00959
0.009361
0.008631
0.008085
0.008015
0.008289
0.008918
0.009463
0.009527
0.009627
0.010014
0.010402
0.010807
0.011256
0.011601
0.011782
0.011878
0.01199
0.012166
0.012402
0.012654
0.013031
0.013862
0.015003
0.015645
0.015292
0.014125
0.012768
0.011949
0.011759
0.011187
0.009536
0.007944
0.007541
0.007816
0.007901
0.007686
0.007533
0.007432
0.006881
0.005972
0.005476
0.005535
0.005557
0.005179
0.00457
0.004084
0.003879
0.003875
0.003984
0.004212
0.004102
0.003225
0.00245
0.002529
0.002788
0.002956
0.00353
0.004037
0.003637
0.002439
0.001375
0.001283
0.00191
0.002373
0.002429
0.002882
0.004165
0.005294
0.00555
0.005237
0.00489
0.005024
0.00577
0.006652
0.007006
0.006805
0.006666
0.00696
0.007423
0.007528
0.007423
0.00777
0.00837
0.008789
0.00932
0.010022
0.010853
0.011879
0.012118
0.011096
0.010294
0.01061
0.011263
0.011717
0.012192
0.012678
0.013231
0.013881
0.014014
0.013503
0.012811
0.011745
0.010295
0.00938
0.009102
0.008236
0.006542
0.005312
0.005026
0.004864
0.00423
0.003309
0.002345
0.000992
-0.000721
-0.002125
-0.003191
-0.004094
-0.004706
-0.005048
-0.004909
-0.004469
-0.004713
-0.005791
-0.006827
-0.007496
-0.00847
-0.010013
-0.011285
-0.011937
-0.012499
-0.012862
-0.012555
-0.011841
-0.011231
-0.011114
-0.011832
-0.012766
-0.013044
-0.013319
-0.014117
-0.014644
-0.014555
-0.014568
-0.015434
-0.016592
-0.016781
-0.016054
-0.015415
-0.015302
-0.015285
-0.014623
-0.013551
-0.013224
-0.013506
-0.013465
-0.01353
-0.013841
-0.013293
-0.011923
-0.010928
-0.010437
-0.009792
-0.009091
-0.008688
-0.00876
-0.009483
-0.010231
-0.01022
-0.009807
-0.009716
-0.010019
-0.01035
-0.010433
-0.010491
-0.011068
-0.012001
-0.0124
-0.012078
-0.011729
-0.011808
-0.012153
-0.011984
-0.011003
-0.010636
-0.011597
-0.012481
-0.012352
-0.011828
-0.011675
-0.011927
-0.012216
-0.012325
-0.012231
-0.011562
-0.010251
-0.009307
-0.009274
-0.009486
-0.009435
-0.009461
-0.00969
-0.009623
-0.009388
-0.009508
-0.009878
-0.010305
-0.011233
-0.012633
-0.013538
-0.01401
-0.015014
-0.016387
-0.017228
-0.017526
-0.018169
-0.019583
-0.021003
-0.021433
-0.020608
-0.019375
-0.019014
-0.019494
-0.019768
-0.019414
-0.018827
-0.01835
-0.01767
-0.016639
-0.01569
-0.014815
-0.013968
-0.013647
-0.013791
-0.013875
-0.01351
-0.012349
-0.010915
-0.010347
-0.010366
-0.009484
-0.007477
-0.005401
-0.003732
-0.002676
-0.002449
-0.002372
-0.001466
0.000131
0.001294
0.001527
0.00183
0.00327
0.005109
0.005997
0.006194
0.006963
0.008498
0.009707
0.009754
0.008762
0.007655
0.007396
0.007873
0.007821
0.006548
0.005306
0.005289
0.005514
0.004712
0.0037
0.003675
0.00427
0.004626
0.004576
0.004691
0.005529
0.006648
0.007102
0.006934
0.007314
0.008655
0.009695
0.009587
0.009019
0.008952
0.009491
0.010082
0.010371
0.010223
0.009691
0.009226
0.008869
0.008235
0.007879
0.008617
0.009653
0.00966
0.008918
0.00826
0.007907
0.00778
0.007201
0.005954
0.004791
0.003979
0.003415
0.002901
0.002117
0.001497
0.001526
0.001537
0.000883
0.000182
0.000182
0.000665
0.000795
-0.000069
-0.00128
-0.001555
-0.000967
-0.000387
0.000225
0.001251
0.002172
0.002767
0.003797
0.005073
0.00595
0.006879
0.007843
0.008251
0.00858
0.009363
0.010154
0.010786
0.011683
0.012897
0.014336
0.015946
0.017214
0.018213
0.019827
0.021801
0.022903
0.022942
0.022764
0.022854
0.023352
0.024207
0.02436
0.02317
0.021717
0.020752
0.019757
0.018389
0.01679
0.014958
0.013099
0.011397
0.009444
0.007239
0.00541
0.004019
0.002564
0.000858
-0.00059
-0.001384
-0.001857
-0.002387
-0.003002
-0.003392
-0.002886
-0.001635
-0.000898
-0.000925
-0.00106
-0.00115
-0.001329
-0.00167
-0.002145
-0.002656
-0.003116
-0.003718
-0.004868
-0.006267
-0.007049
-0.007131
-0.007199
-0.007627
-0.008444
-0.009775
-0.011283
-0.012137
-0.012453
-0.013271
-0.014635
-0.015475
-0.015426
-0.015126
-0.015087
-0.015232
-0.015059
-0.014539
-0.014209
-0.014154
-0.014328
-0.014545
-0.014473
-0.014242
-0.0141
-0.013802
-0.012816
-0.011395
-0.010459
-0.009934
-0.009015
-0.007872
-0.006951
-0.005863
-0.00432
-0.00286
-0.002177
-0.002148
-0.002116
-0.001802
-0.001391
-0.001138
-0.0011
-0.001159
-0.001209
-0.001247
-0.001303
-0.001381
-0.001462
-0.001532
-0.001594
-0.001661
-0.001766
-0.001924
-0.002094
-0.002238
-0.002374
-0.002514
-0.00263
-0.002926
-0.003799
-0.004935
-0.005431
-0.005417
-0.005741
-0.006271
-0.006628
-0.007012
-0.007335
-0.007631
-0.008407
-0.009471
-0.010007
-0.009958
-0.010194
-0.011334
-0.012767
-0.013461
-0.013435
-0.01342
-0.013786
-0.014554
-0.015538
-0.016411
-0.017071
-0.017471
-0.017652
-0.017863
-0.018197
-0.018252
-0.017562
-0.016572
-0.016168
-0.016114
-0.015381
-0.014054
-0.012818
-0.011686
-0.010773
-0.010052
-0.009045
-0.007716
-0.006626
-0.006085
-0.005728
-0.005173
-0.004441
-0.003746
-0.003186
-0.002661
-0.002059
-0.001422
-0.000591
0.000436
0.001045
0.001241
0.001941
0.003232
0.004335
0.005279
0.006394
0.007274
0.007661
0.007889
0.008216
0.008552
0.00873
0.008742
0.008714
0.00854
0.007853
0.006904
0.006527
0.006841
0.007201
0.007471
0.007785
0.007788
0.00758
0.007725
0.008196
0.008599
0.008986
0.009394
0.009781
0.010608
0.011601
0.011987
0.011982
0.012384
0.01321
0.013533
0.013418
0.013507
0.013331
0.013102
0.013746
0.014085
0.01273
0.010842
0.009674
0.00905
0.008707
0.008514
0.008278
0.007979
0.007527
0.006824
0.006524
0.006927
0.007088
0.006661
0.00631
0.006327
0.006488
0.006801
0.007157
0.007227
0.007118
0.006845
0.00647
0.006327
0.00617
0.005507
0.004659
0.004293
0.004157
0.003614
0.002955
0.002625
0.002313
0.001919
0.001614
0.001173
0.00046
-0.000327
-0.000862
-0.001177
-0.001846
-0.002923
-0.003805
-0.004266
-0.004596
-0.005089
-0.005552
-0.005792
-0.006149
-0.006791
-0.007512
-0.007991
-0.008207
-0.00878
-0.009893
-0.010686
-0.010802
-0.010931
-0.011492
-0.012021
-0.012025
-0.01187
-0.011954
-0.012216
-0.012647
-0.013149
-0.013439
-0.013388
-0.013444
-0.013829
-0.014076
-0.013974
-0.013748
-0.013752
-0.014211
-0.014568
-0.01411
-0.013331
-0.013123
-0.01343
-0.013483
-0.01301
-0.012581
-0.01233
-0.011807
-0.010962
-0.010274
-0.009901
-0.009582
-0.009349
-0.009131
-0.008581
-0.007773
-0.007259
-0.007259
-0.007348
-0.007177
-0.006668
-0.005623
-0.004038
-0.00261
-0.002297
-0.002833
-0.002648
-0.001375
-0.000425
-0.000547
-0.00107
-0.001278
-0.000935
-0.00019
0.000575
0.001196
0.001772
0.002638
0.003765
0.004453
0.004465
0.004284
0.004444
0.005254
0.006047
0.005956
0.005607
0.005957
0.00709
0.008394
0.009248
0.009797
0.010475
0.011359
0.012206
0.012838
0.013293
0.013699
0.013897
0.013714
0.013388
0.013178
0.013083
0.013001
0.012897
0.012806
0.012517
0.012072
0.011889
0.011707
0.011055
0.010333
0.010054
0.009816
0.009327
0.008744
0.008038
0.007525
0.00753
0.007535
0.006961
0.00648
0.006672
0.00672
0.006229
0.005792
0.005698
0.005746
0.005957
0.006283
0.006144
0.005633
0.005447
0.005854
0.006383
0.006251
0.005653
0.005139
0.004857
0.005029
0.005375
0.00536
0.005109
0.004975
0.004827
0.004455
0.004219
0.004327
0.004243
0.003628
0.003033
0.002866
0.002643
0.002004
0.001479
0.001516
0.001651
0.001585
0.001678
0.002026
0.002606
0.003436
0.004295
0.004794
0.004823
0.004756
0.004658
0.004288
0.003952
0.004037
0.00412
0.003726
0.003324
0.003434
0.00383
0.004155
0.004114
0.003615
0.003002
0.002761
0.002957
0.00297
0.00259
0.002351
0.002463
0.002692
0.002847
0.002929
0.002784
0.00229
0.001897
0.001718
0.0015
0.001346
0.001048
0.000561
0.000333
0.000418
0.000558
0.000637
0.000696
0.000798
0.00093
0.001035
0.001069
0.001031
0.001162
0.001439
0.001399
0.001301
0.001401
0.00115
0.000609
0.000398
0.000558
0.000712
0.000638
0.000219
-0.00041
-0.000828
-0.001179
-0.001608
-0.001802
-0.002074
-0.002664
-0.003086
-0.00311
-0.002983
-0.002762
-0.002295
-0.001664
-0.001229
-0.001441
-0.001932
-0.001733
-0.001048
-0.000816
-0.001144
-0.001321
-0.000836
0.000053
0.000657
0.000798
0.001247
0.002165
0.002686
0.002398
0.001767
0.001653
0.002091
0.002259
0.00178
0.001015
0.00064
0.000649
0.000489
0.000271
0.000168
-0.000181
-0.000755
-0.000942
-0.000455
0.000159
0.000259
-0.000083
-0.000586
-0.001035
-0.001104
-0.000854
-0.00059
-0.000172
0.000397
0.000524
0.000326
0.000371
0.000722
0.001536
0.002379
0.002542
0.002297
0.002239
0.002671
0.003228
0.003376
0.003237
0.003155
0.003217
0.003299
0.003301
0.003244
0.003198
0.003198
0.003233
0.003296
0.003371
0.00342
0.003427
0.003583
0.003944
0.004143
0.004237
0.004484
0.004637
0.00473
0.005019
0.005195
0.005229
0.005479
0.005737
0.005716
0.005563
0.005469
0.005417
0.005472
0.00574
0.00587
0.005814
0.00601
0.006382
0.006849
0.007437
0.007747
0.007658
0.007475
0.007477
0.007826
0.007996
0.007203
0.005939
0.005117
0.004698
0.004402
0.003933
0.00318
0.002637
0.002364
0.001972
0.001457
0.000698
-0.000052
-0.000029
0.000454
0.000509
0.000145
-0.000334
-0.000889
-0.001178
-0.000961
-0.000599
-0.00046
-0.000526
-0.000615
-0.000637
-0.000617
-0.000603
-0.000603
-0.000602
-0.00059
-0.000576
-0.000568
-0.000609
-0.000553
0.00016
0.001415
0.00204
0.001501
0.000619
0.000389
0.000757
0.000996
0.00085
0.000812
0.001256
0.001732
0.001641
0.001118
0.000895
0.001231
0.001864
0.002573
0.002972
0.002903
0.002759
0.002857
0.003133
0.003384
0.003713
0.004225
0.004419
0.004274
0.004517
0.004927
0.004865
0.004528
0.003978
0.003052
0.002203
0.001911
0.001851
0.00134
0.000364
-0.000533
-0.001022
-0.001051
-0.000847
-0.00076
-0.000843
-0.000949
-0.000978
-0.000951
-0.00093
-0.000931
-0.000934
-0.000934
-0.000756
-0.000225
0.000486
0.000975
0.001021
0.001057
0.001433
0.001734
0.001669
0.001413
0.001166
0.000955
0.000752
0.000438
-0.00014
-0.000611
-0.00082
-0.001486
-0.002436
-0.00258
-0.002181
-0.002296
-0.00278
-0.002985
-0.002818
-0.002113
-0.001159
-0.000999
-0.001325
-0.000938
-0.000102
0.000307
0.000259
0.000189
0.000286
0.000568
0.001098
0.001567
0.001754
0.002087
0.002656
0.003033
0.003147
0.003392
0.003952
0.004494
0.005108
0.005931
0.006396
0.006572
0.006968
0.007349
0.007438
0.007385
0.007418
0.007774
0.008364
0.008662
0.008512
0.008303
0.008288
0.008371
0.008368
0.008226
0.008019
0.007818
0.007641
0.007727
0.008304
0.008732
0.008327
0.007677
0.007823
0.008629
0.009114
0.009168
0.009268
0.0094
0.009455
0.009523
0.009527
0.009184
0.008669
0.008495
0.008636
0.008633
0.008118
0.007223
0.006354
0.005726
0.005426
0.005053
0.004025
0.002768
0.0022
0.002329
0.002501
0.002187
0.001387
0.00079
0.000797
0.000771
0.000341
-0.000043
-0.000403
-0.000873
-0.001152
-0.001181
-0.001126
-0.001073
-0.001001
-0.000858
-0.000663
-0.000486
-0.000384
-0.00037
-0.000421
-0.000501
-0.000578
-0.000621
-0.000603
-0.000572
-0.000773
-0.001108
-0.000842
0.000115
0.000858
0.000963
0.000884
0.001011
0.001076
0.000808
0.000373
-0.000097
-0.000372
-0.000272
-0.000049
0.000086
0.000227
0.000305
0.00035
0.000688
0.001005
0.000965
0.0009
0.001149
0.001756
0.002303
0.002384
0.002238
0.002282
0.002558
0.00286
0.003023
0.003141
0.003652
0.00469
0.005522
0.005572
0.005212
0.005262
0.006272
0.007553
0.007921
0.007803
0.008338
0.009232
0.009513
0.009143
0.00883
0.009021
0.00928
0.009064
0.008413
0.007577
0.007147
0.007123
0.006692
0.005923
0.005436
0.005046
0.004382
0.003732
0.003158
0.002364
0.001622
0.001245
0.001038
0.00078
0.000288
-0.000477
-0.001238
-0.001822
-0.00212
-0.002125
-0.002116
-0.002267
-0.002687
-0.00345
-0.00414
-0.004317
-0.004399
-0.00487
-0.005407
-0.005841
-0.006323
-0.006656
-0.006913
-0.007477
-0.008121
-0.008341
-0.008228
-0.008179
-0.008315
-0.008531
-0.008588
-0.008217
-0.00765
-0.007455
-0.0075
-0.007169
-0.006739
-0.006791
-0.006678
-0.005695
-0.004531
-0.003848
-0.003215
-0.002461
-0.00191
-0.001377
-0.00082
-0.000388
0.000195
0.000794
0.001037
0.001269
0.001828
0.002308
0.002397
0.002343
0.002208
0.001919
0.001813
0.002064
0.002393
0.002791
0.003388
0.00381
0.003606
0.002966
0.002355
0.00192
0.001721
0.001723
0.001696
0.00158
0.001516
0.001617
0.001865
0.002386
0.003052
0.003419
0.003701
0.004081
0.004218
0.004064
0.003854
0.003714
0.003624
0.003532
0.003198
0.002707
0.002519
0.00237
0.00199
0.001725
0.001496
0.000866
0.000033
-0.000437
-0.00072
-0.001402
-0.002288
-0.002766
-0.002831
-0.00286
-0.003011
-0.003187
-0.003286
-0.003325
-0.003384
-0.003511
-0.003685
-0.003866
-0.004048
-0.004243
-0.004424
-0.004546
-0.004593
-0.004597
-0.004444
-0.004033
-0.003729
-0.003618
-0.003502
-0.003658
-0.003905
-0.003647
-0.00298
-0.002448
-0.002375
-0.002506
-0.002443
-0.002047
-0.001273
-0.000471
-0.000198
-0.000385
-0.00057
-0.000569
-0.000578
-0.001101
-0.00224
-0.002961
-0.002585
-0.001977
-0.001918
-0.002117
-0.002077
-0.001734
-0.001338
-0.001107
-0.001053
-0.001073
-0.001115
-0.001177
-0.001324
-0.001769
-0.002392
-0.002625
-0.002341
-0.001958
-0.001717
-0.001631
-0.001793
-0.001827
-0.001071
-0.000004
0.000083
-0.001072
-0.00207
-0.001796
-0.001189
-0.001226
-0.001534
-0.001797
-0.001883
-0.00167
-0.001383
-0.001237
-0.001257
-0.001576
-0.002199
-0.002647
-0.0027
-0.002864
-0.003272
-0.003545
-0.003778
-0.004028
-0.004068
-0.003957
-0.003915
-0.004229
-0.004897
-0.005393
-0.005432
-0.005131
-0.00491
-0.005323
-0.005787
-0.005384
-0.004626
-0.004376
-0.004313
-0.004033
-0.003862
-0.003508
-0.002931
-0.002862
-0.003012
-0.002891
-0.00276
-0.002776
-0.002814
-0.002567
-0.001881
-0.00128
-0.001206
-0.001155
-0.00057
0.000093
0.000279
0.000057
-0.000108
-0.000124
-0.000116
-0.000161
-0.000212
-0.00019
-0.000056
-0.000051
-0.000434
-0.000821
-0.00095
-0.001285
-0.001879
-0.002267
-0.002361
-0.00237
-0.002737
-0.003636
-0.004299
-0.0042
-0.003466
-0.00241
-0.001752
-0.001802
-0.002015
-0.001921
-0.001615
-0.001402
-0.001403
-0.001543
-0.001534
-0.001098
-0.000583
-0.000321
0.000068
0.000676
0.001078
0.001194
0.001268
0.001336
0.001584
0.002387
0.00322
0.003071
0.002025
0.001039
0.000559
0.000439
0.000484
0.000488
0.000368
0.000238
0.000207
0.000275
0.000382
0.000483
0.000562
0.000617
0.000651
0.000671
0.00068
0.000678
0.000708
0.000817
0.00098
0.001139
0.001257
0.001331
0.001372
0.001392
0.001401
0.001417
0.001475
0.001432
0.001035
0.000524
0.000368
0.00049
0.000517
0.000344
0.000117
-0.000024
-0.000071
-0.000078
-0.000074
-0.000058
-0.000036
-0.000026
0.000125
0.000611
0.001129
0.001241
0.001079
0.000992
0.001036
0.00125
0.001587
0.001519
0.001133
0.001115
0.001364
0.001452
0.001383
0.001343
0.0012
0.000856
0.000624
0.000606
0.0006
0.00035
-0.000438
-0.001403
-0.001747
-0.001697
-0.001895
-0.002188
-0.002442
-0.002921
-0.003287
-0.002929
-0.002273
-0.002122
-0.002431
-0.002551
-0.002114
-0.001581
-0.001564
-0.001796
-0.001818
-0.001834
-0.00192
-0.001939
-0.002063
-0.002343
-0.0026
-0.002581
-0.00221
-0.001949
-0.00195
-0.001803
-0.001436
-0.000891
-0.000296
-0.000117
-0.000414
-0.000755
-0.000866
-0.000684
-0.000318
0.000003
0.000192
0.000152
-0.0001
-0.000326
-0.000425
-0.000477
-0.000628
-0.001185
-0.002268
-0.003302
-0.003716
-0.003749
-0.003884
-0.004243
-0.004816
-0.005415
-0.005617
-0.005449
-0.005505
-0.005938
-0.006231
-0.006132
-0.006025
-0.006352
-0.006913
-0.007123
-0.007035
-0.007238
-0.007737
-0.007974
-0.007828
-0.007623
-0.007669
-0.00806
-0.008426
-0.008396
-0.008141
-0.007992
-0.008147
-0.008511
-0.008558
-0.008176
-0.007883
-0.007865
-0.007848
-0.007838
-0.008046
-0.00822
-0.008083
-0.007844
-0.007773
-0.007861
-0.007958
-0.007978
-0.00792
-0.007838
-0.007926
-0.008227
-0.008365
-0.008152
-0.007856
-0.007748
-0.007938
-0.008151
-0.007929
-0.007487
-0.007457
-0.007846
-0.008051
-0.007802
-0.007444
-0.007199
-0.006862
-0.006515
-0.006485
-0.00655
-0.006442
-0.006445
-0.006764
-0.007255
-0.007695
-0.007873
-0.007817
-0.00781
-0.008155
-0.008809
-0.009311
-0.009409
-0.009224
-0.009223
-0.009724
-0.010139
-0.01012
-0.010246
-0.010662
-0.011024
-0.011346
-0.01151
-0.0112
-0.010709
-0.010546
-0.010527
-0.010347
-0.01014
-0.009914
-0.009694
-0.009549
-0.009337
-0.009178
-0.009267
-0.009316
-0.009151
-0.009037
-0.008918
-0.008604
-0.00835
-0.008343
-0.008313
-0.008172
-0.008137
-0.008244
-0.00835
-0.008282
-0.008135
-0.008071
-0.007961
-0.007799
-0.007701
-0.007624
-0.007522
-0.007372
-0.007074
-0.006699
-0.006483
-0.00632
-0.00605
-0.005848
-0.005803
-0.005709
-0.005346
-0.004862
-0.004607
-0.004597
-0.004516
-0.004224
-0.004041
-0.004068
-0.003924
-0.003603
-0.003361
-0.003127
-0.002866
-0.002715
-0.002564
-0.002187
-0.001731
-0.001497
-0.001357
-0.001039
-0.000711
-0.000527
-0.000328
-0.000137
-0.000096
-0.000026
0.000286
0.000632
0.000772
0.000787
0.00075
0.000745
0.00096
0.00134
0.001645
0.001726
0.001668
0.001632
0.001561
0.001427
0.001408
0.001544
0.00169
0.001732
0.001603
0.001363
0.001151
0.001021
0.001006
0.001047
0.000918
0.000533
0.000177
0.000146
0.00034
0.000497
0.000525
0.000394
0.000103
-0.000139
-0.000139
-0.000014
0.000032
-0.00005
-0.00022
-0.000287
-0.000093
0.000167
0.000286
0.000318
0.000374
0.000466
0.00054
0.000535
0.000401
0.000256
0.000185
0.000084
-0.000036
-0.000077
-0.000055
-0.000019
0.000018
0.000076
0.000134
0.000108
-0.000006
-0.000074
-0.000065
-0.000072
-0.000137
-0.000219
-0.000262
-0.000249
-0.000192
-0.000108
-0.000008
0.000102
0.000206
0.00029
0.000344
0.000368
0.000364
0.00036
0.000401
0.000437
0.000444
0.000506
0.000611
0.000701
0.000835
0.001024
0.001159
0.001192
0.001179
0.001178
0.001226
0.001282
0.001269
0.001238
0.00127
0.001316
0.001338
0.001361
0.001417
0.001533
0.001669
0.001716
0.001608
0.00145
0.001441
0.001567
0.001614
0.001555
0.001485
0.001443
0.001462
0.001539
0.001619
0.001661
0.001667
0.001647
0.001608
0.001553
0.001479
0.001375
0.001263
0.001219
0.001244
0.001274
0.001306
0.001371
0.001461
0.001563
0.001629
0.001609
0.001527
0.001444
0.001398
0.001379
0.001365
0.001362
0.001371
0.001429
0.001559
0.001694
0.001783
0.001834
0.001867
0.00188
0.001863
0.001822
0.001771
0.001733
0.001721
0.001738
0.001787
0.00186
0.001949
0.002041
0.002123
0.002171
0.002185
0.002187
0.002183
0.002153
0.002102
0.002059
0.002057
0.002095
0.002164
0.002252
0.002338
0.002414
0.002478
0.002519
0.002529
0.002509
0.002464
0.002408
0.002356
0.002325
0.002324
0.002343
0.002377
0.002432
0.002501
0.002561
0.002591
0.00258
0.002534
0.002464
0.002381
0.002299
0.002222
0.002164
0.00214
0.002149
0.002179
0.002224
0.002269
0.002299
0.002307
0.002288
0.002241
0.002172
0.002092
0.002016
0.001957
0.001925
0.001923
0.001952
0.002003
0.002063
0.002114
0.002145
0.002148
0.002124
0.002077
0.002015
0.001947
0.001889
0.001856
0.001854
0.001884
0.001939
0.002011
0.002087
0.002153
0.002198
0.002214
0.002202
0.002167
0.00212
0.002077
0.00205
0.002046
0.002073
0.00213
0.002212
0.002306
0.002397
0.002472
0.002524
0.002549
0.002548
0.002528
0.002501
0.002479
0.002476
0.002498
0.002549
0.002624
0.002715
0.00281
0.002895
0.00296
0.002998
0.003007
0.002994
0.002965
0.002935
0.002916
0.002915
0.00294
0.002989
0.003056
0.003131
0.003199
0.003249
0.003272
0.003261
0.003219
0.003155
0.00308
0.003007
0.002952
0.002921
0.002919
0.002942
0.002979
0.00302
0.003049
0.003052
0.003023
0.00296
0.00287