0.001554
-0.005452
-0.010909
-0.008559
-0.000191
0.008106
0.010772
0.01152
0.014468
0.017181
0.015375
0.011523
0.012371
0.017541
0.019716
0.015792
0.009793
0.004237
-0.001908
-0.006641
-0.004989
0.00254
0.009399
0.010798
0.006659
-0.001521
-0.009469
-0.010181
-0.001295
0.00905
0.011101
0.003906
-0.006227
-0.013667
-0.014875
-0.008879
-0.000496
0.002206
-0.003389
-0.0123
-0.019196
-0.022173
-0.019971
-0.011779
-0.000571
0.007744
0.010085
0.007504
0.00182
-0.006367
-0.015303
-0.021434
-0.022128
-0.018047
-0.01161
-0.00438
0.002986
0.008061
0.007076
-0.000831
-0.010271
-0.013665
-0.007653
0.003729
0.012542
0.013223
0.008047
0.004593
0.007243
0.012686
0.015534
0.01412
0.009754
0.003576
-0.002315
-0.005271
-0.005177
-0.004894
-0.005253
-0.00398
0.000497
0.00681
0.012525
0.015837
0.015541
0.011352
0.003497
-0.00712
-0.018047
-0.024371
-0.021629
-0.009373
0.007351
0.020253
0.022882
0.016706
0.010546
0.010075
0.011537
0.008584
0.002232
-0.002878
-0.005736
-0.007944
-0.007914
-0.003117
0.004722
0.01101
0.013133
0.012249
0.011205
0.012326
0.014898
0.015526
0.011506
0.003718
-0.003941
-0.007187
-0.004112
0.002612
0.007296
0.007082
0.00453
0.003754
0.005919
0.009775
0.012745
0.01198
0.00703
0.00248
0.003538
0.008375
0.009956
0.006036
0.002235
0.002737
0.004398
0.002141
-0.003556
-0.008078
-0.008015
-0.003105
0.003897
0.008048
0.006793
0.003972
0.004943
0.007955
0.006965
0.001583
-0.003077
-0.005632
-0.008483
-0.009966
-0.006152
0.000137
0.000702
-0.007105
-0.018295
-0.027928
-0.034476
-0.03677
-0.033895
-0.02701
-0.017247
-0.004109
0.010656
0.020978
0.022007
0.015465
0.007075
0.000475
-0.004802
-0.010724
-0.01716
-0.021415
-0.02115
-0.016677
-0.009638
-0.001338
0.006373
0.011005
0.012453
0.01345
0.014814
0.014095
0.011051
0.008757
0.007375
0.00324
-0.002888
-0.004831
-0.000923
0.002658
0.002621
0.003254
0.006919
0.008747
0.005672
0.002343
0.003762
0.009168
0.015996
0.022249
0.022668
0.012328
-0.004623
-0.018341
-0.026324
-0.03377
-0.042264
-0.046975
-0.045003
-0.037777
-0.026804
-0.015164
-0.010449
-0.016859
-0.026737
-0.028975
-0.023522
-0.020005
-0.023695
-0.030182
-0.03274
-0.029235
-0.022277
-0.015187
-0.008667
-0.000604
0.009544
0.018903
0.023886
0.023384
0.017715
0.010148
0.007521
0.014785
0.025947
0.028732
0.01826
0.001541
-0.01414
-0.029008
-0.045912
-0.063657
-0.076227
-0.076392
-0.062194
-0.041963
-0.028035
-0.023491
-0.020284
-0.012223
-0.003174
0.001822
0.004301
0.007278
0.009107
0.008235
0.00687
0.006575
0.004438
-0.00208
-0.010035
-0.01272
-0.005417
0.010254
0.02573
0.031237
0.023655
0.007666
-0.011235
-0.028522
-0.037807
-0.034663
-0.02614
-0.02656
-0.039715
-0.053272
-0.054872
-0.047427
-0.041254
-0.038793
-0.033083
-0.020252
-0.005868
0.001809
0.002366
0.00382
0.012585
0.024032
0.026514
0.014966
-0.00303
-0.015908
-0.01863
-0.013847
-0.005369
0.005828
0.017762
0.02454
0.021911
0.014967
0.012907
0.0171
0.019267
0.015416
0.0113
0.010844
0.007716
-0.002873
-0.014243
-0.017754
-0.01445
-0.008044
0.004137
0.022125
0.03305
0.023576
-0.000526
-0.017737
-0.013846
0.006039
0.027945
0.042939
0.047859
0.040511
0.021956
0.000165
-0.014887
-0.021121
-0.023895
-0.026318
-0.026433
-0.025767
-0.030644
-0.041191
-0.047857
-0.0427
-0.027187
-0.007614
0.010509
0.022332
0.024671
0.018413
0.008072
-0.000764
-0.002048
0.006635
0.018332
0.021703
0.014777
0.007009
0.006574
0.012623
0.019698
0.022906
0.019817
0.013725
0.012655
0.020265
0.030577
0.035908
0.034667
0.028157
0.016085
-0.000493
-0.017115
-0.029145
-0.033065
-0.025901
-0.009296
0.007469
0.014455
0.010675
0.003143
-0.001071
0.001918
0.012749
0.026353
0.032743
0.0261
0.010724
-0.005095
-0.017543
-0.026024
-0.028202
-0.021461
-0.007866
0.005801
0.012365
0.008854
-0.000468
-0.006216
-0.002519
0.006895
0.014242
0.017567
0.019076
0.016687
0.005083
-0.012522
-0.023574
-0.018708
-0.001665
0.015581
0.022753
0.016053
-0.001594
-0.021938
-0.035529
-0.037789
-0.029569
-0.013768
0.00543
0.021717
0.030706
0.034116
0.03607
0.037199
0.037696
0.043273
0.060284
0.085108
0.105172
0.110742
0.10044
0.077695
0.049001
0.024155
0.010509
0.006917
0.007269
0.008692
0.013383
0.024423
0.041867
0.061418
0.076096
0.080512
0.072582
0.051786
0.01965
-0.015565
-0.041965
-0.054103
-0.055741
-0.050118
-0.036172
-0.014977
0.007982
0.029321
0.048687
0.061461
0.059482
0.041356
0.015692
-0.006892
-0.019504
-0.018343
-0.004844
0.012691
0.023268
0.021718
0.010546
-0.004113
-0.01732
-0.026123
-0.028448
-0.022159
-0.007522
0.009086
0.017918
0.015941
0.011072
0.013556
0.026104
0.045127
0.066587
0.085676
0.094791
0.088288
0.068321
0.04263
0.018309
0.000427
-0.006497
-0.00061
0.014955
0.036051
0.063021
0.095975
0.125619
0.136672
0.12373
0.095792
0.06199
0.022502
-0.020036
-0.05008
-0.052756
-0.033293
-0.011879
-0.000798
0.00486
0.015419
0.035053
0.059325
0.077927
0.079902
0.06138
0.028448
-0.007612
-0.036184
-0.052318
-0.059671
-0.067717
-0.079738
-0.08654
-0.074841
-0.040933
0.005204
0.044053
0.056878
0.040537
0.013281
-0.00245
-0.003565
-0.004705
-0.014809
-0.026823
-0.029241
-0.017768
0.002622
0.019354
0.020444
0.007003
-0.007797
-0.015898
-0.020714
-0.020275
0.000555
0.046745
0.093225
0.106688
0.080451
0.0367
-0.001439
-0.026524
-0.041726
-0.049658
-0.047926
-0.029521
0.010101
0.060226
0.094557
0.090795
0.048754
-0.015828
-0.086961
-0.150735
-0.192551
-0.204853
-0.197982
-0.192624
-0.199854
-0.212747
-0.215268
-0.194592
-0.151193
-0.103542
-0.075406
-0.072154
-0.07559
-0.06719
-0.05062
-0.045716
-0.064658
-0.099965
-0.132293
-0.144959
-0.131933
-0.094588
-0.034749
0.04188
0.115516
0.158586
0.160246
0.139467
0.126238
0.135187
0.160113
0.185972
0.19908
0.192312
0.166722
0.128432
0.084705
0.043247
0.010353
-0.015494
-0.045467
-0.089088
-0.142205
-0.19307
-0.236844
-0.273973
-0.297265
-0.292523
-0.253874
-0.191511
-0.123779
-0.067692
-0.037026
-0.038938
-0.065792
-0.097615
-0.11733
-0.120472
-0.110132
-0.093938
-0.084159
-0.090939
-0.112656
-0.142502
-0.180329
-0.228846
-0.278287
-0.307602
-0.300336
-0.251541
-0.165258
-0.058516
0.037959
0.099449
0.123863
0.122754
0.103718
0.069355
0.021364
-0.042767
-0.125965
-0.214208
-0.272477
-0.270323
-0.206188
-0.103447
0.007344
0.096661
0.141192
0.137843
0.113285
0.106886
0.136728
0.187503
0.235192
0.27703
0.327057
0.388104
0.441635
0.465581
0.449146
0.394347
0.313381
0.220145
0.118303
0.006113
-0.106345
-0.200463
-0.270369
-0.317569
-0.324921
-0.271332
-0.180348
-0.111469
-0.088704
-0.07885
-0.056168
-0.044293
-0.071321
-0.124564
-0.174062
-0.209164
-0.229704
-0.230313
-0.213551
-0.196373
-0.184986
-0.162807
-0.116372
-0.054818
0.007438
0.069079
0.134353
0.200195
0.25787
0.299458
0.317739
0.312104
0.297106
0.295759
0.313793
0.33239
0.330562
0.308562
0.283082
0.266663
0.261907
0.267849
0.27964
0.280577
0.249509
0.178465
0.07948
-0.025642
-0.11489
-0.168663
-0.176322
-0.145589
-0.097522
-0.047527
0.001589
0.047296
0.079076
0.087641
0.074685
0.049294
0.021816
0.003766
0.00433
0.020797
0.037783
0.040344
0.025141
-0.000982
-0.028856
-0.053887
-0.077412
-0.10114
-0.1175
-0.112323
-0.078343
-0.023931
0.035026
0.082313
0.101938
0.082565
0.029998
-0.031351
-0.077766
-0.105234
-0.126959
-0.154353
-0.188364
-0.224718
-0.25958
-0.285302
-0.290793
-0.271436
-0.236908
-0.200838
-0.169273
-0.143124
-0.126079
-0.119397
-0.114299
-0.099201
-0.071612
-0.035925
0.00792
0.064286
0.133683
0.21023
0.285961
0.3506
0.389171
0.388531
0.352259
0.302864
0.26271
0.237459
0.223555
0.22291
0.235787
0.247108
0.23823
0.211155
0.183796
0.164306
0.147897
0.134588
0.130661
0.136593
0.148399
0.166419
0.188569
0.203407
0.200109
0.180643
0.154322
0.129069
0.107857
0.088565
0.065076
0.03133
-0.021522
-0.104119
-0.209801
-0.301627
-0.346877
-0.361606
-0.385861
-0.418852
-0.423176
-0.391031
-0.353502
-0.321485
-0.267053
-0.176442
-0.078248
-0.003711
0.047645
0.089192
0.124347
0.155571
0.191689
0.234094
0.269599
0.282175
0.264732
0.221344
0.166944
0.121184
0.095958
0.089884
0.096918
0.111603
0.12637
0.133023
0.129518
0.114776
0.080515
0.01965
-0.059791
-0.140007
-0.205054
-0.241037
-0.243366
-0.236555
-0.262302
-0.321672
-0.361609
-0.347697
-0.320878
-0.336153
-0.381564
-0.406033
-0.396792
-0.374341
-0.333411
-0.252252
-0.146813
-0.065148
-0.028191
-0.012821
0.012293
0.060596
0.124256
0.179231
0.206417
0.212911
0.217491
0.219369
0.208683
0.191509
0.179528
0.165776
0.144728
0.137263
0.162361
0.19849
0.209512
0.194582
0.180027
0.175713
0.166173
0.136778
0.088209
0.030718
-0.021944
-0.057857
-0.07546
-0.087554
-0.109997
-0.148907
-0.199798
-0.255667
-0.305484
-0.328943
-0.306202
-0.242307
-0.167547
-0.105994
-0.053366
0.001296
0.049897
0.076856
0.084341
0.086402
0.089027
0.089184
0.085396
0.074537
0.049196
0.006346
-0.045586
-0.092951
-0.12376
-0.130547
-0.114036
-0.085215
-0.060079
-0.049961
-0.054978
-0.063542
-0.059358
-0.035571
-0.003531
0.016388
0.01213
-0.013979
-0.050422
-0.082237
-0.097611
-0.094878
-0.082054
-0.066661
-0.04887
-0.024393
0.00666
0.036738
0.058185
0.073368
0.089639
0.103521
0.102577
0.086133
0.069059
0.057159
0.036671
-0.001078
-0.04383
-0.081704
-0.125646
-0.184924
-0.244178
-0.276467
-0.26349
-0.197399
-0.086295
0.033454
0.117806
0.15767
0.179411
0.200193
0.213755
0.217521
0.218635
0.209016
0.171562
0.117246
0.083923
0.088838
0.109795
0.120959
0.120352
0.115172
0.10532
0.091596
0.083376
0.088023
0.099978
0.104919
0.09363
0.070519
0.050647
0.048527
0.068907
0.105713
0.145032
0.168413
0.161393
0.125986
0.080834
0.042945
0.013645
-0.010294
-0.022012
-0.017707
-0.015009
-0.034077
-0.064237
-0.076994
-0.070056
-0.068975
-0.081389
-0.084978
-0.067566
-0.045773
-0.032674
-0.024296
-0.024091
-0.045841
-0.082912
-0.111777
-0.130348
-0.157822
-0.192038
-0.203956
-0.183502
-0.15492
-0.137965
-0.122908
-0.097258
-0.072064
-0.066412
-0.078271
-0.085302
-0.073003
-0.05582
-0.064137
-0.110223
-0.170653
-0.210884
-0.219951
-0.211297
-0.194516
-0.165972
-0.127559
-0.095731
-0.082155
-0.077889
-0.066775
-0.04666
-0.025455
-0.00675
0.01131
0.027539
0.041849
0.058272
0.077114
0.087563
0.082722
0.075894
0.090595
0.133139
0.188286
0.238503
0.275157
0.289511
0.267749
0.202646
0.106045
0.004335
-0.077462
-0.127723
-0.153253
-0.171507
-0.192118
-0.206492
-0.203897
-0.191491
-0.184883
-0.186813
-0.190973
-0.201874
-0.22405
-0.238023
-0.213995
-0.155191
-0.098787
-0.069545
-0.057785
-0.046782
-0.034902
-0.021279
0.00304
0.038442
0.068479
0.080836
0.081782
0.083095
0.086437
0.086565
0.080817
0.069883
0.05716
0.049127
0.051656
0.064112
0.084298
0.1147
0.156802
0.198467
0.220013
0.213458
0.192437
0.177432
0.177144
0.187068
0.20277
0.22539
0.255747
0.289826
0.323082
0.355215
0.386262
0.410298
0.417339
0.400226
0.356487
0.288228
0.204366
0.119562
0.045995
-0.009515
-0.041467
-0.050873
-0.056897
-0.086925
-0.149835
-0.235574
-0.338995
-0.455993
-0.54877
-0.556698
-0.46507
-0.335738
-0.241508
-0.196259
-0.16873
-0.136521
-0.094725
-0.036487
0.036259
0.091807
0.094537
0.056358
0.033241
0.063763
0.127735
0.17725
0.186661
0.158107
0.097925
0.018101
-0.053223
-0.09174
-0.104517
-0.115659
-0.133462
-0.151067
-0.164415
-0.166438
-0.142099
-0.096334
-0.066928
-0.080659
-0.114526
-0.125478
-0.099285
-0.047167
0.018553
0.079049
0.103871
0.080818
0.034851
-0.002363
-0.026606
-0.049084
-0.066785
-0.065955
-0.045872
-0.019332
0.007502
0.039201
0.075132
0.103484
0.113457
0.104811
0.081428
0.047204
0.014221
0.003877
0.027229
0.072613
0.122116
0.171345
0.222517
0.269095
0.298578
0.304813
0.289664
0.259093
0.22278
0.189105
0.157619
0.122355
0.084975
0.053382
0.028284
0.000685
-0.034869
-0.074758
-0.113621
-0.146518
-0.163421
-0.150727
-0.101406
-0.020087
0.074442
0.147447
0.161427
0.10759
0.019977
-0.053721
-0.093222
-0.109075
-0.115874
-0.120512
-0.131587
-0.156477
-0.184107
-0.189809
-0.164424
-0.12627
-0.097852
-0.083313
-0.073762
-0.061505
-0.039431
0.001916
0.067629
0.151695
0.244446
0.338348
0.420839
0.469145
0.466895
0.420711
0.350043
0.266539
0.173185
0.078646
-0.003851
-0.068726
-0.116839
-0.144768
-0.149445
-0.137691
-0.120073
-0.107046
-0.121702
-0.194964
-0.321324
-0.438236
-0.481108
-0.446512
-0.372754
-0.282182
-0.178725
-0.082551
-0.021777
0.005983
0.030328
0.066862
0.103892
0.12662
0.131787
0.120561
0.095116
0.062958
0.034378
0.016589
0.013462
0.026099
0.051229
0.083107
0.117201
0.150216
0.17839
0.19488
0.189094
0.154602
0.103556
0.062779
0.047584
0.046545
0.040476
0.02557
0.008128
-0.010809
-0.033675
-0.057008
-0.075471
-0.0905
-0.108967
-0.134045
-0.159985
-0.176563
-0.180927
-0.181897
-0.186063
-0.182789
-0.156809
-0.111789
-0.066232
-0.027376
0.011628
0.051653
0.083107
0.101809
0.112488
0.116767
0.110669
0.092005
0.062485
0.023446
-0.021256
-0.062396
-0.087958
-0.09138
-0.07669
-0.059994
-0.058364
-0.074463
-0.099215
-0.130557
-0.173973
-0.217235
-0.228688
-0.192109
-0.130684
-0.079564
-0.049635
-0.028341
-0.006191
0.013312
0.025277
0.03304
0.044354
0.061504
0.077339
0.084085
0.085061
0.092157
0.109836
0.129676
0.140049
0.134684
0.112865
0.080499
0.051983
0.041961
0.052574
0.072718
0.089929
0.097703
0.093495
0.076836
0.049764
0.015711
-0.022494
-0.061228
-0.094054
-0.113015
-0.113981
-0.102025
-0.091437
-0.09778
-0.126977
-0.170815
-0.212351
-0.234269
-0.225458
-0.186008
-0.130199
-0.081181
-0.058588
-0.065852
-0.088281
-0.103075
-0.094832
-0.063604
-0.022243
0.012777
0.030885
0.032536
0.027338
0.024805
0.029841
0.04586
0.077813
0.124128
0.172014
0.205855
0.220777
0.223436
0.224408
0.231687
0.244508
0.248
0.222303
0.163145
0.086986
0.015086
-0.038669
-0.065095
-0.061198
-0.039278
-0.023629
-0.032569
-0.06867
-0.123337
-0.178952
-0.208543
-0.191229
-0.136918
-0.086175
-0.074922
-0.101657
-0.13268
-0.13819
-0.11705
-0.088488
-0.069306
-0.067203
-0.083667
-0.108733
-0.118154
-0.093473
-0.043529
0.006083
0.040914
0.059143
0.054274
0.01995
-0.027326
-0.055688
-0.050264
-0.021672
0.018084
0.064524
0.105386
0.120633
0.10953
0.098088
0.108911
0.135904
0.157345
0.16123
0.150413
0.132135
0.111867
0.093431
0.07866
0.067552
0.06079
0.060006
0.064155
0.067771
0.064553
0.053915
0.044331
0.046476
0.061067
0.077247
0.084729
0.082261
0.07294
0.058097
0.039468
0.020573
0.001624
-0.022526
-0.054471
-0.086655
-0.106062
-0.107833
-0.101383
-0.099562
-0.106182
-0.120697
-0.14934
-0.195253
-0.236545
-0.238383
-0.198677
-0.15969
-0.156129
-0.174913
-0.182191
-0.166147
-0.133031
-0.083575
-0.018641
0.045602
0.088798
0.107446
0.110286
0.106205
0.105067
0.117692
0.142854
0.1672
0.183201
0.197771
0.219393
0.24703
0.27317
0.289574
0.290205
0.27539
0.252354
0.2251
0.188377
0.138163
0.081415
0.026811
-0.026129
-0.077831
-0.115756
-0.125463
-0.111333
-0.095587
-0.100963
-0.144506
-0.235027
-0.357086
-0.459446
-0.488387
-0.439304
-0.36181
-0.304825
-0.276614
-0.257751
-0.232785
-0.195697
-0.143621
-0.079695
-0.01912
0.019086
0.026226
0.007914
-0.020214
-0.038565
-0.033489
-0.006791
0.029712
0.066406
0.100894
0.132548
0.1606
0.183585
0.20073
0.214216
0.233416
0.26817
0.314724
0.355157
0.374868
0.372238
0.348846
0.303829
0.242242
0.177787
0.119989
0.068672
0.024058
-0.007916
-0.025947
-0.037472
-0.050094
-0.066109
-0.086157
-0.108997
-0.129371
-0.14312
-0.151654
-0.15665
-0.156163
-0.150247
-0.142907
-0.133344
-0.115113
-0.089106
-0.0687
-0.064266
-0.070688
-0.073397
-0.061979
-0.037384
-0.01176
0.002194
0.004515
0.005464
0.007408
0.001192
-0.013964
-0.021686
-0.009111
0.016438
0.040864
0.059596
0.072342
0.074752
0.065023
0.050243
0.038667
0.033546
0.036128
0.047392
0.062493
0.072978
0.074089
0.066629
0.052573
0.036644
0.026672
0.027024
0.034046
0.043767
0.058174
0.079083
0.099637
0.10813
0.098425
0.073119
0.039449
0.006289
-0.017355
-0.027555
-0.028667
-0.02845
-0.030967
-0.036456
-0.045778
-0.060038
-0.075037
-0.081902
-0.07585
-0.059544
-0.036719
-0.009303
0.018502
0.040923
0.057434
0.073774
0.090509
0.097262
0.081524
0.043861
-0.001176
-0.034465
-0.045402
-0.037226
-0.023883
-0.017527
-0.019932
-0.025953
-0.034185
-0.046782
-0.06044
-0.066257
-0.061707
-0.054035
-0.048924
-0.043616
-0.034228
-0.023125
-0.016654
-0.021194
-0.039754
-0.065828
-0.081492
-0.072229
-0.040838
-0.0012
0.036719
0.064896
0.07459
0.067036
0.058498
0.061532
0.071583
0.079917
0.087821
0.096994
0.099471
0.089505
0.074913
0.065353
0.059211
0.049523
0.034675
0.016088
-0.007031
-0.03433
-0.059973
-0.076386
-0.080863
-0.077279
-0.073829
-0.077347
-0.088725
-0.103486
-0.11677
-0.12536
-0.126268
-0.11565
-0.091315
-0.056237
-0.019584
0.007478
0.019696
0.022128
0.02434
0.031478
0.043381
0.059221
0.077456
0.092908
0.099859
0.098096
0.091007
0.078638
0.057967
0.029066
-0.003424
-0.033801
-0.055906
-0.063572
-0.055307
-0.037041
-0.016105
0.004384
0.022311
0.034183
0.039959
0.044883
0.050927
0.05277
0.045768
0.033005
0.019878
0.008042
-0.002735
-0.012469
-0.022859
-0.036328
-0.052277
-0.067835
-0.078745
-0.078127
-0.059142
-0.026047
0.004851
0.018498
0.012544
-0.008199
-0.036547
-0.060547
-0.067697
-0.058683
-0.046948
-0.042212
-0.043362
-0.04809
-0.057064
-0.067533
-0.073809
-0.076973
-0.084424
-0.099671
-0.119041
-0.135903
-0.141501
-0.126277
-0.088978
-0.041137
0.002895
0.036868
0.061922
0.082265
0.104214
0.130613
0.153003
0.157551
0.141666
0.117778
0.098683
0.087495
0.082104
0.080882
0.080415
0.075041
0.063131
0.050169
0.042552
0.040183
0.037986
0.031729
0.020545
0.005103
-0.012977
-0.029915
-0.040317
-0.041384
-0.035823
-0.029481
-0.027168
-0.03109
-0.040695
-0.052419
-0.06242
-0.071112
-0.082701
-0.099191
-0.117019
-0.129092
-0.128929
-0.115472
-0.096287
-0.082258
-0.077535
-0.078608
-0.082691
-0.087745
-0.084273
-0.060943
-0.022142
0.012965
0.03328
0.043386
0.048714
0.048428
0.047737
0.05791
0.081535
0.10871
0.13194
0.150907
0.165048
0.171515
0.16971
0.158367
0.132503
0.092413
0.049803
0.017611
-0.001213
-0.009158
-0.00785
-0.000722
0.005293
0.006263
0.003694
-0.000993
-0.008834
-0.018871
-0.027622
-0.034512
-0.043315
-0.056623
-0.072705
-0.088757
-0.10391
-0.116782
-0.122434
-0.114801
-0.092996
-0.063429
-0.035274
-0.014484
-0.001463
0.007985
0.018872
0.032227
0.045231
0.05648
0.06786
0.07827
0.080917
0.071054
0.053658
0.037697
0.026075
0.015748
0.005174
-0.004021
-0.011415
-0.018422
-0.025266
-0.030257
-0.03278
-0.033233
-0.0304
-0.020977
-0.003439
0.019076
0.040229
0.053913
0.056911
0.050295
0.038881
0.027324
0.016815
0.006083
-0.006129
-0.020988
-0.03876
-0.054671
-0.058168
-0.041205
-0.007374
0.030224
0.058997
0.072179
0.067244
0.045379
0.013181
-0.019267
-0.04445
-0.060678
-0.069535
-0.072107
-0.068386
-0.058918
-0.046223
-0.035975
-0.03531
-0.046699
-0.062861
-0.071969
-0.067582
-0.050905
-0.0259
0.001093
0.019808
0.023117
0.016292
0.01072
0.009444
0.007273
0.00331
0.001354
-0.000802
-0.010284
-0.026357
-0.038425
-0.038391
-0.027282
-0.010379
0.007912
0.023385
0.032438
0.033962
0.030066
0.02536
0.025124
0.030145
0.033719
0.028067
0.013302
-0.00323
-0.014555
-0.016552
-0.007724
0.007733
0.020131
0.023463
0.021515
0.021312
0.025196
0.033213
0.046664
0.06365
0.076602
0.080246
0.077098
0.071544
0.063297
0.050225
0.032475
0.010918
-0.013725
-0.037647
-0.054473
-0.061316
-0.06072
-0.056957
-0.053781
-0.054693
-0.060994
-0.070243
-0.07866
-0.084295
-0.087241
-0.089071
-0.091359
-0.092455
-0.086115
-0.067921
-0.041535
-0.015717
0.004948
0.02212
0.039097
0.057
0.074221
0.086925
0.092
0.090701
0.087175
0.083432
0.07889
0.074549
0.073069
0.073531
0.070827
0.062401
0.053324
0.052083
0.062499
0.080438
0.097197
0.103701
0.093327
0.064997
0.026641
-0.007925
-0.028839
-0.037369
-0.041074
-0.044628
-0.047831
-0.050999
-0.056484
-0.065269
-0.074468
-0.079697
-0.07769
-0.068639
-0.055582
-0.041803
-0.027519
-0.011681
0.003692
0.012653
0.012142
0.007605
0.008733
0.019059
0.032571
0.040686
0.040284
0.033634
0.02314
0.009721
-0.004951
-0.018333
-0.028805
-0.034974
-0.034732
-0.027484
-0.015935
-0.004116
0.004717
0.007304
0.001417
-0.009639
-0.016608
-0.012318
0.001076
0.014767
0.022045
0.023073
0.022612
0.024922
0.030236
0.035286
0.036915
0.034493
0.028239
0.018399
0.007868
0.003252
0.009469
0.024268
0.038977
0.044334
0.034461
0.009706
-0.021074
-0.042037
-0.041054
-0.020089
0.005838
0.020854
0.017806
-0.000873
-0.027982
-0.055586
-0.077772
-0.091456
-0.095718
-0.09055
-0.077333
-0.059129
-0.039734
-0.022535
-0.010211
-0.00392
-0.001831
0.000797
0.009033
0.024993
0.046339
0.067053
0.080789
0.084871
0.081444
0.074727
0.068957
0.068017
0.07292
0.078364
0.076092
0.064032
0.04865
0.03724
0.030707
0.025601
0.018894
0.009832
-0.000473
-0.009627
-0.016402
-0.023129
-0.033574
-0.048984
-0.067018
-0.082952
-0.090363
-0.085061
-0.070704
-0.056909
-0.04923
-0.044224
-0.035463
-0.021026
-0.002565
0.018121
0.03793
0.04967
0.046804
0.031132
0.013112
0.002959
0.003547
0.011376
0.021486
0.02997
0.03512
0.03834
0.042584
0.048547
0.054023
0.056473
0.053628
0.042794
0.023782
0.001163
-0.019597
-0.037115
-0.051669
-0.062092
-0.068945
-0.077455
-0.09075
-0.10345
-0.106726
-0.097301
-0.077094
-0.0492
-0.018677
0.006519
0.021438
0.028711
0.034318
0.04052
0.04538
0.046446
0.041845
0.031187
0.018092
0.010078
0.012186
0.022185
0.032836
0.038242
0.036353
0.028167
0.016725
0.007061
0.00382
0.008024
0.016231
0.023518
0.026644
0.025219
0.02115
0.016768
0.012815
0.008113
0.001566
-0.006128
-0.013077
-0.018475
-0.023451
-0.029215
-0.034545
-0.035795
-0.030404
-0.020342
-0.011286
-0.007985
-0.0114
-0.019696
-0.030529
-0.041272
-0.048404
-0.047963
-0.038283
-0.022942
-0.01042
-0.008121
-0.015835
-0.025531
-0.028608
-0.022296
-0.010497
-0.000678
0.000504
-0.008122
-0.02022
-0.026838
-0.0235
-0.01327
-0.002485
0.004014
0.005393
0.004373
0.005362
0.011135
0.021343
0.033739
0.045639
0.054144
0.05669
0.052928
0.045704
0.038721
0.033484
0.028907
0.023357
0.016005
0.007021
-0.002642
-0.011305
-0.016956
-0.01899
-0.019011
-0.019113
-0.019717
-0.020243
-0.021651
-0.025847
-0.032891
-0.040109
-0.045824
-0.050869
-0.055711
-0.057726
-0.054009
-0.045137
-0.033888
-0.021218
-0.006913
0.00575
0.009952
0.002952
-0.009056
-0.016184
-0.014604
-0.007808
-0.000127
0.007721
0.015246
0.019676
0.018748
0.01458
0.011951
0.014322
0.021936
0.033063
0.044814
0.053575
0.056529
0.053933
0.048553
0.042455
0.034934
0.024482
0.012087
0.001249
-0.005802
-0.010138
-0.013834
-0.01736
-0.020346
-0.022963
-0.025633
-0.028668
-0.033246
-0.041122
-0.052663
-0.065735
-0.076896
-0.082378
-0.078961
-0.066649
-0.050537
-0.036743
-0.026216
-0.015176
-0.00164
0.012126
0.023427
0.031951
0.037618
0.039757
0.039346
0.040032
0.044873
0.053691
0.063335
0.069614
0.069222
0.062218
0.051924
0.041645
0.03214
0.023624
0.016972
0.01101
0.001365
-0.014152
-0.031638
-0.04566
-0.055338
-0.062367
-0.065876
-0.063488
-0.055635
-0.044288
-0.02951
-0.011771
0.004394
0.014159
0.018409
0.021874
0.026662
0.031593
0.036151
0.040525
0.042196
0.037725
0.028546
0.021402
0.021475
0.027744
0.034699
0.03678
0.031356
0.020467
0.009364
0.002016
-0.001713
-0.003583
-0.003458
-0.000671
0.003257
0.004947
0.00238
-0.004796
-0.01509
-0.025427
-0.03266
-0.03652
-0.038268
-0.037254
-0.031879
-0.024171
-0.018913
-0.017083
-0.014723
-0.009585
-0.004114
-0.000759
0.001895
0.00617
0.011865
0.017265
0.021634
0.024478
0.02517
0.024535
0.0245
0.024843
0.023542
0.020469
0.018186
0.017755
0.017049
0.014271
0.010411
0.006629
0.002172
-0.003595
-0.009744
-0.015139
-0.019083
-0.020275
-0.01745
-0.011596
-0.00479
0.002499
0.010631
0.018248
0.022928
0.023965
0.022339
0.01929
0.015042
0.009097
0.000571
-0.009631
-0.017653
-0.019779
-0.017316
-0.015047
-0.015096
-0.016175
-0.018294
-0.023392
-0.030622
-0.035679
-0.036419
-0.03539
-0.034599
-0.031295
-0.022352
-0.010595
-0.003285
-0.004555
-0.011815
-0.019614
-0.024879
-0.027116
-0.025722
-0.019356
-0.008421
0.003567
0.011828
0.014324
0.013966
0.016274
0.023667
0.032301
0.035874
0.031477
0.020601
0.006176
-0.007917
-0.016525
-0.016683
-0.011163
-0.00547
-0.002019
0.000301
0.003067
0.007899
0.016737
0.028674
0.038104
0.039885
0.034736
0.02688
0.01783
0.00661
-0.005792
-0.016654
-0.026091
-0.036436
-0.046983
-0.05334
-0.053567
-0.05062
-0.04742
-0.042639
-0.034925
-0.025879
-0.015931
-0.00188
0.016671
0.033919
0.044569
0.049495
0.050665
0.046604
0.03755
0.030454
0.03176
0.0395
0.046109
0.046306
0.039443
0.028296
0.017985
0.011641
0.007142
0.000243
-0.009006
-0.018224
-0.027106
-0.035068
-0.037465
-0.031433
-0.022823
-0.020043
-0.023423
-0.026377
-0.024874
-0.019676
-0.012388
-0.004947
-0.000997
-0.002511
-0.006894
-0.010286
-0.011395
-0.009612
-0.003894
0.004323
0.010665
0.012368
0.010829
0.008735
0.007822
0.008993
0.011946
0.014435
0.015159
0.015478
0.016181
0.014957
0.009807
0.002427
-0.004222
-0.00972
-0.015222
-0.020395
-0.024169
-0.027173
-0.031094
-0.036151
-0.03963
-0.037896
-0.02987
-0.019092
-0.009889
-0.003222
0.002813
0.009051
0.01536
0.022566
0.031187
0.038377
0.03985
0.03492
0.027367
0.021483
0.019169
0.018872
0.016312
0.008466
-0.001433
-0.006168
-0.002406
0.006071
0.013489
0.01616
0.012193
0.002388
-0.007549
-0.010341
-0.003662
0.008745
0.021272
0.02856
0.026104
0.01377
-0.002059
-0.013711
-0.018444
-0.01763
-0.012984
-0.006412
-0.000119
0.005751
0.013023
0.021352
0.026972
0.026641
0.020419
0.010161
-0.001767
-0.012022
-0.017917
-0.019757
-0.019402
-0.017002
-0.01167
-0.004018
0.003852
0.010593
0.016508
0.022759
0.029995
0.037157
0.042428
0.045859
0.049525
0.05337
0.05386
0.049037
0.042383
0.038416
0.036715
0.033555
0.027774
0.021534
0.016421
0.012034
0.008296
0.005965
0.004976
0.004098
0.00275
0.000864
-0.002965
-0.011107
-0.023248
-0.035335
-0.043678
-0.048473
-0.051425
-0.052014
-0.048602
-0.042097
-0.035438
-0.029545
-0.021834
-0.009911
0.004836
0.017906
0.025804
0.027965
0.025437
0.019259
0.011556
0.00629
0.006526
0.011312
0.01691
0.021061
0.023865
0.025404
0.02417
0.018829
0.010458
0.002742
-0.000713
0.000506
0.003302
0.005043
0.005584
0.004459
-0.001137
-0.011377
-0.019976
-0.020116
-0.013603
-0.00896
-0.010827
-0.01663
-0.022367
-0.025407
-0.022361
-0.011617
0.001089
0.006449
0.001856
-0.006813
-0.013708
-0.016205
-0.012216
-0.001935
0.007548
0.007853
-0.000524
-0.009544
-0.014586
-0.017503
-0.020098
-0.022018
-0.02395
-0.027279
-0.031537
-0.036395
-0.043401
-0.052376
-0.059512
-0.062156
-0.062003
-0.059836
-0.051701
-0.034691
-0.013245
0.00444
0.014433
0.018361
0.019687
0.020161
0.020189
0.020883
0.024903
0.033068
0.041745
0.045937
0.044825
0.041582
0.038024
0.032498
0.02325
0.010825
-0.002584
-0.013906
-0.020237
-0.022168
-0.02408
-0.029643
-0.038549
-0.048622
-0.057808
-0.063777
-0.064976
-0.062445
-0.057998
-0.051235
-0.041603
-0.031082
-0.021523
-0.011862
-0.001819
0.005257
0.007382
0.00796
0.011161
0.017164
0.025292
0.036476
0.049349
0.05798
0.057614
0.049621
0.038871
0.028981
0.021502
0.016679
0.013043
0.009119
0.005357
0.003043
0.001431
-0.001232
-0.005048
-0.008787
-0.012417
-0.017052
-0.022494
-0.02733
-0.031305
-0.035763
-0.04118
-0.045915
-0.047593
-0.045068
-0.038997
-0.031028
-0.022637
-0.014672
-0.007959
-0.004095
-0.004554
-0.0085
-0.012362
-0.012909
-0.010091
-0.005978
-0.001638
0.003284
0.00834
0.011513
0.011574
0.009983
0.00965
0.012227
0.01704
0.02181
0.023971
0.022231
0.017809
0.013177
0.009348
0.005041
-0.000856
-0.007729
-0.013226
-0.014819
-0.011133
-0.003637
0.00458
0.011025
0.015352
0.017679
0.017573
0.015305
0.012987
0.012972
0.015179
0.017204
0.016346
0.012622
0.008648
0.006639
0.005611
0.003513
0.000069
-0.004072
-0.009739
-0.017405
-0.024602
-0.02761
-0.025226
-0.018601
-0.009241
0.000609
0.007658
0.010517
0.011902
0.015429
0.021934
0.029425
0.035005
0.035903
0.030857
0.021143
0.009314
-0.00283
-0.014028
-0.022571
-0.027422
-0.028699
-0.025982
-0.018918
-0.010452
-0.005292
-0.003547
0.000167
0.009548
0.021931
0.033184
0.042258
0.048394
0.048158
0.040206
0.029052
0.020489
0.015389
0.010462
0.003296
-0.005511
-0.01349
-0.018231
-0.019008
-0.018022
-0.018992
-0.023894
-0.031952
-0.041376
-0.050071
-0.054603
-0.051604
-0.041484
-0.028862
-0.017732
-0.00805
0.001262
0.008489
0.011283
0.011319
0.012936
0.017683
0.023462
0.028844
0.034067
0.037924
0.038345
0.036721
0.037278
0.040365
0.041216
0.036992
0.03086
0.026326
0.022287
0.016742
0.011112
0.007583
0.00496
0.000785
-0.005203
-0.011878
-0.018726
-0.02465
-0.027717
-0.028317
-0.029566
-0.032461
-0.03343
-0.028831
-0.0195
-0.009081
0.000086
0.007897
0.015101
0.022377
0.02987
0.036596
0.040954
0.041975
0.039876
0.035688
0.030921
0.02699
0.024238
0.021465
0.016837
0.009001
-0.002391
-0.016328
-0.029575
-0.037441
-0.036958
-0.030149
-0.022452
-0.01763
-0.01485
-0.011542
-0.006729
-0.000521
0.00763
0.017047
0.024503
0.027681
0.02815
0.02789
0.02595
0.021546
0.017569
0.016315
0.015022
0.010014
0.003335
-0.000611
-0.001728
-0.003011
-0.004649
-0.004653
-0.002732
-0.000093
0.002414
0.002987
-0.000792
-0.007874
-0.013421
-0.014761
-0.013301
-0.009997
-0.003896
0.003702
0.009673
0.013853
0.017564
0.018331
0.013
0.00556
0.003729
0.008188
0.011927
0.010738
0.006843
0.002455
-0.00307
-0.009275
-0.014131
-0.017513
-0.020169
-0.020602
-0.017377
-0.013197
-0.012231
-0.014926
-0.018831
-0.02289
-0.02694
-0.02947
-0.028819
-0.025324
-0.019905
-0.013477
-0.008319
-0.006935
-0.008175
-0.007662
-0.00296
0.004394
0.012103
0.019206
0.024513
0.026186
0.023995
0.019911
0.015846
0.01246
0.01018
0.009155
0.008345
0.006383
0.003888
0.002906
0.003515
0.001909
-0.0057
-0.017921
-0.028199
-0.030826
-0.02573
-0.017851
-0.012669
-0.012586
-0.015695
-0.017628
-0.015251
-0.009294
-0.003343
-0.000545
-0.001287
-0.003554
-0.004563
-0.001992
0.005022
0.01465
0.022579
0.024847
0.021874
0.018664
0.019874
0.025607
0.032328
0.035494
0.030817
0.017235
0.000834
-0.007924
-0.00393
0.007567
0.017482
0.020446
0.015144
0.002151
-0.014555
-0.027613
-0.031109
-0.024846
-0.013214
-0.001871
0.004774
0.005583
0.002891
-0.000753
-0.004684
-0.007737
-0.006624
0.000449
0.010626
0.018641
0.020817
0.016253
0.007034
-0.0017
-0.004901
-0.003043
-0.001703
-0.004577
-0.009384
-0.011847
-0.010038
-0.004016
0.005592
0.016222
0.022881
0.021419
0.012287
-0.00015
-0.011511
-0.019763
-0.025021
-0.028803
-0.032328
-0.034542
-0.032698
-0.025293
-0.013467
0.000122
0.012494
0.020423
0.021251
0.015763
0.008998
0.005618
0.005889
0.007017
0.007021
0.005998
0.005354
0.006007
0.007433
0.008054
0.006976
0.004804
0.002614
0.000449
-0.002201
-0.006095
-0.012332
-0.020902
-0.028446
-0.030136
-0.02427
-0.013639
-0.003216
0.002108
-0.000704
-0.009625
-0.017233
-0.016767
-0.008479
0.001778
0.008662
0.009382
0.003295
-0.006856
-0.014546
-0.014642
-0.008384
-0.001299
0.003294
0.006182
0.008726
0.010737
0.012135
0.013386
0.013637
0.010577
0.003381
-0.006047
-0.015155
-0.022695
-0.027832
-0.029303
-0.026615
-0.020749
-0.013265
-0.005924
-0.000955
0.000627
0.000519
0.000847
0.000837
-0.001307
-0.003782
-0.002273
0.004024
0.010594
0.012372
0.007888
-0.000973
-0.010797
-0.017339
-0.017038
-0.009564
0.001302
0.010386
0.014523
0.014092
0.01196
0.011146
0.012992
0.017276
0.023219
0.029097
0.031641
0.027616
0.017573
0.006277
-0.001843
-0.006996
-0.012058
-0.017913
-0.023285
-0.027975
-0.032915
-0.036853
-0.036684
-0.032039
-0.026844
-0.024454
-0.023148
-0.018172
-0.007686
0.004419
0.011772
0.010872
0.003031
-0.008059
-0.018298
-0.022845
-0.017651
-0.004156
0.00962
0.015405
0.011232
0.001174
-0.00885
-0.013367
-0.009395
0.000328
0.007841
0.007126
-0.000208
-0.007211
-0.008495
-0.003663
0.003687
0.009093
0.009971
0.007025
0.003091
0.000743
0.000723
0.001951
0.002064
-0.000988
-0.006909
-0.012883
-0.016031
-0.01597
-0.014816
-0.015378
-0.018482
-0.021872
-0.021197
-0.014131
-0.003309
0.005776
0.010297
0.011487
0.011053
0.009744
0.00949
0.013133
0.020228
0.02665
0.029142
0.027734
0.022373
0.012325
-0.000141
-0.00977
-0.014404
-0.016406
-0.018111
-0.019663
-0.021074
-0.022489
-0.022664
-0.02002
-0.014844
-0.008205
-0.000407
0.007356
0.012696
0.015573
0.019264
0.025698
0.032661
0.035902
0.032884
0.02424
0.013626
0.004629
-0.002619
-0.010281
-0.01703
-0.017987
-0.0116
-0.002987
0.002783
0.0061
0.010209
0.015396
0.018768
0.017605
0.012381
0.006531
0.003779
0.005177
0.009481
0.015678
0.023165
0.029934
0.033464
0.03338
0.030741
0.025114
0.015496
0.003904
-0.005504
-0.011139
-0.015225
-0.019915
-0.024683
-0.02785
-0.029061
-0.029163
-0.028676
-0.027251
-0.024764
-0.022373
-0.021833
-0.023534
-0.026016
-0.027045
-0.024788
-0.018374
-0.008684
0.001876
0.011051
0.018479
0.024962
0.030905
0.036153
0.040813
0.04503
0.048749
0.052319
0.05623
0.05998
0.061306
0.057961
0.049387
0.037412
0.02482
0.014492
0.008094
0.00494
0.00195
-0.003638
-0.011172
-0.017335
-0.020249
-0.02168
-0.024331
-0.02915
-0.035503
-0.041979
-0.045422
-0.042112
-0.031909
-0.019982
-0.012222
-0.010224
-0.011192
-0.010752
-0.004984
0.007355
0.022769
0.034905
0.039847
0.03802
0.03166
0.023308
0.01644
0.013465
0.012406
0.008503
0.000154
-0.008345
-0.010882
-0.004769
0.007282
0.018911
0.02378
0.020035
0.011356
0.003379
-0.000647
-0.001224
-0.001031
-0.002925
-0.008039
-0.015461
-0.0223
-0.025264
-0.022663
-0.016097
-0.008199
0.000022
0.008469
0.014821
0.01654
0.014997
0.013039
0.009107
0.000194
-0.009738
-0.012356
-0.00679
-0.000917
0.000803
0.002282
0.006495
0.010178
0.011031
0.01203
0.01458
0.014521
0.009518
0.004238
0.003973
0.007995
0.011782
0.011851
0.007017
-0.000781
-0.005848
-0.003044
0.006133
0.013674
0.013103
0.004116
-0.008894
-0.020314
-0.025222
-0.02278
-0.017411
-0.015676
-0.021539
-0.03429
-0.0486
-0.056704
-0.052575
-0.03644
-0.014807
0.004123
0.015427
0.018666
0.017325
0.016931
0.021571
0.030068
0.037026
0.038022
0.033309
0.026015
0.018906
0.013923
0.01292
0.016235
0.021078
0.023271
0.020452
0.012874
0.002273
-0.008557
-0.016811
-0.022344
-0.02853
-0.038009
-0.048221
-0.053307
-0.050529
-0.042224
-0.031875
-0.020907
-0.010124
-0.000749
0.007244
0.015317
0.023254
0.027975
0.026545
0.018645
0.006362
-0.005909
-0.011981
-0.008119
0.002443
0.012937
0.020169
0.025341
0.028516
0.027203
0.020076
0.009439
-0.001304
-0.010428
-0.017829
-0.022748
-0.023363
-0.019668
-0.016075
-0.017887
-0.024743
-0.030433
-0.029923
-0.023606
-0.014187
-0.003708
0.00506
0.008792
0.007109
0.00341
0.001519
0.003656
0.010478
0.020387
0.029626
0.035149
0.036096
0.031951
0.02299
0.013437
0.009343
0.011028
0.012245
0.008843
0.003766
0.001044
0.000131
-0.001185
-0.002983
-0.005189
-0.00933
-0.015671
-0.021914
-0.026015
-0.028189
-0.029029
-0.028706
-0.028407
-0.029622
-0.030949
-0.028678
-0.021389
-0.011581
-0.002903
0.002681
0.005078
0.005299
0.00503
0.006196
0.009852
0.015231
0.01999
0.021673
0.019736
0.016038
0.012603
0.00912
0.003706
-0.004567
-0.014634
-0.024232
-0.030782
-0.032839
-0.031795
-0.031261
-0.03316
-0.034919
-0.03241
-0.025019
-0.015962
-0.00794
-0.001605
0.002379
0.003237
0.003076
0.006404
0.014498
0.022676
0.02544
0.022083
0.015359
0.007021
-0.002259
-0.01078
-0.016396
-0.019379
-0.022311
-0.026744
-0.030692
-0.030829
-0.02667
-0.022167
-0.021461
-0.023967
-0.024825
-0.021072
-0.014211
-0.006867
0.000186
0.005649
0.006099
-0.000201
-0.009331
-0.014854
-0.014178
-0.009575
-0.004153
0.000529
0.00366
0.005087
0.00595
0.007439
0.008911
0.009273
0.009522
0.011865
0.016479
0.021492
0.025627
0.028617
0.029037
0.024605
0.015705
0.006353
0.00058
-0.001016
-0.000193
0.001288
0.001837
-0.000239
-0.004885
-0.009348
-0.011458
-0.012701
-0.015581
-0.018897
-0.019162
-0.015561
-0.010213
-0.004231
0.002422
0.008212
0.010959
0.011194
0.011007
0.010426
0.008232
0.005349
0.003657
0.002526
-0.00021
-0.004669
-0.00931
-0.013355
-0.016865
-0.019438
-0.020457
-0.019409
-0.015834
-0.010228
-0.004508
0.000421
0.006217
0.014025
0.021634
0.026565
0.02967
0.033017
0.036264
0.037898
0.037655
0.035413
0.029849
0.021077
0.011812
0.004093
-0.002754
-0.008731
-0.012144
-0.01322
-0.01533
-0.019902
-0.023879
-0.024018
-0.020933
-0.016431
-0.010344
-0.003028
0.002239
0.002785
0.000197
-0.00237
-0.003888
-0.004324
-0.002461
0.002015
0.006573
0.008745
0.009832
0.01278
0.017547
0.021537
0.023828
0.025942
0.028704
0.031167
0.032278
0.031765
0.029437
0.025213
0.019738
0.013982
0.008116
0.001921
-0.004082
-0.008963
-0.012978
-0.017359
-0.022789
-0.028569
-0.033367
-0.035991
-0.036008
-0.033803
-0.030448
-0.026639
-0.022136
-0.016041
-0.008645
-0.001946
0.001897
0.003419
0.005428
0.010273
0.01762
0.025413
0.03161
0.035322
0.036722
0.036896
0.037011
0.037129
0.03555
0.03024
0.020759
0.00925
-0.001295
-0.008822
-0.012553
-0.012519
-0.010706
-0.010555
-0.013621
-0.017249
-0.017862
-0.015066
-0.011022
-0.007126
-0.004743
-0.005719
-0.009622
-0.012018
-0.00949
-0.003196
0.003526
0.008858
0.012407
0.014598
0.017035
0.020412
0.022238
0.019727
0.014299
0.009351
0.005764
0.003651
0.00479
0.008553
0.00947
0.003935
-0.003614
-0.006128
-0.002274
0.00391
0.008493
0.009325
0.006119
0.001136
-0.002716
-0.005022
-0.006743
-0.006959
-0.004425
-0.000931
0.000558
0.000581
0.001927
0.005169
0.008117
0.008936
0.007093
0.002875
-0.002002
-0.004356
-0.00277
-0.000046
-0.000102
-0.002961
-0.005258
-0.005233
-0.004774
-0.006023
-0.008349
-0.009741
-0.009407
-0.00729
-0.002978
0.003425
0.010052
0.014602
0.015828
0.013806
0.009375
0.004241
-0.000024
-0.002861
-0.00464
-0.005635
-0.005925
-0.005331
-0.003897
-0.002309
-0.002204
-0.004566
-0.008635
-0.012523
-0.015055
-0.015358
-0.012691
-0.008026
-0.004868
-0.006103
-0.010378
-0.013358
-0.012347
-0.00847
-0.004481
-0.00186
-0.000275
0.001148
0.002577
0.004265
0.007468
0.013069
0.018911
0.020975
0.017863
0.012456
0.007825
0.003902
-0.000312
-0.003568
-0.004215
-0.003474
-0.004144
-0.006932
-0.010456
-0.013598
-0.015672
-0.015439
-0.012477
-0.008766
-0.007
-0.00763
-0.008965
-0.009543
-0.008833
-0.006172
-0.001209
0.004716
0.009298
0.011766
0.012802
0.012971
0.01203
0.010234
0.007998
0.005357
0.001803
-0.002149
-0.0051
-0.006156
-0.006327
-0.00768
-0.011603
-0.016988
-0.020309
-0.018586
-0.012633
-0.005745
0.000199
0.005523
0.009815
0.01144
0.010301
0.008825
0.008597
0.008203
0.005598
0.001033
-0.003659
-0.006819
-0.007153
-0.003939
0.001457
0.005511
0.005439
0.001948
-0.001789
-0.003484
-0.003503
-0.003577
-0.005005
-0.007735
-0.010667
-0.012
-0.010475
-0.006391
-0.001307
0.003973
0.009454
0.014107
0.015559
0.01317
0.009324
0.006336
0.003645
0.000304
-0.002314
-0.002439
-0.001059
0.000218
0.002023
0.005553
0.009305
0.011241
0.011805
0.012144
0.010871
0.006106
-0.00108
-0.008062
-0.013771
-0.017769
-0.01845
-0.015268
-0.010742
-0.007674
-0.006074
-0.004523
-0.002747
-0.001084
0.00083
0.003372
0.00587
0.007076
0.006194
0.003372
-0.000068
-0.002636
-0.003937
-0.004421
-0.003864
-0.001651
0.002113
0.006683
0.011347
0.014756
0.015193
0.012642
0.009263
0.006664
0.004306
0.001667
-0.000741
-0.003024
-0.006552
-0.011118
-0.014415
-0.014679
-0.012593
-0.009485
-0.005786
-0.001943
0.000938
0.002586
0.004459
0.007306
0.009179
0.007366
0.001896
-0.004677
-0.010654
-0.016339
-0.021566
-0.024124
-0.02229
-0.017375
-0.012429
-0.008926
-0.006147
-0.003232
-0.000633
0.000929
0.001876
0.003321
0.005513
0.007684
0.009244
0.010308
0.010857
0.010332
0.00845
0.00591
0.003749
0.002644
0.00281
0.003855
0.004251
0.00232
-0.001946
-0.006736
-0.010386
-0.012715
-0.014355
-0.015279
-0.014704
-0.012583
-0.010739
-0.01149
-0.01526
-0.019266
-0.01998
-0.017014
-0.013774
-0.01286
-0.013135
-0.011937
-0.008802
-0.005021
-0.00121
0.002922
0.006652
0.008707
0.009457
0.010547
0.012288
0.013447
0.013525
0.013162
0.012409
0.010026
0.005491
0.000557
-0.002242
-0.002247
-0.000939
-0.000097
-0.000516
-0.002282
-0.005366
-0.009583
-0.014319
-0.018886
-0.021804
-0.020921
-0.016014
-0.010672
-0.009167
-0.011575
-0.014351
-0.014626
-0.012504
-0.008367
-0.002089
0.004957
0.009768
0.011094
0.010395
0.009137
0.007385
0.005329
0.004535
0.006012
0.008154
0.008335
0.006659
0.006327
0.009333
0.013576
0.015687
0.015282
0.014146
0.012716
0.009984
0.006042
0.002466
0.000091
-0.001589
-0.003304
-0.005292
-0.007745
-0.010529
-0.01329
-0.015717
-0.017079
-0.01606
-0.012534
-0.008485
-0.006074
-0.005673
-0.006237
-0.006325
-0.00438
0.000114
0.005368
0.008866
0.01051
0.01208
0.014278
0.017012
0.021274
0.027615
0.03329
0.034256
0.029499
0.021572
0.013494
0.007057
0.00302
0.000729
-0.001255
-0.003244
-0.004187
-0.004132
-0.004757
-0.00693
-0.009565
-0.011845
-0.014094
-0.015769
-0.014938
-0.01076
-0.004661
0.001318
0.005916
0.008404
0.008702
0.008169
0.008963
0.012035
0.016698
0.021717
0.025727
0.026933
0.024362
0.019349
0.014807
0.01238
0.011199
0.009203
0.005761
0.001878
-0.001508
-0.004789
-0.008062
-0.009843
-0.008452
-0.004789
-0.001439
0.000464
0.002325
0.005165
0.008219
0.010103
0.010456
0.009409
0.007464
0.00554
0.0046
0.004903
0.006547
0.009553
0.012714
0.013624
0.011529
0.00878
0.007744
0.007522
0.005937
0.00369
0.003476
0.005329
0.006216
0.004584
0.00223
0.00083
-0.000168
-0.001074
-0.000361
0.002242
0.00394
0.002677
0.000647
0.001107
0.00356
0.005125
0.005199
0.005393
0.005872
0.005387
0.004501
0.00526
0.007505
0.008488
0.006728
0.003641
0.001313
0.000583
0.001825
0.004963
0.008772
0.01144
0.012539
0.012536
0.01139
0.009557
0.009095
0.011064
0.013259
0.013144
0.011126
0.008948
0.006572
0.003282
0.000199
-0.001195
-0.001498
-0.002083
-0.002765
-0.003577
-0.006299
-0.011648
-0.01712
-0.020604
-0.023247
-0.026074
-0.02666
-0.022909
-0.017248
-0.013838
-0.012677
-0.010799
-0.007122
-0.003046
0.001092
0.005089
0.006602
0.003354
-0.002758
-0.007821
-0.010182
-0.010266
-0.007653
-0.002385
0.00235
0.002407
-0.001893
-0.006035
-0.006694
-0.004648
-0.002104
-0.000114
0.001659
0.003
0.002796
0.00025
-0.003559
-0.007189
-0.010469
-0.01381
-0.015987
-0.015172
-0.011762
-0.008049
-0.004864
-0.001343
0.002462
0.005437
0.007552
0.009382
0.010041
0.008333
0.005393
0.003491
0.002766
0.0017
0.000287
-0.000111
0.001067
0.002893
0.004163
0.003704
0.001156
-0.002681
-0.006859
-0.011616
-0.016728
-0.019659
-0.01781
-0.012406
-0.007279
-0.004232
-0.002091
0.000337
0.003181
0.00655
0.010316
0.013237
0.014153
0.013593
0.012611
0.010926
0.007744
0.003774
0.000687
-0.000827
-0.001729
-0.003308
-0.005504
-0.006676
-0.005517
-0.003101
-0.001764
-0.001885
-0.001382
0.000744
0.002735
0.003075
0.002694
0.00251
0.00137
-0.001465
-0.004417
-0.006325
-0.008595
-0.012327
-0.015876
-0.017718
-0.018858
-0.02004
-0.019436
-0.016006
-0.012176
-0.010488
-0.010062
-0.009093
-0.008165
-0.008357
-0.008475
-0.007212
-0.005616
-0.005002
-0.004391
-0.002481
0.000102
0.002307
0.004372
0.006414
0.006875
0.004578
0.000559
-0.002545
-0.00267
0.000928
0.006775
0.011318
0.011766
0.009207
0.006632
0.004637
0.001985
-0.000579
-0.000896
0.000374
-0.000084
-0.003158
-0.005726
-0.005398
-0.003803
-0.003977
-0.006606
-0.010356
-0.013956
-0.017042
-0.019427
-0.020509
-0.01935
-0.016019
-0.012423
-0.010787
-0.011179
-0.011784
-0.011278
-0.009725
-0.007654
-0.005676
-0.004477
-0.003939
-0.002718
0.000092
0.003662
0.006585
0.008227
0.008114
0.005747
0.001624
-0.002822
-0.006892
-0.010648
-0.013737
-0.015123
-0.014627
-0.012818
-0.010243
-0.007572
-0.006202
-0.006502
-0.006608
-0.005049
-0.003059
-0.002446
-0.002277
-0.000671
0.001525
0.001362
-0.001215
-0.00247
0.00004
0.003973
0.005539
0.003877
0.000823
-0.002273
-0.004913
-0.005845
-0.003495
0.001075
0.004373
0.003852
0.000186
-0.003843
-0.005634
-0.004034
-0.000234
0.002715
0.002201
-0.001145
-0.004501
-0.006348
-0.007908
-0.010579
-0.013911
-0.016398
-0.017071
-0.015426
-0.01134
-0.005686
-0.000414
0.002894
0.004184
0.00424
0.004127
0.005175
0.007974
0.011096
0.012763
0.013224
0.013877
0.014574
0.013986
0.012072
0.010137
0.00857
0.006888
0.005431
0.004792
0.004489
0.003957
0.003738
0.003899
0.00317
0.000979
-0.001007
-0.001315
-0.000731
-0.000808
-0.001473
-0.001711
-0.001407
-0.001721
-0.003886
-0.007903
-0.012151
-0.014826
-0.015824
-0.016211
-0.015827
-0.013465
-0.009458
-0.005876
-0.003232
-0.000085
0.003823
0.006872
0.008748
0.010364
0.01083
0.008251
0.004222
0.003022
0.005687
0.008908
0.010724
0.012525
0.014906
0.016461
0.017611
0.020053
0.022468
0.021277
0.016737
0.012754
0.011059
0.009307
0.006019
0.002472
-0.000401
-0.003504
-0.006725
-0.008077
-0.006346
-0.002609
0.001271
0.004029
0.005475
0.00649
0.008039
0.009675
0.010172
0.009138
0.006652
0.00206
-0.004496
-0.010108
-0.01132
-0.008184
-0.003607
0.000291
0.003206
0.005011
0.006105
0.007633
0.009512
0.009405
0.005991
0.000912
-0.003943
-0.008766
-0.01347
-0.015806
-0.013961
-0.009115
-0.003702
0.00124
0.005603
0.008994
0.011419
0.013292
0.014158
0.01315
0.010993
0.009382
0.008307
0.005887
0.001356
-0.003228
-0.005785
-0.006733
-0.007691
-0.008923
-0.010096
-0.011424
-0.013023
-0.013922
-0.013269
-0.011457
-0.009562
-0.007978
-0.006733
-0.006283
-0.006657
-0.006619
-0.005095
-0.002521
0.000326
0.003181
0.005373
0.005736
0.004832
0.005435
0.009222
0.014318
0.017678
0.018616
0.017985
0.015946
0.012606
0.009609
0.008273
0.007791
0.006655
0.005021
0.003719
0.002499
0.000551
-0.001652
-0.003225
-0.004218
-0.004914
-0.004791
-0.003586
-0.002388
-0.002885
-0.005591
-0.009397
-0.012766
-0.014569
-0.01408
-0.011133
-0.006806
-0.003023
-0.001234
-0.000868
0.000198
0.003531
0.008415
0.012662
0.014456
0.01361
0.011487
0.009785
0.008848
0.007631
0.005418
0.002966
0.001389
0.001289
0.003093
0.006985
0.011508
0.014095
0.013578
0.011159
0.008271
0.005276
0.00249
0.00059
-0.000684
-0.002537
-0.005426
-0.008179
-0.00894
-0.006342
-0.001184
0.003061
0.002718
-0.001834
-0.006837
-0.009594
-0.010242
-0.008931
-0.005419
-0.001134
0.001434
0.00171
0.001001
0.000569
0.002096
0.007097
0.013479
0.015334
0.010479
0.004381
0.003586
0.008188
0.014631
0.021109
0.026302
0.02718
0.023047
0.017973
0.015527
0.014027
0.010296
0.005034
0.001367
-0.000269
-0.002371
-0.005688
-0.00847
-0.010033
-0.012404
-0.016691
-0.020863
-0.021931
-0.019601
-0.015409
-0.010028
-0.003479
0.002941
0.007872
0.010966
0.011771
0.009193
0.004201
0.000024
-0.000914
0.000286
0.001731
0.003359
0.006312
0.009655
0.010888
0.009084
0.006837
0.007176
0.009198
0.008796
0.004208
-0.002265
-0.008459
-0.014738
-0.020533
-0.023043
-0.021478
-0.003488