-0.001583
-0.010846
-0.016077
-0.009588
0.005481
0.020294
0.02612
0.022705
0.011919
-0.003186
-0.016094
-0.020712
-0.017013
-0.010152
-0.003115
0.004626
0.01316
0.021714
0.031398
0.041652
0.047214
0.043201
0.031954
0.019085
0.007326
-0.002743
-0.008983
-0.010462
-0.009922
-0.010714
-0.012791
-0.014555
-0.015503
-0.016203
-0.016955
-0.018208
-0.020097
-0.022236
-0.023956
-0.02518
-0.026095
-0.027544
-0.030414
-0.033918
-0.034829
-0.030897
-0.023128
-0.013863
-0.004209
0.004
0.007513
0.004734
-0.00162
-0.00801
-0.01318
-0.017413
-0.019975
-0.020027
-0.017945
-0.015364
-0.013449
-0.011952
-0.009256
-0.004389
0.002303
0.010372
0.020095
0.029404
0.033337
0.028595
0.017811
0.005575
-0.006005
-0.015908
-0.020946
-0.01919
-0.013445
-0.008142
-0.00416
-0.000381
0.002704
0.003674
0.003256
0.002979
0.00298
0.002457
0.001661
0.000702
-0.001139
-0.004212
-0.007339
-0.009954
-0.012732
-0.016165
-0.019697
-0.023839
-0.029663
-0.035682
-0.037382
-0.032129
-0.021784
-0.009834
0.001919
0.011814
0.017323
0.017264
0.014179
0.011601
0.010851
0.01051
0.009035
0.005946
0.001856
-0.002778
-0.007615
-0.011704
-0.012982
-0.010302
-0.004702
0.001796
0.008491
0.014944
0.01968
0.021249
0.020611
0.019811
0.019819
0.020256
0.021046
0.021964
0.022386
0.021933
0.021402
0.021208
0.020637
0.018626
0.015269
0.011017
0.006303
0.00171
-0.001559
-0.003089
-0.003717
-0.004816
-0.006709
-0.00887
-0.010458
-0.011022
-0.010457
-0.009468
-0.008911
-0.009134
-0.009426
-0.00906
-0.007713
-0.005533
-0.002781
-0.000537
-0.000021
-0.00153
-0.003747
-0.00552
-0.006661
-0.007531
-0.007787
-0.007027
-0.005246
-0.002878
-0.0001
0.00269
0.004925
0.006056
0.006456
0.006973
0.008339
0.010089
0.011019
0.010038
0.007404
0.004093
0.00122
-0.000566
-0.000754
0.000406
0.002048
0.003211
0.003994
0.004927
0.00624
0.007413
0.008117
0.008264
0.008025
0.007327
0.006161
0.004228
0.001183
-0.003391
-0.009403
-0.016017
-0.021067
-0.022518
-0.020756
-0.018928
-0.019207
-0.019994
-0.018077
-0.013002
-0.006838
-0.000753
0.00557
0.011695
0.017097
0.022877
0.030714
0.039405
0.045392
0.045459
0.038575
0.025073
0.007235
-0.011548
-0.028488
-0.042747
-0.054015
-0.062713
-0.070415
-0.078497
-0.08602
-0.091526
-0.095342
-0.098979
-0.103375
-0.109443
-0.117199
-0.123078
-0.121241
-0.110395
-0.095656
-0.082246
-0.070658
-0.058859
-0.044586
-0.026186
-0.005932
0.008102
0.00933
0.000391
-0.010854
-0.020392
-0.026679
-0.026018
-0.016656
-0.004183
0.005822
0.014713
0.024096
0.028096
0.021064
0.004115
-0.022163
-0.061484
-0.106514
-0.133768
-0.125983
-0.093058
-0.056988
-0.028455
-0.007683
0.001552
-0.004849
-0.021523
-0.03721
-0.046207
-0.050356
-0.05461
-0.062424
-0.069437
-0.062697
-0.03418
0.008205
0.051813
0.094292
0.133401
0.152904
0.13655
0.092935
0.045102
0.002444
-0.041781
-0.084041
-0.105446
-0.094806
-0.064354
-0.031971
-0.002339
0.030247
0.067947
0.107323
0.145163
0.181528
0.215849
0.246065
0.271374
0.294213
0.316559
0.336422
0.348259
0.348605
0.340105
0.32964
0.322104
0.317004
0.311233
0.303782
0.295862
0.289295
0.285883
0.287286
0.288407
0.275061
0.236534
0.182306
0.131587
0.087858
0.035061
-0.036235
-0.114251
-0.182342
-0.236097
-0.273912
-0.286287
-0.267264
-0.228357
-0.189151
-0.160679
-0.141735
-0.124906
-0.100599
-0.062013
-0.010737
0.044599
0.095817
0.137977
0.167799
0.185527
0.198579
0.21642
0.239325
0.255153
0.252018
0.231912
0.206998
0.181359
0.144078
0.085296
0.015036
-0.043777
-0.078684
-0.096445
-0.109186
-0.122065
-0.135874
-0.154594
-0.183415
-0.220464
-0.254395
-0.272812
-0.273327
-0.2657
-0.261449
-0.265079
-0.273622
-0.283281
-0.292361
-0.300982
-0.310479
-0.324146
-0.344821
-0.367924
-0.377736
-0.357672
-0.307251
-0.241404
-0.170803
-0.092003
-0.005368
0.069905
0.113747
0.131193
0.142913
0.155103
0.156827
0.143382
0.124673
0.107925
0.090282
0.071179
0.05906
0.060567
0.074986
0.100403
0.135223
0.170182
0.190342
0.189049
0.175496
0.163575
0.159724
0.160381
0.158031
0.145237
0.117875
0.076449
0.027827
-0.016487
-0.045477
-0.055968
-0.054501
-0.05055
-0.047689
-0.043304
-0.035427
-0.026005
-0.016524
-0.005416
0.008028
0.016558
0.007535
-0.023703
-0.063382
-0.09188
-0.105446
-0.11975
-0.148061
-0.184368
-0.211832
-0.223579
-0.225615
-0.224285
-0.219367
-0.20968
-0.19901
-0.194792
-0.200466
-0.210346
-0.214835
-0.210741
-0.199267
-0.177481
-0.142084
-0.101956
-0.071168
-0.051114
-0.035045
-0.029039
-0.045582
-0.080154
-0.116527
-0.150194
-0.183326
-0.205372
-0.203492
-0.182597
-0.156818
-0.133164
-0.116455
-0.108243
-0.083549
-0.007387
0.110429
0.209537
0.254116
0.264892
0.268338
0.256033
0.218961
0.176327
0.14784
0.126709
0.100312
0.072451
0.05119
0.036776
0.030712
0.037202
0.051846
0.063062
0.066391
0.065661
0.063464
0.05908
0.053628
0.049092
0.045498
0.042595
0.041786
0.043224
0.045036
0.046561
0.049684
0.055064
0.060037
0.060919
0.056538
0.047667
0.034866
0.018421
0.001216
-0.011722
-0.017611
-0.019517
-0.022662
-0.029107
-0.03733
-0.04619
-0.055013
-0.062227
-0.067766
-0.07585
-0.088845
-0.101044
-0.10422
-0.095563
-0.073394
-0.034945
0.00896
0.029386
0.007608
-0.034348
-0.051463
-0.019856
0.04891
0.131976
0.209123
0.260463
0.274138
0.260833
0.243062
0.230346
0.216159
0.195716
0.172072
0.145891
0.113987
0.080703
0.059959
0.060155
0.074587
0.090788
0.104481
0.1176
0.126777
0.121748
0.097592
0.061345
0.02381
-0.009914
-0.038656
-0.061093
-0.077328
-0.091783
-0.110799
-0.138553
-0.174033
-0.20802
-0.225158
-0.216748
-0.19247
-0.171744
-0.163798
-0.160269
-0.146982
-0.117054
-0.073424
-0.023677
0.025505
0.071779
0.116908
0.163374
0.211977
0.260163
0.300876
0.321704
0.310221
0.262955
0.192772
0.122982
0.072617
0.042296
0.018484
-0.010173
-0.045697
-0.091047
-0.151384
-0.215995
-0.254811
-0.247189
-0.203345
-0.143779
-0.075348
-0.000698
0.06641
0.11438
0.149638
0.186388
0.23228
0.289744
0.355293
0.405764
0.407658
0.348556
0.248126
0.13321
0.023982
-0.061787
-0.114575
-0.145611
-0.176435
-0.215922
-0.256061
-0.283429
-0.286595
-0.260985
-0.214172
-0.161894
-0.114788
-0.075685
-0.041602
-0.002441
0.052706
0.113892
0.150904
0.144148
0.10492
0.055223
0.006538
-0.040098
-0.086576
-0.135904
-0.18138
-0.20229
-0.182838
-0.132286
-0.071419
-0.00888
0.057049
0.122048
0.174477
0.202039
0.19763
0.164393
0.118253
0.073958
0.034154
-0.003878
-0.035267
-0.053402
-0.059466
-0.058484
-0.051184
-0.03772
-0.021546
-0.005014
0.013548
0.034134
0.052847
0.065703
0.071748
0.071737
0.068419
0.065628
0.065378
0.064086
0.054907
0.034156
0.006875
-0.017182
-0.031754
-0.036312
-0.030348
-0.013207
0.008542
0.021515
0.017886
0.000799
-0.023986
-0.053317
-0.083034
-0.108443
-0.128499
-0.143896
-0.154334
-0.162758
-0.174443
-0.184652
-0.178041
-0.15037
-0.119795
-0.10651
-0.112162
-0.127824
-0.148179
-0.168545
-0.178427
-0.169176
-0.143382
-0.111274
-0.080279
-0.050367
-0.017478
0.019856
0.05884
0.096834
0.133483
0.162372
0.169622
0.147599
0.106596
0.062099
0.019603
-0.022878
-0.063376
-0.096991
-0.120313
-0.130712
-0.126329
-0.111575
-0.094938
-0.080618
-0.06702
-0.054027
-0.043848
-0.036467
-0.029689
-0.023757
-0.019987
-0.017467
-0.014924
-0.013163
-0.01105
-0.003921
0.010421
0.028637
0.048421
0.072244
0.100033
0.121915
0.125648
0.109198
0.081696
0.05272
0.026416
0.003274
-0.016476
-0.032833
-0.046422
-0.060596
-0.08124
-0.112799
-0.153548
-0.195944
-0.229634
-0.243599
-0.230879
-0.194423
-0.145913
-0.095379
-0.046792
-0.005206
0.020747
0.027989
0.024592
0.019872
0.015955
0.010049
0.00108
-0.00948
-0.016224
-0.010693
0.011953
0.0451
0.076856
0.101923
0.123828
0.14538
0.165614
0.183588
0.200038
0.214243
0.226197
0.239221
0.256567
0.273416
0.278907
0.266794
0.242734
0.217283
0.195663
0.174853
0.150284
0.120953
0.088631
0.053904
0.018035
-0.013478
-0.033621
-0.041807
-0.044496
-0.047989
-0.053923
-0.062253
-0.072652
-0.083161
-0.092275
-0.102792
-0.116695
-0.127378
-0.123925
-0.103977
-0.074742
-0.043135
-0.011896
0.016465
0.040837
0.064454
0.089286
0.109063
0.115419
0.107793
0.091305
0.069282
0.045049
0.024805
0.012479
0.005307
-0.000308
-0.004618
-0.007849
-0.011093
-0.01161
-0.009541
-0.018614
-0.056655
-0.120883
-0.189278
-0.244176
-0.279196
-0.281432
-0.234057
-0.14221
-0.04022
0.038991
0.088748
0.122997
0.156708
0.196149
0.232047
0.243235
0.215642
0.160698
0.102525
0.053753
0.009497
-0.037303
-0.084981
-0.125666
-0.155619
-0.180619
-0.207423
-0.228915
-0.224782
-0.183987
-0.117682
-0.042699
0.036446
0.116537
0.177798
0.196497
0.172169
0.128592
0.087621
0.055165
0.029698
0.01158
-0.001164
-0.01536
-0.035157
-0.053869
-0.05923
-0.045157
-0.017466
0.012945
0.038937
0.060668
0.08041
0.097945
0.111852
0.124166
0.13737
0.148384
0.14976
0.138272
0.117142
0.09119
0.06359
0.037371
0.014278
-0.00472
-0.014417
-0.006054
0.017274
0.033734
0.021947
-0.016366
-0.064088
-0.110167
-0.151032
-0.180105
-0.193883
-0.202079
-0.216274
-0.232143
-0.235931
-0.221401
-0.188736
-0.135264
-0.063339
0.009984
0.064965
0.097571
0.116305
0.127456
0.132089
0.13072
0.12159
0.100519
0.068581
0.034946
0.006976
-0.016644
-0.040312
-0.064043
-0.085141
-0.10218
-0.114788
-0.123562
-0.131093
-0.137916
-0.137053
-0.119832
-0.087804
-0.051285
-0.01448
0.028406
0.077757
0.121085
0.14755
0.162185
0.174114
0.180531
0.171868
0.149208
0.123153
0.099805
0.076943
0.053705
0.034119
0.021475
0.015017
0.012831
0.012792
0.011892
0.007655
0.000363
-0.008921
-0.019577
-0.030202
-0.038721
-0.046547
-0.057941
-0.074662
-0.094092
-0.114632
-0.136774
-0.157126
-0.166976
-0.161493
-0.145784
-0.128389
-0.113202
-0.100297
-0.08961
-0.080896
-0.072678
-0.0636
-0.0531
-0.04134
-0.028979
-0.016839
-0.004488
0.009583
0.027649
0.052448
0.084596
0.116986
0.137225
0.138525
0.12545
0.103768
0.074505
0.040644
0.01145
-0.009565
-0.028744
-0.048916
-0.059868
-0.052259
-0.031845
-0.011214
0.005624
0.020929
0.033065
0.038
0.036102
0.029185
0.015995
-0.004417
-0.028749
-0.054319
-0.080468
-0.100848
-0.103112
-0.084752
-0.060495
-0.045226
-0.037696
-0.028926
-0.015253
0.005217
0.037911
0.079577
0.111376
0.116286
0.098301
0.071653
0.041525
0.005877
-0.032026
-0.067375
-0.101744
-0.135538
-0.159179
-0.164476
-0.158543
-0.154496
-0.154289
-0.151043
-0.141955
-0.129132
-0.113457
-0.09702
-0.085012
-0.076948
-0.062755
-0.03544
0.000755
0.040647
0.086757
0.137423
0.17807
0.194608
0.192116
0.187271
0.189369
0.193318
0.190614
0.178701
0.161742
0.143534
0.12503
0.107554
0.095047
0.089443
0.08855
0.090374
0.095266
0.098548
0.089508
0.062708
0.024786
-0.015797
-0.055734
-0.090058
-0.108706
-0.107595
-0.09511
-0.082272
-0.072257
-0.058828
-0.030693
0.019265
0.080223
0.125849
0.1373
0.120212
0.092392
0.064372
0.038515
0.017439
0.002991
-0.00729
-0.015643
-0.020926
-0.02253
-0.022475
-0.021312
-0.017596
-0.011784
-0.006714
-0.003563
-0.001225
0.00155
0.005427
0.01131
0.018976
0.026787
0.033183
0.03818
0.042386
0.046221
0.049216
0.050816
0.05136
0.052025
0.05186
0.048088
0.039693
0.028915
0.01716
0.004228
-0.007798
-0.0138
-0.011283
-0.002388
0.009741
0.023217
0.035814
0.045546
0.051944
0.054603
0.051297
0.040413
0.022185
-0.002498
-0.032234
-0.063929
-0.095712
-0.127579
-0.155086
-0.167475
-0.159184
-0.13808
-0.115686
-0.095534
-0.076754
-0.061071
-0.049847
-0.040618
-0.032907
-0.03088
-0.037234
-0.048865
-0.062229
-0.075242
-0.084422
-0.085514
-0.077463
-0.058827
-0.024816
0.02626
0.086837
0.147466
0.204085
0.252913
0.284469
0.293346
0.287324
0.279331
0.269885
0.247349
0.20336
0.14462
0.086433
0.041802
0.014134
-0.002476
-0.01872
-0.041595
-0.070583
-0.100602
-0.128107
-0.151526
-0.169916
-0.185397
-0.205335
-0.234415
-0.263746
-0.274853
-0.257291
-0.218593
-0.174742
-0.137655
-0.111757
-0.096013
-0.084806
-0.070887
-0.05039
-0.025087
-0.000957
0.015357
0.020324
0.017447
0.014658
0.01698
0.022207
0.025606
0.024616
0.019585
0.012497
0.006842
0.004489
0.003766
0.001862
-0.001707
-0.006849
-0.013542
-0.018263
-0.014672
-0.00299
0.007014
0.007165
-0.000232
-0.009378
-0.019227
-0.030151
-0.038579
-0.041649
-0.041223
-0.038936
-0.031681
-0.016975
0.003026
0.02512
0.04806
0.069625
0.086501
0.097234
0.103221
0.10691
0.111908
0.121407
0.136458
0.157299
0.185072
0.214348
0.228324
0.211486
0.168572
0.119962
0.08063
0.05142
0.028743
0.009811
-0.009529
-0.03334
-0.059949
-0.084572
-0.105183
-0.122141
-0.134376
-0.142489
-0.152103
-0.169108
-0.192304
-0.212399
-0.217505
-0.201817
-0.172179
-0.142848
-0.121388
-0.101557
-0.073876
-0.038587
-0.003476
0.02793
0.057434
0.083544
0.10039
0.106371
0.108684
0.115189
0.12633
0.135622
0.136739
0.127296
0.110843
0.094654
0.083992
0.07574
0.062059
0.039064
0.009354
-0.024264
-0.060012
-0.091159
-0.105799
-0.09792
-0.075201
-0.05084
-0.030362
-0.008607
0.021853
0.060798
0.098907
0.125157
0.135554
0.13298
0.123082
0.11105
0.102157
0.099387
0.101759
0.104934
0.104181
0.09581
0.080867
0.065945
0.056307
0.046071
0.02498
-0.006991
-0.039092
-0.066373
-0.092415
-0.11624
-0.127844
-0.122555
-0.108674
-0.096628
-0.088059
-0.079634
-0.070145
-0.06006
-0.049864
-0.042311
-0.041568
-0.048162
-0.057818
-0.067415
-0.077935
-0.090688
-0.102663
-0.108945
-0.107436
-0.100633
-0.0924
-0.085886
-0.082387
-0.08075
-0.077352
-0.069342
-0.056885
-0.042116
-0.026829
-0.013467
-0.005454
-0.004076
-0.005188
-0.003031
0.004129
0.012913
0.019356
0.021728
0.020875
0.018591
0.016912
0.017172
0.020012
0.025021
0.031013
0.036666
0.042049
0.047722
0.05301
0.056117
0.057111
0.05786
0.059707
0.062119
0.06467
0.067081
0.068693
0.069179
0.070311
0.073134
0.075753
0.075932
0.074658
0.072697
0.068464
0.062257
0.058828
0.060699
0.064857
0.068398
0.071379
0.067718
0.045503
0.004111
-0.036617
-0.057722
-0.060885
-0.059525
-0.058744
-0.057197
-0.057471
-0.062984
-0.070144
-0.076287
-0.087323
-0.108383
-0.134074
-0.15778
-0.179561
-0.198512
-0.208509
-0.209273
-0.208823
-0.206316
-0.186367
-0.140593
-0.082903
-0.032243
0.007468
0.041045
0.06814
0.085118
0.093347
0.096962
0.098494
0.099356
0.101441
0.103519
0.102101
0.09682
0.091808
0.089417
0.088126
0.085717
0.081832
0.076663
0.071079
0.066472
0.063386
0.059718
0.052754
0.041762
0.028518
0.014757
0.001222
-0.011296
-0.020702
-0.025448
-0.026595
-0.02689
-0.027114
-0.025278
-0.019999
-0.013424
-0.008626
-0.006032
-0.004504
-0.005278
-0.011045
-0.022693
-0.038305
-0.055935
-0.074034
-0.089638
-0.098076
-0.097493
-0.091992
-0.088543
-0.090147
-0.092591
-0.08813
-0.072538
-0.048265
-0.02135
0.003514
0.02421
0.040122
0.051662
0.061879
0.075182
0.093163
0.110566
0.11887
0.113903
0.100274
0.08584
0.074983
0.066687
0.058282
0.047664
0.034158
0.018272
0.001898
-0.012552
-0.022826
-0.02845
-0.032011
-0.037737
-0.046483
-0.053411
-0.051821
-0.038989
-0.017729
0.004125
0.016374
0.01308
-0.001189
-0.017365
-0.031502
-0.044551
-0.055827
-0.066081
-0.081383
-0.105872
-0.132513
-0.150244
-0.154494
-0.143032
-0.110208
-0.058406
-0.005314
0.033901
0.062452
0.088234
0.10761
0.115191
0.118022
0.123062
0.122749
0.106126
0.076879
0.044944
0.012258
-0.022042
-0.048646
-0.05484
-0.039116
-0.012398
0.014407
0.037248
0.057528
0.076681
0.094176
0.109647
0.126024
0.144415
0.156708
0.150513
0.124048
0.088963
0.05634
0.027758
0.001378
-0.021423
-0.038514
-0.050282
-0.057831
-0.061904
-0.063922
-0.065239
-0.065006
-0.062356
-0.058768
-0.056395
-0.055424
-0.055569
-0.057179
-0.060507
-0.06527
-0.071836
-0.079226
-0.083175
-0.078521
-0.064806
-0.046113
-0.026709
-0.00834
0.007596
0.01933
0.027082
0.035276
0.048994
0.069204
0.092382
0.114142
0.129615
0.132548
0.119121