-0.004983
-0.035091
-0.060128
-0.047283
-0.002806
0.043675
0.062479
0.066692
0.06643
0.052754
0.022029
-0.007174
-0.015643
-0.011679
-0.012665
-0.016654
-0.013786
-0.006764
-0.000067
0.010843
0.024557
0.028061
0.016352
0.001014
-0.007551
-0.010607
-0.010727
-0.006085
0.000776
0.002507
-0.001009
-0.002315
-0.001213
-0.00654
-0.017814
-0.021238
-0.0113
-0.000884
0.000237
-0.001665
-0.000515
-0.000147
0.000835
0.009647
0.016969
0.000521
-0.037699
-0.068451
-0.077907
-0.081639
-0.084154
-0.064563
-0.016183
0.033048
0.057413
0.057773
0.04149
0.011155
-0.016026
-0.013315
0.020987
0.05945
0.080748
0.08244
0.062228
0.01883
-0.026301
-0.040402
-0.017708
0.017124
0.045694
0.0718
0.096838
0.105116
0.085695
0.051273
0.02143
0.002193
-0.007109
-0.002416
0.015888
0.02932
0.015263
-0.029638
-0.086341
-0.129805
-0.139564
-0.112766
-0.074334
-0.058157
-0.068927
-0.079689
-0.068576
-0.038189
0.00485
0.057397
0.10065
0.103312
0.061434
0.006909
-0.029642
-0.042227
-0.033545
-0.009281
0.008017
-0.007652
-0.047633
-0.074153
-0.069537
-0.048318
-0.016296
0.041451
0.114239
0.150362
0.114799
0.035591
-0.034338
-0.07302
-0.089921
-0.095599
-0.088796
-0.059448
0.002222
0.087796
0.163303
0.194746
0.175063
0.117155
0.033333
-0.050624
-0.093382
-0.076991
-0.035417
-0.011927
-0.015241
-0.028389
-0.038473
-0.036829
-0.016102
0.017745
0.045334
0.057753
0.063635
0.068217
0.064267
0.049057
0.030978
0.01548
-0.00059
-0.018306
-0.034052
-0.047632
-0.059727
-0.060389
-0.034928
0.009943
0.040992
0.032628
-0.002669
-0.03515
-0.054167
-0.064498
-0.057568
-0.017055
0.043702
0.078202
0.051978
-0.024544
-0.112166
-0.17479
-0.195374
-0.179774
-0.149336
-0.124992
-0.112436
-0.102616
-0.083233
-0.050571
-0.013992
0.009905
0.013148
0.005979
0.006275
0.021785
0.048143
0.079784
0.111535
0.131565
0.125424
0.093272
0.056085
0.03914
0.049922
0.074604
0.096354
0.109093
0.113479
0.107978
0.091626
0.070671
0.055459
0.049641
0.047121
0.040874
0.030352
0.019208
0.009534
0.001122
-0.005817
-0.010148
-0.012264
-0.015996
-0.027161
-0.049772
-0.081279
-0.110622
-0.124265
-0.118276
-0.102207
-0.087197
-0.075134
-0.063609
-0.054901
-0.051337
-0.047387
-0.036469
-0.021473
-0.00977
-0.003051
-0.000733
-0.004947
-0.013644
-0.018769
-0.019025
-0.022179
-0.029609
-0.033937
-0.034348
-0.035349
-0.032414
-0.021189
-0.014063
-0.018901
-0.016183
0.012633
0.053957
0.093579
0.146129
0.213775
0.249089
0.210526
0.122406
0.037077
-0.029871
-0.079813
-0.094806
-0.063655
-0.012753
0.028809
0.063627
0.10358
0.137889
0.145226
0.121788
0.081642
0.037134
-0.015197
-0.091599
-0.187209
-0.257886
-0.258294
-0.198393
-0.119928
-0.043758
0.031035
0.090282
0.115325
0.113433
0.106593
0.099254
0.085933
0.074574
0.074794
0.077855
0.069235
0.048815
0.025942
0.008077
0.000016
0.002274
0.007406
0.005851
-0.006672
-0.029601
-0.052319
-0.05045
-0.004218
0.076009
0.151258
0.179202
0.135542
0.027945
-0.098959
-0.183797
-0.195339
-0.15522
-0.104782
-0.068022
-0.051783
-0.058672
-0.080854
-0.099356
-0.099988
-0.086017
-0.070484
-0.063669
-0.068923
-0.082237
-0.093102
-0.089759
-0.065537
-0.022314
0.025714
0.054456
0.046132
0.005411
-0.045113
-0.082616
-0.095923
-0.0902
-0.082822
-0.085504
-0.088204
-0.072337
-0.036523
0.003205
0.037333
0.06593
0.083647
0.081478
0.066847
0.060506
0.072541
0.093872
0.113138
0.127329
0.134006
0.12774
0.109929
0.091421
0.07861
0.066051
0.045816
0.017491
-0.010769
-0.024561
-0.008605
0.038707
0.09421
0.122731
0.106469
0.05809
0.006456
-0.02292
-0.021622
-0.00259
0.012213
0.011343
-0.008214
-0.054925
-0.130312
-0.2013
-0.219551
-0.178755
-0.125496
-0.101315
-0.104269
-0.11375
-0.121579
-0.126439
-0.124183
-0.114505
-0.101203
-0.085307
-0.072351
-0.077112
-0.105955
-0.146396
-0.188016
-0.235723
-0.28609
-0.311362
-0.286842
-0.223386
-0.154126
-0.09912
-0.053486
-0.005308
0.048543
0.107188
0.177663
0.266148
0.353315
0.401848
0.399388
0.373716
0.347082
0.306117
0.238228
0.170413
0.13969
0.148136
0.174166
0.20913
0.255553
0.294163
0.280256
0.183077
0.028328
-0.111553
-0.175845
-0.16229
-0.10623
-0.028996
0.056248
0.111331
0.09808
0.036646
-0.020663
-0.061037
-0.106882
-0.145545
-0.130761
-0.055012
0.037267
0.113087
0.173339
0.207231
0.181479
0.087066
-0.03961
-0.159223
-0.258505
-0.337693
-0.39178
-0.412421
-0.39289
-0.335827
-0.255345
-0.164191
-0.064061
0.033816
0.091657
0.076073
0.00287
-0.070674
-0.092284
-0.043682
0.055557
0.15758
0.215298
0.219564
0.198489
0.173783
0.140843
0.091075
0.028837
-0.043301
-0.118374
-0.167188
-0.153744
-0.08215
0.004254
0.072797
0.132164
0.200008
0.259918
0.2752
0.239355
0.185258
0.135901
0.080884
0.013347
-0.0381
-0.040228
0.003188
0.064206
0.122618
0.162444
0.163677
0.12655
0.082081
0.056761
0.046442
0.040076
0.042103
0.053551
0.054445
0.030845
-0.000813
-0.015739
-0.0151
-0.021693
-0.051067
-0.100762
-0.161464
-0.228211
-0.288374
-0.312749
-0.274882
-0.186727
-0.088446
-0.001023
0.0948
0.216613
0.325844
0.342738
0.223793
0.016621
-0.175395
-0.269757
-0.254721
-0.174987
-0.083343
-0.01657
-0.001044
-0.049242
-0.138823
-0.213779
-0.220048
-0.144689
-0.022931
0.08845
0.14499
0.141746
0.112992
0.093396
0.083892
0.067314
0.040651
0.009441
-0.025922
-0.052876
-0.040999
0.014091
0.066806
0.070319
0.021898
-0.058879
-0.157865
-0.241363
-0.255437
-0.18079
-0.057628
0.07037
0.179864
0.239155
0.214297
0.122914
0.018957
-0.074201
-0.166143
-0.235258
-0.228786
-0.137303
-0.018506
0.070539
0.123897
0.162623
0.198225
0.238399
0.30201
0.40331
0.515674
0.573397
0.528818
0.403682
0.260582
0.138975
0.042737
-0.029423
-0.08266
-0.140827
-0.220194
-0.28897
-0.290652
-0.209088
-0.087922
0.007709
0.029586
-0.029872
-0.129119
-0.204599
-0.220763
-0.18755
-0.134656
-0.08682
-0.056481
-0.03189
0.02221
0.124871
0.237968
0.293484
0.259375
0.167881
0.079725
0.035485
0.030761
0.031786
0.008317
-0.048209
-0.13342
-0.23596
-0.33615
-0.416221
-0.476351
-0.519024
-0.52551
-0.474497
-0.382102
-0.284743
-0.192109
-0.090562
0.010542
0.081204
0.119323
0.157051
0.205484
0.234672
0.224146
0.194903
0.166076
0.12053
0.043256
-0.035338
-0.070528
-0.052225
0.003599
0.08398
0.163099
0.185282
0.12097
0.019651
-0.036701
-0.028665
-0.002387
-0.004142
-0.034794
-0.066203
-0.078274
-0.076648
-0.069523
-0.044315
0.011989
0.072428
0.083618
0.022243
-0.087461
-0.215858
-0.333163
-0.389151
-0.342869
-0.222825
-0.103203
-0.033691
-0.016584
-0.030517
-0.04261
-0.020591
0.042886
0.131963
0.230483
0.310269
0.318616
0.233073
0.119736
0.073859
0.119074
0.206453
0.291507
0.348406
0.342692
0.250734
0.107517
-0.022097
-0.115977
-0.211801
-0.339079
-0.45679
-0.486764
-0.406499
-0.27142
-0.132064
0.014993
0.162221
0.241552
0.201707
0.092468
-0.001652
-0.064274
-0.125258
-0.175759
-0.180979
-0.144511
-0.103724
-0.077084
-0.05654
-0.03034
0.006787
0.04553
0.061208
0.045034
0.018477
-0.007107
-0.052361
-0.113291
-0.130834
-0.061653
0.057655
0.169118
0.265412
0.357179
0.411383
0.384497
0.291734
0.191369
0.112201
0.033229
-0.071559
-0.189395
-0.271591
-0.276692
-0.214855
-0.134989
-0.071656
-0.022199
0.019304
0.041454
0.042853
0.050136
0.08328
0.121174
0.122115
0.065863
-0.030992
-0.126345
-0.17445
-0.158656
-0.10718
-0.059544
-0.026084
0.003718
0.02992
0.050091
0.080759
0.131972
0.173019
0.163991
0.110516
0.043144
-0.034339
-0.128959
-0.20813
-0.221841
-0.163561
-0.068012
0.039396
0.135806
0.174037
0.119167
0.00516
-0.103951
-0.18727
-0.26115
-0.318662
-0.333919
-0.315343
-0.301978
-0.304433
-0.292805
-0.245874
-0.175338
-0.100738
-0.030064
0.034612
0.098655
0.179189
0.283105
0.378755
0.415311
0.373784
0.28159
0.175543
0.08646
0.053172
0.108634
0.228673
0.332551
0.353338
0.29271
0.195251
0.096267
0.011996
-0.052217
-0.107575
-0.174999
-0.249325
-0.294611
-0.286461
-0.240018
-0.181581
-0.119413
-0.050987
0.01654
0.060713
0.052221
-0.020849
-0.12611
-0.200881
-0.204316
-0.146283
-0.057321
0.041528
0.124753
0.155359
0.11881
0.044019
-0.028754
-0.075953
-0.087037
-0.060697
-0.016839
0.014411
0.021406
0.01591
0.010716
0.015289
0.046776
0.118196
0.211726
0.287714
0.323174
0.327904
0.321687
0.31073
0.290669
0.260259
0.224609
0.189239
0.156164
0.123989
0.09119
0.058878
0.030832
0.011288
0.002403
0.002384
0.006955
0.009322
-0.000916
-0.033716
-0.086427
-0.143573
-0.194931
-0.248966
-0.312713
-0.363875
-0.365749
-0.311711
-0.230659
-0.145556
-0.055323
0.035382
0.100202
0.12161
0.116344
0.111865
0.117092
0.126986
0.138888
0.150638
0.156129
0.151276
0.137712
0.119176
0.100936
0.090134
0.089496
0.094776
0.103189
0.116038
0.131424
0.144773
0.157941
0.173908
0.184372
0.176517
0.152352
0.125431
0.10267
0.081585
0.061898
0.046273
0.031472
0.007425
-0.034813
-0.095305
-0.161278
-0.212748
-0.238963
-0.247367
-0.250278
-0.252548
-0.2572
-0.270208
-0.285504
-0.28041
-0.238295
-0.168887
-0.093517
-0.025246
0.030472
0.068625
0.091533
0.11035
0.132183
0.151794
0.16131
0.160273
0.152391
0.141052
0.131741
0.130552
0.135436
0.13676
0.129661
0.119224
0.110971
0.105988
0.107352
0.119639
0.137785
0.149643
0.153928
0.160979
0.168526
0.156509
0.114967
0.058796
0.003012
-0.054204
-0.112881
-0.156929
-0.173873
-0.171917
-0.165443
-0.158035
-0.147273
-0.132061
-0.112019
-0.090087
-0.073081
-0.060255
-0.045387
-0.036405
-0.050157
-0.075618
-0.076917
-0.044378
-0.005628
0.027752
0.076776
0.138588
0.16518
0.123831
0.037399
-0.058885
-0.147557
-0.206442
-0.210327
-0.174509
-0.145336
-0.143801
-0.15911
-0.186447
-0.214577
-0.196237
-0.096045
0.037292
0.112981
0.099345
0.035292
-0.041144
-0.11075
-0.146661
-0.128963
-0.082426
-0.050357
-0.046151
-0.058029
-0.081852
-0.114675
-0.140646
-0.151089
-0.161933
-0.188053
-0.214598
-0.212694
-0.170434
-0.101033
-0.031023
0.013325
0.023837
0.015307
0.005911
0.001671
0.008351
0.037606
0.083833
0.116141
0.113645
0.090636
0.068458
0.046218
0.0216
0.014642
0.043085
0.092865
0.140634
0.185688
0.234967
0.271177
0.265568
0.21485
0.144493
0.076896
0.013309
-0.05508
-0.127236
-0.185856
-0.210653
-0.199957
-0.17231
-0.144657
-0.118396
-0.089764
-0.062447
-0.041659
-0.025016
-0.006748
0.014204
0.035704
0.054864
0.065422
0.060467
0.04108
0.016297
-0.007205
-0.028913
-0.04937
-0.066908
-0.07991
-0.087809
-0.091093
-0.092323
-0.09557
-0.103045
-0.113533
-0.124694
-0.134647
-0.140792
-0.140295
-0.133439
-0.12428
-0.116466
-0.109732
-0.101561
-0.091717
-0.083342
-0.079091
-0.07794
-0.0771
-0.074641
-0.068843
-0.058615
-0.046498
-0.037089
-0.030946
-0.025045
-0.019384
-0.013961
0.000994
0.03839
0.091023
0.131267
0.142107
0.136092
0.132518
0.131387
0.120659
0.09734
0.067563
0.033818
-0.003835
-0.03941
-0.064439
-0.077934
-0.085267
-0.091094
-0.097309
-0.104289
-0.110894
-0.115513
-0.117673
-0.116143
-0.107725
-0.091582
-0.07254
-0.055514
-0.03998
-0.024072
-0.010488
-0.003136
-0.000869
0.000551
0.002943
0.005847
0.009391
0.013382
0.016681
0.020146
0.027275
0.039223
0.052669
0.064671
0.075647
0.08455
0.086477
0.079637
0.070476
0.065946
0.064165
0.058117
0.045226
0.028225
0.009343
-0.008444
-0.017979
-0.013269
0.002101
0.019626
0.036234
0.054573
0.075435
0.09714
0.119951
0.144721
0.167783
0.183659
0.191743
0.196647
0.201093
0.203491
0.202412
0.199426
0.196957
0.195764
0.195484
0.19737
0.202308
0.205739
0.199629
0.182294
0.161322
0.143847
0.128573
0.110564
0.087531
0.058671
0.023275
-0.013203
-0.038741
-0.044976
-0.033734
-0.009778
0.023149
0.058088
0.086861
0.110546
0.138811
0.174083
0.203756
0.213741
0.204826
0.188695
0.173031
0.157698
0.142637
0.130257
0.118012
0.095752
0.056335
0.007233
-0.035058
-0.061294
-0.076879
-0.092942
-0.115636
-0.142932
-0.167405
-0.180898
-0.180355
-0.170437
-0.159387
-0.15243
-0.148133
-0.140358
-0.123173
-0.095907
-0.064319
-0.036983
-0.018909
-0.007478
0.005198
0.023603
0.042478
0.052045
0.049738
0.040464
0.026368
0.006642
-0.009178
-0.003155
0.02858
0.067646
0.096954
0.118313
0.13644
0.142237
0.126157
0.095356
0.060069
0.016957
-0.038306
-0.090874
-0.118709
-0.118538
-0.106414
-0.096604
-0.094855
-0.106077
-0.132494
-0.163661
-0.181927
-0.179633
-0.164685
-0.148374
-0.133609
-0.116109
-0.091467
-0.05908
-0.022324
0.008187
0.015397
-0.012603
-0.065746
-0.111922
-0.119475
-0.08345
-0.027219
0.022662
0.057387
0.083541
0.107356
0.126853
0.136978
0.138634
0.138079
0.138095
0.134099
0.120348
0.09713
0.069667
0.041537
0.012304
-0.019642
-0.053219
-0.082945
-0.102046
-0.11031
-0.115943
-0.125069
-0.13263
-0.129353
-0.113764
-0.091135
-0.065151
-0.040422
-0.026768
-0.030681
-0.045254
-0.058893
-0.068375
-0.076434
-0.081892
-0.081818
-0.078596
-0.07689
-0.076794
-0.076015
-0.075109
-0.075249
-0.07477
-0.071696
-0.066527
-0.060326
-0.05343
-0.046808
-0.041267
-0.035389
-0.027173
-0.01682
-0.005521
0.006404
0.017433
0.023562
0.022424
0.016997
0.012266
0.009938
0.008225
0.005468
0.001953
-0.00071
-0.000756
0.002831
0.009437
0.016424
0.020424
0.019722
0.015223
0.011008
0.014296
0.031795
0.061744
0.090946
0.104255
0.097817
0.079943
0.05938
0.039899
0.02377
0.012538
0.003446
-0.006145
-0.012645
-0.011366
-0.007098
-0.010436
-0.02481
-0.044023
-0.062354
-0.078032
-0.088723
-0.091081
-0.086079
-0.078559
-0.072036
-0.066549
-0.061025
-0.054657
-0.046613
-0.03623
-0.023567
-0.008826
0.008278
0.027636
0.047382
0.064503
0.077481
0.087431
0.096419
0.106257
0.119522
0.138549
0.158659
0.165644
0.146332
0.102922
0.05275
0.014817
-0.002481
-0.004067
-0.001658
-0.004496
-0.014475
-0.028792
-0.04382
-0.055828
-0.062446
-0.066508
-0.074328
-0.085742
-0.091348
-0.082942
-0.062465
-0.036821
-0.011861
0.006706
0.013638
0.010494
0.005787
0.006852
0.014584
0.026147
0.037286
0.042218
0.037036
0.024624
0.011903
0.002758
-0.003326
-0.007181
-0.00894
-0.01054
-0.015458
-0.024928
-0.036549
-0.048122
-0.060615
-0.075301
-0.089228
-0.097247
-0.098237
-0.09576
-0.092148
-0.086533
-0.079057
-0.07151
-0.062767
-0.049246
-0.030844
-0.011586
0.006082
0.022852
0.039091
0.054639
0.070379
0.085184
0.09413
0.09443
0.089671
0.084454
0.080097
0.078292
0.08022
0.078822
0.062392
0.029798
-0.008628
-0.046989
-0.087864
-0.125967
-0.144586
-0.135995
-0.114189
-0.097197
-0.088527
-0.081878
-0.075195
-0.070422
-0.066207
-0.057943
-0.044394
-0.030152
-0.020939
-0.018287
-0.019146
-0.019591
-0.01713
-0.010279
0.000872
0.013251
0.02256
0.026671
0.02776
0.033636
0.055751
0.098581
0.148118
0.178825
0.175932
0.146687
0.107207
0.070664
0.048384
0.048693
0.068335
0.095812
0.122836
0.143908
0.151557
0.14476
0.136244
0.136572
0.137136
0.122187
0.090616
0.052704
0.013258
-0.025048
-0.052328
-0.060896
-0.058579
-0.057555
-0.058968
-0.057242
-0.052326
-0.047664
-0.043238
-0.037575
-0.031688
-0.026258
-0.019999
-0.014492
-0.015082
-0.024369
-0.038325
-0.05101
-0.060157
-0.067656
-0.075634
-0.085865
-0.102843
-0.133593
-0.177895
-0.216469
-0.218686
-0.169721
-0.088457
-0.011468
0.035075
0.048663
0.043175
0.034831
0.033369
0.041369
0.057455
0.077365
0.092618
0.092881
0.074992
0.048205
0.026306
0.016848
0.018145
0.022956
0.023789
0.017629
0.007234
-0.002936
-0.011071
-0.016274
-0.015955
-0.009074
0.0001
0.007205
0.0139
0.024758
0.039732
0.053719
0.062021
0.063105
0.057952
0.049618
0.042395
0.038202
0.035418
0.031996
0.027271
0.020394
0.011964
0.007484
0.013425
0.02866
0.045656
0.060154
0.073086
0.084326
0.092594
0.100685
0.112117
0.121864
0.118911
0.098967
0.068688
0.03588
0.004909
-0.019212
-0.030318
-0.029211
-0.024212
-0.021733
-0.019837
-0.015419
-0.013698
-0.024339
-0.047615
-0.070504
-0.079912
-0.075333
-0.065349
-0.056036
-0.047663
-0.039856
-0.033817
-0.029087
-0.022508
-0.01212
0.000349
0.011961
0.021752
0.030454
0.038952
0.048454
0.060813
0.076199
0.089933
0.094933
0.088491
0.075118
0.060906
0.049286
0.042239
0.04139
0.044832
0.046806
0.042714
0.033183
0.021908
0.01128
0.001538
-0.007573
-0.015901
-0.02346
-0.030796
-0.038675
-0.047507
-0.057353
-0.068237
-0.079496
-0.089623
-0.098004
-0.105893
-0.114359
-0.123075
-0.132277
-0.143065
-0.152982
-0.155464
-0.147446
-0.134582
-0.124109
-0.116929
-0.109544
-0.10022
-0.088692
-0.073841
-0.056946
-0.045478
-0.048271
-0.06646
-0.090956
-0.107836
-0.106854
-0.088744
-0.064011
-0.04246
-0.025243
-0.009027
0.005824
0.016122
0.021902
0.026134
0.029364
0.030497
0.030827
0.03307
0.038359
0.047316
0.058983
0.066117
0.058448
0.034845
0.005321
-0.021945
-0.047761
-0.071653
-0.085321
-0.083303
-0.072807
-0.063827
-0.057447
-0.049708
-0.040712
-0.032471
-0.023924
-0.013384
-0.001819
0.01036
0.025259
0.041656
0.052025
0.050156
0.038907
0.02604
0.015619
0.007067
0.000639
-0.00126
0.001618
0.005497
0.007337
0.009152
0.015145
0.026122
0.039273
0.052552
0.065806
0.078483
0.089547
0.099557
0.109417
0.118136
0.124514
0.129625
0.134934
0.14031
0.146253
0.154587
0.162669
0.162217
0.148681
0.128001
0.108217
0.090428
0.072873
0.058692
0.052371
0.052472
0.053779
0.0542
0.054669
0.055408
0.056332
0.058001
0.059122
0.056329
0.048681
0.038961
0.029076
0.018212
0.007071
-0.000454
-0.002028
-0.000065
0.002094
0.004121
0.007286
0.011792
0.017478
0.024815
0.033042
0.038915
0.039401
0.035207
0.029729
0.02535
0.022314
0.020175
0.01808
0.014304
0.00794
0.001107
-0.002739
-0.002627
-0.00067
0.000676
0.000166
-0.002709
-0.008047
-0.01543
-0.023915
-0.032191
-0.039602
-0.047753
-0.059061
-0.071168
-0.076208
-0.069294
-0.055303
-0.042219
-0.032927
-0.027103
-0.025681
-0.027161
-0.025851
-0.020053
-0.017024
-0.024138
-0.040338
-0.061062
-0.083414
-0.101383
-0.105629
-0.094728
-0.078579
-0.06558
-0.054729
-0.044191
-0.038084
-0.039758
-0.045751
-0.05158
-0.05716
-0.063772
-0.070764
-0.077745
-0.084465
-0.088018
-0.084654
-0.075133
-0.063547
-0.051583
-0.037647
-0.021435
-0.005777
0.006338
0.014389
0.019918
0.024489
0.028579
0.031544
0.032807
0.032919
0.033171
0.034229
0.03585
0.037587
0.039058
0.039854
0.040091
0.040831
0.042987
0.045858
0.047509
0.046707
0.043894
0.039967
0.035028
0.028894
0.022121
0.015179
0.007375
-0.002358
-0.013227
-0.022085
-0.026113
-0.026147
-0.026646
-0.031528
-0.040562
-0.049855
-0.055049
-0.05394
-0.047538
-0.040901
-0.04158
-0.054526
-0.077602
-0.100503
-0.107566
-0.086426
-0.040518
0.008988
0.038946
0.042238
0.028749
0.011561
-0.001596
-0.009009
-0.015604
-0.031009
-0.057414
-0.082955
-0.093939
-0.09041
-0.081946
-0.074089
-0.0667
-0.061384
-0.060415
-0.060647
-0.056328
-0.047543
-0.039836
-0.036761
-0.038049
-0.043092
-0.051077
-0.058339
-0.060181
-0.055703
-0.04866
-0.042755
-0.038307
-0.033583
-0.027569
-0.020347
-0.012306
-0.004331
0.002329
0.007455
0.012394
0.01801
0.023104
0.025972
0.026455
0.025598
0.024412
0.023762
0.024166
0.02524
0.026164
0.026751
0.027298
0.028069
0.029715
0.033051
0.037867
0.042734
0.046129
0.046883
0.044785
0.042466
0.044646
0.053045
0.064453
0.076069
0.088724
0.101456
0.107784
0.102184
0.087136
0.069119
0.05202
0.037805
0.029192
0.026694
0.026533
0.024786
0.021269
0.017674
0.014806
0.012939
0.011626
0.008364
0.000454
-0.011123
-0.021951
-0.028417
-0.030299
-0.029623
-0.028788
-0.029552
-0.032546
-0.037239
-0.042055
-0.044425
-0.04208
-0.035539
-0.028182
-0.022607
-0.018381
-0.013889
-0.008459
-0.001786
0.006333
0.014255
0.018657
0.018071
0.014779
0.011837
0.010192
0.009264
0.008443
0.007061
0.004689
0.001889
-0.000235
-0.001292
-0.001573
-0.001473
-0.001766
-0.003211
-0.004745
-0.003579
0.001763
0.009828
0.018353
0.026124
0.032638
0.03791
0.042981
0.048891
0.05544
0.062029
0.06865
0.073919
0.074396
0.068277
0.05861
0.04957
0.041832
0.03379
0.025371
0.017533
0.009907
0.001881
-0.005013
-0.008595
-0.009329
-0.009597
-0.010422
-0.010833
-0.009959
-0.007926
-0.005014
-0.001206
0.003451
0.008742
0.014482
0.020182
0.024858
0.027858
0.029565
0.030898
0.032386
0.033993
0.035394
0.03639
0.037326
0.03899
0.042076
0.046249
0.049505
0.048633
0.041928
0.031748
0.023095
0.019082
0.019174
0.022077
0.026377
0.02794
0.021634
0.008046
-0.006366
-0.016927
-0.02401
-0.028062
-0.028135
-0.026133
-0.026008
-0.027716
-0.027296
-0.021864
-0.010324
0.007044
0.022834
0.022979
0.002062
-0.025428
-0.039923
-0.03735
-0.028056
-0.020539
-0.016329
-0.015812
-0.01895
-0.020114
-0.010181
0.013761
0.042903
0.062243
0.062293
0.046606
0.026061
0.007877
-0.007086
-0.017681
-0.020997
-0.018343
-0.016307
-0.018583
-0.022054
-0.022777
-0.020897
-0.01815
-0.01528
-0.013278
-0.013494
-0.015399
-0.016824
-0.016973
-0.017005
-0.017895
-0.019715
-0.022449
-0.025479
-0.026897
-0.025098
-0.020812
-0.016066
-0.011833
-0.007864
-0.004163
-0.001148
0.001163
0.002966
0.004273
0.005377
0.007006
0.009282
0.011587
0.013807
0.016337
0.018672
0.019992
0.022094
0.029333
0.043103
0.057964
0.066662
0.06822
0.06786
0.068329
0.064666
0.049999
0.025411
-0.000321
-0.020672
-0.037249
-0.054003
-0.069953
-0.080688
-0.08499
-0.08636
-0.088267
-0.091103
-0.093616
-0.094251
-0.091103
-0.083179
-0.072362
-0.062465
-0.056214
-0.05354
-0.052623
-0.051857
-0.050761
-0.049658
-0.048488
-0.045656
-0.038817
-0.027561
-0.014363
-0.001849
0.009814
0.021954
0.034271
0.044383
0.050333
0.052571
0.052818
0.052189
0.050855
0.049035
0.047421
0.046419
0.045163
0.041407
0.032987
0.019888
0.004831
-0.009034
-0.020995
-0.032686
-0.045308
-0.058479
-0.072018
-0.08672
-0.10149
-0.111804
-0.113602
-0.107964
-0.099426
-0.090764
-0.081879
-0.07262
-0.063756
-0.055366
-0.046611
-0.037114
-0.02733
-0.017753
-0.008837
-0.000965
0.006304
0.014065
0.022868
0.032553
0.04282
0.052851
0.061369
0.068335
0.075155
0.082504
0.0898
0.097315
0.106053
0.113566
0.11353
0.10218
0.083661
0.065167
0.049364
0.033647
0.016405
0.000961
-0.007541
-0.007923
-0.003807
0.001151
0.006161
0.011378
0.015358
0.016595
0.016195
0.016822
0.019436
0.0226
0.0247
0.025358
0.024899
0.023676
0.022111
0.020782
0.020159
0.019747
0.017415
0.010454
-0.001521
-0.015651
-0.028938
-0.041514
-0.055429
-0.070087
-0.081107
-0.084584
-0.081486
-0.076057
-0.071162
-0.066868
-0.062642
-0.058805
-0.055637
-0.052519
-0.048742
-0.044513
-0.040622
-0.037578
-0.035339
-0.03351
-0.031694
-0.02968
-0.027335
-0.02446
-0.021009
-0.01709
-0.012737
-0.00786
-0.002665
0.002229
0.006223
0.009006
0.010644
0.011559
0.012196
0.012619
0.012711
0.012787
0.01309
0.012878
0.01106
0.007887
0.004682
0.001878
-0.001095
-0.003574
-0.003085
0.001941
0.009969
0.01841
0.026503
0.035099
0.044256
0.052473
0.058054
0.06057
0.06107
0.061157
0.061774
0.062155
0.06038
0.055283
0.047656
0.038963
0.029979
0.020936
0.012247
0.004183
-0.003336
-0.010157
-0.0157
-0.019935
-0.023694
-0.027468
-0.030822
-0.033606
-0.036584
-0.040246
-0.044038
-0.047442
-0.050736
-0.05375
-0.055173
-0.054019
-0.051077
-0.047811
-0.044684
-0.041309
-0.037631
-0.033955
-0.030324
-0.026501
-0.022423
-0.018136
-0.013607
-0.008968
-0.004717
-0.001227
0.001614
0.004027
0.00608
0.00783
0.00935
0.010561
0.011296
0.011707
0.0122
0.013104
0.014572
0.016646
0.019135
0.021733
0.024515
0.027801
0.031312
0.034113
0.035711
0.036651
0.037624
0.03874
0.039983
0.041651
0.043753
0.045866
0.047698
0.04933
0.050864
0.052429
0.054359
0.056772
0.059224
0.061497
0.064053
0.066901
0.068937
0.069234
0.068285
0.066953
0.065417
0.063699
0.062154
0.06076
0.05878
0.055677
0.051622
0.047185
0.04326
0.040564
0.038212
0.033836
0.026176
0.016348
0.005739
-0.005438
-0.015861
-0.021874
-0.021224
-0.016616
-0.012531
-0.01014
-0.007718
-0.004685
-0.001874
0.00093
0.004518
0.008005
0.010353
0.013201
0.017906
0.020772
0.016313
0.004716
-0.009405
-0.024233
-0.040647
-0.054869
-0.059094
-0.050971
-0.03718
-0.024821
-0.015665
-0.009357
-0.006604
-0.006386
-0.005618
-0.002778
0.000532
0.002166
0.000883
-0.003684
-0.010319
-0.016702
-0.02251
-0.029685
-0.037577
-0.04121
-0.036762
-0.026075
-0.013297
-0.000902
0.009192
0.014397
0.014313
0.012007
0.010645
0.010627
0.010975
0.011207
0.010838
0.009047
0.005879
0.002433
-0.000511
-0.002748
-0.003805
-0.003276
-0.002169
-0.002799
-0.006999
-0.014578
-0.023815
-0.033208
-0.042643
-0.052531
-0.061927
-0.068533
-0.071027
-0.070698
-0.069768
-0.069227
-0.068636
-0.067292
-0.064706
-0.060709
-0.055664
-0.050251
-0.044853
-0.039327
-0.03388
-0.029616
-0.027601
-0.027411
-0.027471
-0.02678
-0.02553
-0.024099
-0.022572
-0.021478
-0.021702
-0.022647
-0.022069
-0.01869
-0.013782
-0.009022
-0.00454
-0.000352
0.002119
0.001669
-0.000678
-0.003077
-0.005096
-0.007325
-0.009919
-0.012608
-0.015368
-0.018221
-0.021136
-0.024288
-0.02784
-0.031552
-0.035235
-0.039159
-0.043168
-0.046162
-0.047252
-0.046984
-0.046455
-0.0461
-0.0458
-0.045653
-0.045942
-0.046797
-0.047905
-0.048456
-0.047865
-0.046527
-0.045363
-0.04473
-0.044573
-0.045133
-0.045975
-0.044844
-0.039418
-0.030229
-0.019944
-0.010185
-0.000703
0.009025
0.019097
0.029547
0.040121
0.050271
0.059918
0.069372
0.078628
0.087796
0.097749
0.10812
0.115378
0.115683
0.109679
0.101659
0.0946
0.088513
0.082981
0.07821
0.073711
0.06835
0.061986
0.055509
0.049402
0.043624
0.038525
0.034488
0.031128
0.02778
0.024436
0.021418
0.018687
0.015972
0.013237
0.010654
0.008453
0.006928
0.006263
0.006343
0.00691
0.007819
0.009148
0.011081
0.01383
0.01736
0.021263
0.025084
0.028695
0.032192
0.035656
0.039223
0.042871
0.046112
0.048384
0.049754
0.050704
0.051477
0.052279
0.053649
0.055438
0.055825
0.052687
0.045909
0.037413
0.029046
0.021284
0.013733
0.005986
-0.002091
-0.010431
-0.01878
-0.026626
-0.033427
-0.039275
-0.044963
-0.050939
-0.056872
-0.0627
-0.069097
-0.075124
-0.077063
-0.071851
-0.061175
-0.049166
-0.037642
-0.026025
-0.014585
-0.004271
0.005556
0.016314
0.027903
0.039454
0.051232
0.06292
0.071441
0.073542
0.069932
0.06424
0.058849
0.053836
0.048982
0.044546
0.040453
0.036142
0.031255
0.025903
0.020444
0.015195
0.010266
0.005637
0.001305
-0.002855
-0.007355
-0.012572
-0.018305
-0.024178
-0.030085
-0.035882
-0.04142
-0.047266
-0.05397
-0.059957
-0.061991
-0.058618
-0.05185
-0.044582
-0.038159
-0.032715
-0.028343
-0.024841
-0.021328
-0.016791
-0.010949
-0.004931
-0.001607
-0.004328
-0.013762
-0.026404
-0.037746
-0.046479
-0.054474
-0.063162
-0.072415
-0.082639
-0.095074
-0.108102
-0.116154
-0.114897
-0.106297
-0.095797
-0.086453
-0.077955
-0.069493
-0.060667
-0.050724
-0.039201
-0.026825
-0.014635
-0.003022
0.008026
0.019004
0.031029
0.043626
0.052898
0.054809
0.050204
0.043661
0.038152
0.03345
0.028998
0.025374
0.022887
0.020873
0.018589
0.015813
0.012579
0.009187
0.005935
0.002562
-0.001349
-0.005454
-0.00903
-0.011907
-0.014235
-0.015894
-0.017056
-0.018378
-0.0195
-0.018537
-0.01425
-0.007824
-0.001055
0.005815
0.013049
0.0191
0.0215
0.020037
0.017068
0.014392
0.01153
0.007438
0.003017
0.001059
0.00392
0.011116
0.019759
0.027502
0.034744
0.04301
0.051139
0.055215
0.053001
0.046921
0.040598
0.034961
0.029099
0.023109
0.01766
0.012189
0.00552
-0.002371
-0.010805
-0.019626
-0.02832
-0.035238
-0.039252
-0.041233
-0.042732
-0.044294
-0.045902
-0.047887
-0.049801
-0.049494
-0.04473
-0.03599
-0.0261
-0.017028
-0.008283
0.000902
0.009202
0.014533
0.016723
0.017398
0.017756
0.018171
0.018806
0.01957
0.020177
0.021568
0.025555
0.032664
0.041466
0.050551
0.059508
0.068353
0.077506
0.087756
0.097821
0.103608
0.102137
0.095407
0.087502
0.080043
0.072202
0.063691
0.055063
0.046391
0.037152
0.027265
0.017461
0.008679
0.001154
-0.00565
-0.011926
-0.01739
-0.022846
-0.029673
-0.036293
-0.038508
-0.035142
-0.029418
-0.023162
-0.014945
-0.006358
-0.003808
-0.010989
-0.024187
-0.038346
-0.050827
-0.058193
-0.056128
-0.046039
-0.034746
-0.026371
-0.019361
-0.012064
-0.005055
0.00237
0.012066
0.022211
0.027847
0.027255
0.023515
0.01942
0.015169
0.010812
0.00716
0.003736
-0.000975
-0.007112
-0.013378
-0.019199
-0.024922
-0.029725
-0.031581
-0.029777
-0.026065
-0.022517
-0.019693
-0.017046
-0.014348
-0.011895
-0.00982
-0.007644
-0.004938
-0.002564
-0.002384
-0.005261
-0.009825
-0.014233
-0.018137
-0.022025
-0.02568
-0.028934
-0.032732
-0.037363
-0.040685
-0.040182
-0.03627
-0.031202
-0.026105
-0.021117
-0.017114
-0.014629
-0.012411
-0.009114
-0.005126
-0.001191
0.002593