0.002949
0.002807
0.002919
0.003318
0.003994
0.004885
0.005884
0.006879
0.007741
0.008368
0.008734
0.008806
0.008703
0.00848
0.008314
0.008325
0.008567
0.009177
0.009989
0.010979
0.012027
0.012896
0.013615
0.014033
0.014132
0.013991
0.01367
0.013325
0.013103
0.013116
0.013442
0.014123
0.015064
0.016178
0.017355
0.018373
0.019215
0.019717
0.019923
0.019866
0.019631
0.019409
0.019284
0.019485
0.019895
0.020692
0.021589
0.022425
0.023187
0.023436
0.023344
0.022668
0.021519
0.019981
0.01806
0.016709
0.014598
0.011284
0.009344
0.006895
0.005372
0.006261
0.005854
0.005906
0.006163
0.00502
0.005096
0.005631
0.00608
0.009177
0.011308
0.011686
0.015046
0.021177
0.02462
0.025284
0.02833
0.030246
0.030485
0.031188
0.029486
0.025444
0.019996
0.017294
0.008076
-0.017211
-0.028817
-0.029767
-0.040235
-0.046952
-0.046035
-0.044029
-0.035959
-0.006717
0.008162
0.007503
0.021964
0.031144
0.034626
0.037397
0.035494
0.029673
0.020967
0.0092
-0.004508
-0.019359
-0.034109
-0.047566
-0.058974
-0.067061
-0.071601
-0.072906
-0.068748
-0.058682
-0.046354
-0.026317
-0.009216
0.008713
0.023764
0.030098
0.036397
0.033244
0.030371
0.025121
0.018344
0.01592
0.010785
0.004397
0.002858
0.007433
0.008164
0.012442
0.013804
0.007497
0.004479
-0.00615
-0.012775
-0.017169
-0.020889
-0.011373
-0.008132
-0.00208
0.005764
0.00555
0.012212
0.019769
0.025209
0.033086
0.040357
0.044147
0.050597
0.065919
0.069109
0.059714
0.057256
0.050931
0.03784
0.025522
0.007882
-0.02122
-0.040242
-0.053952
-0.06761
-0.066741
-0.066326
-0.060607
-0.048801
-0.035058
-0.018337
-0.000862
0.016204
0.03157
0.044741
0.054197
0.060055
0.063437
0.06218
0.047412
0.041122
0.042411
0.034069
0.031741
0.024218
0.009067
-0.004145
-0.030273
-0.048003
-0.060793
-0.073409
-0.070389
-0.068358
-0.056707
-0.04188
-0.024667
-0.005298
0.007471
0.023871
0.033817
0.042337
0.05083
0.052321
0.05204
0.043116
0.042116
0.022766
-0.047394
-0.073077
-0.065132
-0.088405
-0.097594
-0.096173
-0.101633
-0.091421
-0.068491
-0.050539
-0.016001
0.005993
0.004235
0.018989
0.028144
0.030786
0.036723
0.036789
0.036434
0.032012
0.023362
0.012912
-0.003933
-0.018655
-0.034381
-0.04785
-0.054359
-0.060033
-0.06085
-0.055878
-0.045674
-0.033346
-0.012674
0.002905
0.009657
0.021598
0.034013
0.037816
0.033487
0.033256
0.032009
0.029899
0.030462
0.032577
0.03885
0.044227
0.051947
0.056142
0.05481
0.051754
0.041273
0.028635
0.011851
-0.005867
-0.023286
-0.038885
-0.050172
-0.057788
-0.058771
-0.057117
-0.049091
-0.042088
-0.035805
-0.029757
-0.029137
-0.028318
-0.029575
-0.032285
-0.034557
-0.035579
-0.037298
-0.032118
-0.019937
-0.007282
0.016828
0.033426
0.043232
0.054765
0.053746
0.053527
0.05314
0.045741
0.03582
0.028154
0.020238
0.015233
0.017125
0.016817
0.018816
0.019508
0.016307
0.011452
-0.000425
-0.011797
-0.025619
-0.037695
-0.046246
-0.049227
-0.041449
-0.029336
-0.004075
0.020444
0.047966
0.072855
0.086552
0.097872
0.094538
0.086849
0.071322
0.050907
0.0295
0.008197
-0.006666
-0.0186
-0.021627
-0.020434
-0.014005
-0.001772
0.005369
0.021347
0.055285
0.068616
0.066404
0.071986
0.07256
0.061476
0.042971
0.024642
-0.006239
-0.026723
-0.037683
-0.050993
-0.04873
-0.050154
-0.050275
-0.047376
-0.047675
-0.047422
-0.051513
-0.052873
-0.056211
-0.054325
-0.044973
-0.034748
-0.014061
0.004151
0.024412
0.042172
0.051357
0.058876
0.055389
0.048965
0.036043
0.019375
0.000484
-0.018839
-0.036037
-0.051122
-0.059056
-0.065484
-0.065786
-0.063443
-0.059977
-0.053294
-0.046748
-0.037341
-0.035212
-0.024626
0.013055
0.023289
0.012665
0.02017
0.016514
0.012595
0.01403
0.012932
0.017493
0.021943
0.030076
0.038539
0.047349
0.052997
0.063229
0.061809
0.02238
0.012837
0.02634
0.012361
0.009945
0.004737
-0.012349
-0.022039
-0.041422
-0.052461
-0.059674
-0.061543
-0.047272
-0.032424
-0.001102
0.027517
0.059546
0.090624
0.106126
0.129014
0.143469
0.155525
0.168169
0.172194
0.179257
0.171845
0.151014
0.127395
0.08451
0.046518
0.005122
-0.03173
-0.050982
-0.070051
-0.069102
-0.064826
-0.060543
-0.038587
-0.010909
0.019358
0.066081
0.096523
0.11484
0.13126
0.123555
0.116103
0.100524
0.078846
0.057305
0.035494
0.01786
0.00455
-0.003073
-0.006183
0.008278
0.010229
0.000147
-0.001366
-0.015151
-0.026473
-0.035926
-0.04572
-0.045792
-0.045104
-0.034462
-0.022447
-0.006881
0.010182
0.019258
0.031673
0.043367
0.044419
0.035264
0.023147
0.005681
-0.018283
-0.052416
-0.078506
-0.093992
-0.113148
-0.127602
-0.13265
-0.127899
-0.12413
-0.118516
-0.110423
-0.105149
-0.10011
-0.097048
-0.095366
-0.094436
-0.093975
-0.091128
-0.08901
-0.090648
-0.086113
-0.076769
-0.071557
-0.066631
-0.062275
-0.061679
-0.062488
-0.065836
-0.070718
-0.076305
-0.081642
-0.085679
-0.087868
-0.087498
-0.084808
-0.079677
-0.073382
-0.064863
-0.058364
-0.053301
-0.050148
-0.051887
-0.053049
-0.056206
-0.059706
-0.057692
-0.059436
-0.068489
-0.066908
-0.057468
-0.053497
-0.046493
-0.038746
-0.033141
-0.027391
-0.023255
-0.020533
-0.018229
-0.018509
-0.021591
-0.02449
-0.031912
-0.037003
-0.039509
-0.045661
-0.049454
-0.05612
-0.066774
-0.075354
-0.085812
-0.094751
-0.100584
-0.105449
-0.105928
-0.104545
-0.10038
-0.093987
-0.086354
-0.078176
-0.07049
-0.064381
-0.058905
-0.059013
-0.064083
-0.073396
-0.092353
-0.111408
-0.136104
-0.160351
-0.183832
-0.205077
-0.220503
-0.232733
-0.232475
-0.234833
-0.233627
-0.230071
-0.235387
-0.232472
-0.228282
-0.227662
-0.222556
-0.223139
-0.227486
-0.231728
-0.242729
-0.248294
-0.251736
-0.249308
-0.233136
-0.212795
-0.179136
-0.138311
-0.08882
-0.033781
0.024801
0.084146
0.141194
0.194009
0.239524
0.277529
0.30539
0.32496
0.334124
0.337616
0.32762
0.322869
0.318317
0.314093
0.325114
0.32917
0.328998
0.337587
0.356184
0.360742
0.352508
0.351609
0.341941
0.332231
0.323949
0.314906
0.313348
0.308087
0.30617
0.302446
0.292582
0.285196
0.2731
0.261331
0.24969
0.2375
0.23141
0.222816
0.212098
0.209066
0.211353
0.213262
0.220255
0.226672
0.232751
0.237701
0.237551
0.23719
0.232411
0.227095
0.221874
0.215966
0.210261
0.207097
0.211723
0.211378
0.206983
0.207194
0.2026
0.198477
0.196653
0.188691
0.18014
0.168212
0.149361
0.133659
0.115974
0.10094
0.091509
0.083332
0.082211
0.082514
0.086668
0.092187
0.098662
0.104882
0.109372
0.111267
0.112642
0.108077
0.085649
0.074721
0.07408
0.059002
0.044342
0.030471
0.010674
-0.008425
-0.03028
-0.053741
-0.078907
-0.105576
-0.133689
-0.16308
-0.193586
-0.224996
-0.256902
-0.288973
-0.320509
-0.351118
-0.380066
-0.407137
-0.431703
-0.45395
-0.473576
-0.491373
-0.507363
-0.522452
-0.537185
-0.552496
-0.567852
-0.579471
-0.600679
-0.60252
-0.558485
-0.53888
-0.540393
-0.488202
-0.411352
-0.332919
-0.217824
-0.102646
0.021937
0.144664
0.255645
0.353215
0.423339
0.476304
0.481796
0.491124
0.49267
0.476731
0.479137
0.462682
0.432606
0.419352
0.39938
0.385441
0.387936
0.374259
0.362828
0.33852
0.287802
0.24063
0.176821
0.116096
0.061178
0.010538
-0.008385
-0.030913
-0.057089
-0.04871
-0.015699
0.011374
0.057769
0.093866
0.11286
0.131629
0.124641
0.115703
0.098077
0.073203
0.049374
0.025383
0.008231
-0.005925
-0.012657
-0.015787
-0.016278
-0.014353
-0.01327
-0.013554
-0.016479
-0.022208
-0.03037
-0.039836
-0.049505
-0.05742
-0.064338
-0.065207
-0.061443
-0.053003
-0.037059
-0.021111
-0.002114
0.014984
0.029661
0.04098
0.047288
0.050935
0.048336
0.048037
0.046915
0.048777
0.056673
0.064866
0.077176
0.089365
0.100824
0.108651
0.11623
0.110513
0.091983
0.067507
0.019232
-0.020379
-0.06461
-0.102094
-0.114623
-0.131273
-0.126483
-0.12003
-0.115264
-0.098755
-0.085719
-0.070261
-0.052912
-0.042633
-0.035431
-0.034667
-0.044329
-0.055252
-0.07296
-0.091103
-0.109248
-0.12559
-0.137083
-0.145376
-0.144383
-0.143993
-0.139976
-0.135219
-0.135681
-0.133266
-0.131986
-0.134928
-0.138556
-0.146007
-0.158322
-0.169746
-0.183192
-0.195198
-0.205571
-0.213385
-0.213905
-0.214174
-0.21483
-0.206076
-0.189896
-0.172156
-0.146113
-0.118016
-0.085912
-0.051878
-0.017113
0.017588
0.04964
0.079014
0.102528
0.122452
0.129636
0.13742
0.150997
0.146298
0.130639
0.114977
0.086619
0.058445
0.027168
-0.002798
-0.028412
-0.052431
-0.060862
-0.075641
-0.098529
-0.106326
-0.104847
-0.110403
-0.113413
-0.11331
-0.116988
-0.11522
-0.110962
-0.10507
-0.091732
-0.08069
-0.067265
-0.054654
-0.049248
-0.039872
-0.034246
-0.029174
-0.019612
-0.016833
-0.014919
-0.015602
-0.022769
-0.030087
-0.043126
-0.05633
-0.071793
-0.087094
-0.100902
-0.114702
-0.12079
-0.131183
-0.143013
-0.14898
-0.15791
-0.158907
-0.149861
-0.141581
-0.125941
-0.108021
-0.088135
-0.067552
-0.048606
-0.031457
-0.019084
-0.009868
-0.006669
-0.00697
-0.012567
-0.021037
-0.032967
-0.046588
-0.061665
-0.077024
-0.091963
-0.10594
-0.117752
-0.127571
-0.13376
-0.137385
-0.135433
-0.132569
-0.126178
-0.118612
-0.11191
-0.104557
-0.096428
-0.092701
-0.102128
-0.102645
-0.096542
-0.099349
-0.097008
-0.095381
-0.096531
-0.092268
-0.086613
-0.07942
-0.068253
-0.058645
-0.053009
-0.045935
-0.039618
-0.041408
-0.04598
-0.059799
-0.086592
-0.114213
-0.150812
-0.187263
-0.224202
-0.258542
-0.287486
-0.311311
-0.326498
-0.337729
-0.334644
-0.337054
-0.342359
-0.342513
-0.348911
-0.351937
-0.351195
-0.351907
-0.353974
-0.34709
-0.333357
-0.317712
-0.293271
-0.269543
-0.243369
-0.219661
-0.199573
-0.183861
-0.175314
-0.168741
-0.176191
-0.169924
-0.158662
-0.137873
-0.086392
-0.039536
0.025409
0.087824
0.144533
0.198527
0.219248
0.247475
0.276567
0.276621
0.258576
0.240574
0.211262
0.178789
0.1477
0.118188
0.095405
0.077915
0.072837
0.068228
0.069501
0.071908
0.06938
0.070397
0.069055
0.065865
0.063884
0.059178
0.055126
0.050813
0.046737
0.044472
0.039087
0.041632
0.048533
0.058695
0.082497
0.100799
0.123216
0.143559
0.150238
0.164106
0.173781
0.17838
0.187801
0.184827
0.171451
0.157669
0.132409
0.107103
0.078482
0.051332
0.028755
0.009805
0.003415
-0.002332
0.000819
0.00586
0.009579
0.01737
0.022378
0.02747
0.029758
0.031569
0.035723
0.036261
0.035187
0.037215
0.044209
0.048702
0.049934
0.058807
0.066912
0.078826
0.101431
0.116587
0.134666
0.148767
0.151367
0.158134
0.157653
0.158514
0.164497
0.165609
0.169265
0.171508
0.170766
0.169322
0.163345
0.155205
0.143043
0.128302
0.111015
0.092463
0.073553
0.055429
0.039055
0.024935
0.01363
0.004327
-0.002267
-0.007405
-0.011099
-0.019098
-0.01348
-0.027644
-0.091979
-0.112147
-0.100525
-0.12062
-0.12504
-0.12303
-0.128582
-0.121072
-0.112357
-0.099864
-0.079121
-0.061972
-0.041892
-0.025598
-0.013815
-0.00459
-0.006568
-0.003896
-0.003855
-0.001568
0.011414
0.019976
0.034025
0.047753
0.053968
0.0666
0.076462
0.085535
0.101864
0.107543
0.112992
0.111822
0.090206
0.08041
0.064607
0.052617
0.060625
0.058571
0.064
0.068559
0.07302
0.073578
0.045464
0.038552
0.052364
0.0403
0.024037
0.018009
0.00053
-0.005361
0.010045
0.012896
0.02389
0.036636
0.035838
0.04791
0.061956
0.071748
0.085061
0.093362
0.100226
0.099829
0.087111
0.071594
0.053086
0.02094
-0.030117
-0.071032
-0.117918
-0.155989
-0.172157
-0.188482
-0.182011
-0.172039
-0.156048
-0.130643
-0.104779
-0.077032
-0.051597
-0.029876
-0.014171
-0.003604
-0.001514
-0.001743
-0.006715
-0.012221
-0.016339
-0.019666
-0.019073
-0.016289
-0.009468
-0.002054
0.006304
0.013974
0.018325
0.022598
0.024458
0.025593
0.028376
0.030163
0.034227
0.04026
0.046262
0.057909
0.072005
0.08823
0.109883
0.127539
0.144746
0.155215
0.164957
0.159477
0.123717
0.102898
0.071111
0.044341
0.048221
0.035626
0.029592
0.033269
0.032317
0.039179
0.050145
0.057984
0.063114
0.069574
0.076997
0.078771
0.076839
0.075533
0.070289
0.067029
0.066733
0.065182
0.066164
0.066247
0.067797
0.065349
0.052734
0.045231
0.034065
0.022306
0.018025
0.007691
-0.000193
-0.008741
-0.019841
-0.029259
-0.046576
-0.056075
-0.060586
-0.067443
-0.065648
-0.067053
-0.069095
-0.068485
-0.069659
-0.069431
-0.069444
-0.068025
-0.065421
-0.061667
-0.0557
-0.049791
-0.042864
-0.036297
-0.030437
-0.025592
-0.022382
-0.01831
-0.021731
-0.016819
0.008083
0.016634
0.014514
0.026919
0.040339
0.049212
0.054407
0.065965
0.084534
0.095874
0.11217
0.123076
0.119924
0.124911
0.128903
0.127078
0.128631
0.124358
0.112256
0.10436
0.093073
0.082771
0.080213
0.074573
0.067138
0.070213
0.086382
0.097491
0.115365
0.133912
0.140854
0.157594
0.176383
0.186283
0.19634
0.197608
0.188718
0.174651
0.147924
0.119133
0.083887
0.04891
0.015531
-0.01406
-0.035654
-0.051538
-0.054265
-0.054965
-0.047167
-0.037919
-0.02989
-0.019651
-0.012703
-0.006419
-0.004581
-0.002608
0.003833
0.002446
-0.005099
-0.008966
-0.01879
-0.025032
-0.030801
-0.03511
-0.023748
-0.024822
-0.034362
-0.034531
-0.040261
-0.042635
-0.040699
-0.036258
-0.0228
-0.0074
0.015071
0.040182
0.068155
0.09692
0.124337
0.149657
0.169691
0.184131
0.193202
0.192407
0.172103
0.155284
0.138588
0.109323
0.075052
0.044369
0.00925
-0.018639
-0.028412
-0.044364
-0.058661
-0.059324
-0.05041
-0.040842
-0.029405
-0.010103
0.015953
0.037448
0.060656
0.07893
0.08593
0.094483
0.090813
0.090197
0.101376
0.097594
0.087836
0.083669
0.073775
0.064132
0.053754
0.042071
0.029682
0.016196
0.002921
-0.009388
-0.024121
-0.032528
-0.013302
-0.016722
-0.041563
-0.03651
-0.051813
-0.038476
0.032979
0.065908
0.121882
0.170633
0.141693
0.172122
0.262884
0.272773
0.245178
0.253785
0.239115
0.222192
0.21637
0.203863
0.203566
0.199327
0.194797
0.194509
0.192946
0.187634
0.18918
0.177862
0.1288
0.11274
0.122837
0.108165
0.103568
0.105692
0.103314
0.105888
0.114544
0.110969
0.097339
0.082475
0.042097
0.009243
-0.002067
-0.041315
-0.11555
-0.145906
-0.139446
-0.157279
-0.155884
-0.143488
-0.136594
-0.115166
-0.087174
-0.063904
-0.039463
-0.020855
-0.013833
-0.007989
-0.012534
-0.01884
-0.025667
-0.036351
-0.043461
-0.052863
-0.062847
-0.069896
-0.080847
-0.085404
-0.086026
-0.086526
-0.078465
-0.074342
-0.068921
-0.063758
-0.065167
-0.06366
-0.061977
-0.063925
-0.069007
-0.074411
-0.075643
-0.084054
-0.11365
-0.121173
-0.107492
-0.11012
-0.102561
-0.092439
-0.086851
-0.07667
-0.070698
-0.063859
-0.059375
-0.055817
-0.054725
-0.05224
-0.045755
-0.041835
-0.029442
-0.022411
-0.019549
-0.011866
-0.011406
-0.005258
-0.001794
0.006976
0.026803
0.038543
0.066607
0.07614
0.05788
0.05592
0.041822
0.027804
0.02171
0.014118
0.017403
0.021517
0.032336
0.04442
0.056968
0.066667
0.075273
0.074589
0.046549
0.032315
0.028103
0.004741
-0.019834
-0.03894
-0.061551
-0.076086
-0.085532
-0.089473
-0.068606
-0.06321
-0.070362
-0.06393
-0.067267
-0.070508
-0.071336
-0.07494
-0.07957
-0.079489
-0.062578
-0.057931
-0.063059
-0.055485
-0.0514
-0.048327
-0.042837
-0.040532
-0.039112
-0.03914
-0.041215
-0.043551
-0.046293
-0.048794
-0.048062
-0.048474
-0.05161
-0.050061
-0.045612
-0.044143
-0.044833
-0.044076
-0.04424
-0.046514
-0.047868
-0.051416
-0.055762
-0.058463
-0.062346
-0.060693
-0.05476
-0.044831
-0.025484
-0.006567
0.016966
0.03914
0.058386
0.075391
0.081255
0.087785
0.092877
0.089075
0.079837
0.070078
0.056192
0.043246
0.031551
0.022274
0.017825
0.016367
0.024583
0.030972
0.036101
0.04632
0.056326
0.063864
0.071584
0.073165
0.068414
0.059733
0.040247
0.0208
-0.004037
-0.028074
-0.049414
-0.06821
-0.07788
-0.085623
-0.080178
-0.077427
-0.078063
-0.070264
-0.067545
-0.059642
-0.047017
-0.037403
-0.018338
-0.007796
-0.005392
0.002458
0.001629
0.005299
0.015596
0.020603
0.029944
0.037662
0.040202
0.046238
0.049069
0.051927
0.057933
0.058939
0.059485
0.058135
0.052514
0.04699
0.037983
0.029325
0.019644
0.010583
0.002894
-0.004262
-0.00715
-0.011618
-0.014056
-0.016593
-0.021361
-0.023497
-0.026385
-0.027672
-0.027878
-0.026342
-0.021061
-0.016511
-0.007993
-0.002301
0.000145
0.004011
0.002473
0.003494
0.006045
0.007047
0.012111
0.014614
0.017203
0.019324
0.01454
0.013917
0.015774
0.012362
0.008342
0.003792
-0.003292
-0.01039
-0.018269
-0.026063
-0.033348
-0.039763
-0.044798
-0.0486
-0.050577
-0.05097
-0.050349
-0.047801
-0.03904
-0.034718
-0.034386
-0.029919
-0.02779
-0.025458
-0.021982
-0.019716
-0.01625
-0.014721
-0.014211
-0.01541
-0.020023
-0.025388
-0.034199
-0.042653
-0.051656
-0.059761
-0.064952
-0.068942
-0.068761
-0.066763
-0.061503
-0.054262
-0.04511
-0.035028
-0.024681
-0.014668
-0.006053
0.001215
0.006085
0.00895
0.008847
0.006727
0.001629
-0.005
-0.013759
-0.023542
-0.034283
-0.04526
-0.055956
-0.066013
-0.074625
-0.081845
-0.086699
-0.089919
-0.089822
-0.089261
-0.086871
-0.084191
-0.082392
-0.07998
-0.078715
-0.078224
-0.077185
-0.0784
-0.084947
-0.086932
-0.085266
-0.08661
-0.086005
-0.084406
-0.083132
-0.080905
-0.079154
-0.076947
-0.0745
-0.072601
-0.069718
-0.067578
-0.067343
-0.063577
-0.058436
-0.05114
-0.037102
-0.025401
-0.011306
0.002413
0.007897
0.018299
0.033518
0.038487
0.035552
0.036235
0.033728
0.028671
0.024802
0.01979
0.015082
0.01228
0.01111
0.011747
0.0155
0.019803
0.025996
0.032343
0.038695
0.044535
0.048956
0.052188
0.05338
0.052685
0.049299
0.044046
0.035571
0.025623
0.013091
-0.000755
-0.015988
-0.031796
-0.047478
-0.062502
-0.075791
-0.087231
-0.095586
-0.101384
-0.103204
-0.103055
-0.099769
-0.095383
-0.089941
-0.084246
-0.079045
-0.074822
-0.072201
-0.069588
-0.072697
-0.069588
-0.057203
-0.051096
-0.040284
-0.029405
-0.028199
-0.017096
-0.001639
0.009505
0.025698
0.038646
0.049841
0.060034
0.062639
0.068547
0.074631
0.077987
0.084515
0.088198
0.08818
0.091007
0.09329
0.093841
0.09588
0.094358
0.089994
0.085286
0.075198
0.067907
0.062918
0.056476
0.054882
0.052488
0.049801
0.05076
0.052017
0.055381
0.061721
0.068204
0.076949
0.086204
0.096535
0.107443
0.118826
0.130529
0.142087
0.153467
0.163785
0.172987
0.179888
0.184355
0.18573
0.182746
0.174796
0.162627
0.144092
0.123094
0.097894
0.071668
0.044869
0.019264
-0.003462
-0.022918
-0.037005
-0.047008
-0.050094
-0.050845
-0.045549
-0.040995
-0.036098
-0.03243
-0.035219
-0.036917
-0.04476
-0.05132
-0.055423
-0.062614
-0.066056
-0.070896
-0.077215
-0.080614
-0.084767
-0.087513
-0.088465
-0.089883
-0.090433
-0.090497
-0.090543
-0.089169
-0.086046
-0.081951
-0.075498
-0.067375
-0.057163
-0.045247
-0.031915
-0.017729
-0.003305
0.010789
0.023859
0.035562
0.045488
0.053785
0.060234
0.065437
0.069335
0.073683
0.074307
0.080511
0.095031
0.103916
0.117292
0.126979
0.126486
0.129387
0.128292
0.121974
0.11281
0.101197
0.087107
0.072881
0.059067
0.046673
0.037172
0.029868
0.027667
0.025633
0.025801
0.026307
0.024226
0.023662
0.021234
0.018305
0.017162
0.012579
0.007803
0.001647
-0.008925
-0.017283
-0.027753
-0.036839
-0.04445
-0.051687
-0.053817
-0.058927
-0.062668
-0.067178
-0.076415
-0.082173
-0.089429
-0.09429
-0.096424
-0.096943
-0.088143
-0.08411
-0.083714
-0.078344
-0.074431
-0.072529
-0.070859
-0.071389
-0.075686
-0.078338
-0.082465
-0.084826
-0.082554
-0.08142
-0.076112
-0.071404
-0.068027
-0.062825
-0.06031
-0.056813
-0.053387
-0.051196
-0.048736
-0.047106
-0.04486
-0.044106
-0.044179
-0.044795
-0.048358
-0.050997
-0.055257
-0.059143
-0.062464
-0.066169
-0.065825
-0.068746
-0.073716
-0.075714
-0.080089
-0.081097
-0.076819
-0.074312
-0.069398
-0.063163
-0.056948
-0.050294
-0.044285
-0.039166
-0.035521
-0.033058
-0.032674
-0.032735
-0.03393
-0.035243
-0.036059
-0.037035
-0.037085
-0.037259
-0.037283
-0.037559
-0.038762
-0.040348
-0.043105
-0.046667
-0.051174
-0.056355
-0.062006
-0.067829
-0.073516
-0.078856
-0.083582
-0.087674
-0.091043
-0.09382
-0.096012
-0.097884
-0.099417
-0.100816
-0.101968
-0.102984
-0.103423
-0.10354
-0.102817
-0.101827
-0.100162
-0.096508
-0.097114
-0.090397
-0.069039
-0.058577
-0.055284
-0.042004
-0.02586
-0.016889
-0.010507
-0.003316
-0.002727
0.000263
0.005289
0.007061
0.010889
0.013169
0.015395
0.016047
0.011223
0.009076
0.006092
0.001001
-0.001404
-0.007047
-0.017014
-0.02364
-0.026118
-0.032704
-0.04572
-0.04872
-0.042758
-0.041991
-0.035543
-0.028847
-0.025842
-0.019388
-0.014397
-0.010588
-0.006594
-0.005205
-0.006855
-0.008219
-0.010581
-0.013945
-0.017214
-0.020296
-0.022625
-0.024292
-0.024441
-0.024412
-0.023589
-0.021834
-0.022608
-0.019204
-0.010105
-0.005311
0.002463
0.008092
0.006082
0.008702
0.010138
0.009538
0.010166
0.009018
0.008772
0.006006
0.000742
-0.004268
-0.013946
-0.020357
-0.02409
-0.028793
-0.028425
-0.02878
-0.028371
-0.025832
-0.023436
-0.020081
-0.016652
-0.013294
-0.010248
-0.007673
-0.005651
-0.004183
-0.003198
-0.002633
-0.002108
-0.002127
-0.002532
-0.003062
-0.004598
-0.00574
-0.007451
-0.009026
-0.010437
-0.011935
-0.012414
-0.013463
-0.01382
-0.01428
-0.014948
-0.014908
-0.014848
-0.013907
-0.013554
-0.010537
-0.005379
0.000784
0.012022
0.021248
0.031816
0.041518
0.045839
0.052702
0.057565
0.060559
0.065155
0.065159
0.060935
0.057355
0.049618
0.042725
0.038105
0.031161
0.026981
0.022087
0.015985
0.012686
0.00926
0.007957
0.007738
0.009687
0.017348
0.021579
0.027593
0.03119
0.027774
0.026595
0.02121
0.015502
0.009741
0.00361
0.001168
-0.003334
-0.006573
-0.009362
-0.015104
-0.017494
-0.018282
-0.020358
-0.020046
-0.021403
-0.024511
-0.026888
-0.031063
-0.035162
-0.039647
-0.044136
-0.048069
-0.05146
-0.054019
-0.054936
-0.05311
-0.050989
-0.045448
-0.040683
-0.038355
-0.032232
-0.027275
-0.020577
-0.009163
-0.001259
0.008005
0.015249
0.017519
0.020739
0.019678
0.018821
0.018402
0.016397
0.01551
0.014514
0.014153
0.014347
0.015157
0.016216
0.01743
0.018619
0.019326
0.019919
0.019969
0.019774
0.019339
0.018839
0.018451
0.018277
0.018464
0.018917
0.019733
0.020584
0.021893
0.022378
0.022297
0.021587
0.019259
0.017102
0.014253
0.011719
0.009605
0.008565
0.009373
0.011008
0.015309
0.019464
0.024753
0.029603
0.033404
0.036682
0.036408
0.037563
0.037698
0.038093
0.041807
0.043523
0.046855
0.049488
0.050583
0.051484
0.048845
0.046631
0.041475
0.03641
0.033981
0.026986
0.020347
0.011727
-0.00275
-0.013348
-0.025426
-0.035163
-0.038475
-0.043137
-0.042636
-0.042183
-0.042806
-0.04073
-0.039934
-0.038434
-0.036769
-0.035636
-0.034146
-0.033183
-0.032176
-0.031344
-0.030572
-0.029808
-0.029138
-0.028169
-0.02796
-0.026214
-0.023907
-0.02058
-0.014734
-0.009173
-0.001996
0.005071
0.012071
0.018704
0.024059
0.028866
0.030851
0.033754
0.035665
0.037815
0.042173
0.045236
0.049677
0.053602
0.057059
0.060268
0.061341
0.062927
0.063136
0.063347
0.064187
0.064164
0.064798
0.065313
0.066134
0.067231
0.068551
0.070082
0.071671
0.073238
0.074498
0.075417
0.075709
0.075391
0.074451
0.072671
0.070066
0.067108
0.06322
0.059685
0.055999
0.052745
0.050169
0.047206
0.047401
0.042862
0.034471
0.026382
0.008505
-0.003363
-0.010254
-0.021363
-0.024463
-0.03031
-0.038578
-0.041587
-0.046064
-0.04789
-0.046609
-0.046062
-0.043282
-0.041382
-0.040583
-0.039679
-0.040184
-0.041077
-0.042549
-0.044178
-0.045671
-0.046553
-0.047336
-0.04621
-0.04364
-0.039943
-0.033464
-0.027593
-0.020667
-0.014614
-0.009809
-0.005855
-0.005147
-0.003731
-0.003889
-0.003509
-0.001397
0.000247
0.003637
0.007408
0.011941
0.016857
0.021745
0.026484
0.030487
0.03383
0.036071
0.03729
0.037092
0.036097
0.033693
0.03097
0.027586
0.024198
0.021132
0.01835
0.016765
0.015502
0.015706
0.016329
0.017959
0.019944
0.022213
0.025323
0.025691
0.030037
0.039889
0.045177
0.053128
0.058552
0.055939
0.05757
0.057663
0.055515
0.054482
0.052031
0.049941
0.047367
0.044529
0.041827
0.038366
0.035734
0.033154
0.031106
0.030282
0.029334
0.02935
0.029305
0.029145
0.029286
0.029149
0.028971
0.028609
0.028071
0.027367
0.026498
0.025552
0.02462
0.023573
0.022929
0.022609
0.022579
0.023344
0.024013
0.025057
0.025962
0.026573
0.026934
0.02637
0.025685
0.024251
0.022581
0.020865
0.018828
0.016929
0.015146
0.013464
0.012421
0.011939
0.012044
0.013192
0.014587
0.016651
0.018857
0.021084
0.023033
0.024969
0.025316
0.023392
0.02129
0.015642
0.010851
0.008947
0.002017
-0.005657
-0.013851
-0.029528
-0.03902
-0.044376
-0.052048
-0.052858
-0.055353
-0.059253
-0.059177
-0.059498
-0.058897
-0.056743
-0.054887
-0.052439
-0.049572
-0.046407
-0.042748
-0.038538
-0.033747
-0.028311
-0.022296
-0.015809
-0.009033
-0.00221
0.004434
0.010632
0.016222
0.021031
0.025085
0.028289
0.03085
0.032722
0.034455
0.03488
0.036697
0.040413
0.042701
0.046109
0.048637
0.048598
0.049827
0.050698
0.050537
0.050839
0.050701
0.05072
0.050959
0.05136
0.052567
0.05235
0.054923
0.061663
0.065151
0.070346
0.073691
0.071269
0.071747
0.071255
0.069485
0.068939
0.068023
0.067796
0.067802
0.068827
0.068336
0.066662
0.063138
0.055383
0.046439
0.033839
0.019759
0.004201
-0.011655
-0.026551
-0.039899
-0.049967
-0.056749
-0.059678
-0.058814
-0.049353
-0.042951
-0.039913
-0.032533
-0.026828
-0.024519
-0.022118
-0.025144
-0.037003
-0.045041
-0.055703
-0.065526
-0.067417
-0.072804
-0.077275
-0.077526
-0.076962
-0.075549
-0.072862
-0.071075
-0.070856
-0.070501
-0.071621
-0.074052
-0.073678
-0.077535
-0.091518
-0.095072
-0.090444
-0.092013
-0.088624
-0.084204
-0.082072
-0.076414
-0.071487
-0.065144
-0.056163
-0.048057
-0.038052
-0.028344
-0.018514
-0.008904
-0.000488
0.007511
0.012379
0.01803
0.022385
0.025902
0.031005
0.033258
0.035025
0.035748
0.034038
0.032613
0.029392
0.026823
0.024326
0.022308
0.02253
0.02192
0.0227
0.022996
0.022213
0.02204
0.020949
0.020008
0.019074
0.017923
0.017994
0.01679
0.014016
0.012512
0.009872
0.007801
0.007763
0.006077
0.00456
0.003557
0.002228
0.001491
0.001075
0.001117
0.001626
0.002454
0.003468
0.004216
0.005175
0.004225
0.001709
-0.002545
-0.010334
-0.018528
-0.028947
-0.039448
-0.049764
-0.059196
-0.066489
-0.072127
-0.073936
-0.07499
-0.073519
-0.071372
-0.069553
-0.066838
-0.065023
-0.063531
-0.062575
-0.062466
-0.0629
-0.063633
-0.064843
-0.065558
-0.066094
-0.065973
-0.065186
-0.06408
-0.062059
-0.060756
-0.059634
-0.059343
-0.060605
-0.062133
-0.064734
-0.067364
-0.069961
-0.072103
-0.073239
-0.07251
-0.072682
-0.068123
-0.052805
-0.044426
-0.040949
-0.030611
-0.019107
-0.01216
-0.007227
-0.001881
-0.000802
0.001903
0.006279
0.008851
0.013451
0.017565
0.021971
0.026325
0.029901
0.033362
0.034357
0.036833
0.039473
0.041693
0.047175
0.05003
0.051761
0.054407
0.054348
0.055264
0.056224
0.05599
0.055982
0.054491
0.054559
0.050533
0.03983
0.033433
0.024235
0.017091
0.018164
0.014987
0.013556
0.014573
0.014629
0.016083
0.017284
0.018287
0.018771
0.018801
0.018303
0.017353
0.016375
0.015242
0.014513
0.014169
0.014396
0.015214
0.01646
0.017984
0.019468
0.020624
0.02137
0.020942
0.019321
0.016671
0.012302
0.007729
0.002363
-0.00275
-0.007396
-0.011311
-0.013996
-0.015881
-0.016052
-0.016229
-0.015571
-0.015027
-0.015017
-0.014681
-0.014718
-0.0143
-0.014198
-0.012189
-0.008463
-0.003653
0.00472
0.012098
0.02035
0.0275
0.031627
0.03482
0.033784
0.031644
0.026809
0.021092
0.015004
0.009159
0.005605
0.002758
0.00291
0.004376
0.007624
0.012332
0.017763
0.023458
0.028758
0.033264
0.036451
0.0384
0.038766
0.038098
0.036096
0.033825
0.030876
0.028427
0.0263
0.024727
0.024436
0.023914
0.024122
0.023948
0.023277
0.022562
0.02127
0.019901
0.01834
0.017052
0.016103
0.015595
0.015763
0.016176
0.016956
0.01772
0.018318
0.018568
0.01832
0.017577
0.016319
0.014804
0.012981
0.01157
0.010054
0.009994
0.011337
0.013434
0.017979
0.021992
0.026661
0.030807
0.033238
0.035289
0.035064
0.034047
0.03155
0.027939
0.023386
0.018157
0.012459
0.006572
0.000731
-0.004919
-0.01005
-0.014662
-0.018333
-0.020983
-0.023101
-0.022624
-0.01878
-0.014737
-0.005871
0.00118
0.004118
0.012313
0.019365
0.027014
0.041839
0.049693
0.053462
0.05947
0.058651
0.060138
0.063614
0.06371
0.065699
0.066453
0.065688
0.065771
0.064386
0.063404
0.06269
0.06127
0.060162
0.058763
0.057336
0.056006
0.054804
0.05384
0.053272
0.052994
0.053129
0.053547
0.054171
0.054902
0.055596
0.056169
0.056535
0.056661
0.05651
0.056151
0.055597
0.054949
0.05424
0.053502
0.052923
0.051982
0.050648
0.049111
0.046504
0.04403
0.041041
0.037844
0.035442
0.032038
0.028922
0.025601
0.021355
0.018218
0.015058
0.012998
0.011542
0.012052
0.015128
0.018933
0.026696
0.033154
0.040485
0.047007
0.049777
0.053606
0.054122
0.05479
0.05562
0.05476
0.054302
0.052881
0.051767
0.049179
0.045549
0.041126
0.034044
0.027573
0.019819
0.012648
0.006411
0.001028
-0.001738
-0.003556
-0.002308
-0.000214
0.003946
0.00862
0.013656
0.018593
0.021705
0.02477
0.025615
0.025729
0.024725
0.022256
0.019046
0.015044
0.010716
0.006407
0.002438
-0.000887
-0.003325
-0.004838
-0.005377
-0.005149
-0.004254
-0.003225
-0.001697
-0.001319
-0.001773
-0.003298
-0.006996
-0.010795
-0.015755
-0.020529
-0.024774
-0.028162
-0.030127
-0.030284
-0.027963
-0.024295
-0.017777
-0.011205
-0.00357
0.003467
0.009269
0.014056
0.015626
0.017063
0.016263
0.015188
0.014473
0.012985
0.012297
0.011762
0.011737
0.012176
0.012933
0.013833
0.014966
0.015549
0.015692
0.01523
0.013582
0.011721
0.009015
0.006118
0.002953
-0.000231
-0.003264
-0.006157
-0.008595
-0.010844
-0.012255
-0.01375
-0.014657
-0.015149
-0.016149
-0.015095
-0.012728
-0.009345
-0.002687
0.003074
0.009783
0.015798
0.018863
0.022049
0.022688
0.021369
0.018606
0.013086
0.004714
-0.004102
-0.014688
-0.024954
-0.034738
-0.043421
-0.049974
-0.055066
-0.056647
-0.057976
-0.057285
-0.056327
-0.056102
-0.055007
-0.05475
-0.054398
-0.054256
-0.054122
-0.053828
-0.053333
-0.0525
-0.051467
-0.050203
-0.049239
-0.047533
-0.048052
-0.05036
-0.053708
-0.061456
-0.067712
-0.075163
-0.081607
-0.084218
-0.087245
-0.086302
-0.084875
-0.082612
-0.078553
-0.074503
-0.069955
-0.065749
-0.061795
-0.05916
-0.056169
-0.053252
-0.050782
-0.046835
-0.044137
-0.04201
-0.039227
-0.037695
-0.035495
-0.0332
-0.031485
-0.029699
-0.028406
-0.027412
-0.026695
-0.026309
-0.025753
-0.025016
-0.023887
-0.021976
-0.019753
-0.016877
-0.013745
-0.010434
-0.007185
-0.004188
-0.001545
0.00056
0.002193
0.003295
0.004529
0.004074
0.005491
0.012053
0.013881
0.012395
0.013898
0.01331
0.011803
0.010121
0.007117
0.003559
-0.000488
-0.004761
-0.008951
-0.012774
-0.015991
-0.018372
-0.019936
-0.020603
-0.020722
-0.020037
-0.01976
-0.019714
-0.020269
-0.022171
-0.024226
-0.027132
-0.030048
-0.032772
-0.035048
-0.036429
-0.036937
-0.036106
-0.034686
-0.032163
-0.029832
-0.027587
-0.025925
-0.025743
-0.025868
-0.027303
-0.029023
-0.030808
-0.032835
-0.034384
-0.035381
-0.03615
-0.03534
-0.033253
-0.030459
-0.025419
-0.021241
-0.016667
-0.012794
-0.011136
-0.00918
-0.00915
-0.009127
-0.008996
-0.009601
-0.009782
-0.010077
-0.01021
-0.010193
-0.010069
-0.009885
-0.009661
-0.009436
-0.009238
-0.009033
-0.008839
-0.008469
-0.008403
-0.007401
-0.005642
-0.003523
0.000516
0.003777
0.007533
0.011036
0.012351
0.015123
0.017055
0.019386
0.023831
0.026648
0.030232
0.033298
0.033951
0.036275
0.038772
0.040285
0.042859
0.044286
0.043913
0.044707
0.045259
0.045295
0.045701
0.045617
0.045758
0.045106
0.04391
0.042137
0.038944
0.035812
0.031779
0.027784
0.023813
0.02009
0.017076
0.014426
0.013275
0.01175
0.010856
0.009831
0.007859
0.006492
0.004479
0.002695
0.001134
0.000274
-0.001058
-0.00029
0.006715
0.008984
0.007622
0.010197
0.010971
0.010765
0.011529
0.009709
0.006164
0.002425
-0.004526
-0.00961
-0.012932
-0.01717
-0.018301
-0.020035
-0.021883
-0.022309
-0.023303
-0.023815
-0.024472
-0.025265
-0.026092
-0.027111
-0.027888
-0.028852
-0.029498
-0.029967
-0.03027
-0.030067
-0.029609
-0.028835
-0.027942
-0.027051
-0.026282
-0.025716
-0.025392
-0.025285
-0.02533
-0.025417
-0.025432
-0.025271
-0.024882
-0.024275
-0.023499
-0.022689
-0.022013
-0.021581
-0.021566
-0.021943
-0.022743
-0.023467
-0.025263
-0.024738
-0.02164
-0.018303
-0.009685
-0.00299
0.00055
0.008904
0.015846
0.023507
0.036929
0.043904
0.047512
0.051626
0.049074
0.047875
0.046473
0.043026
0.040836
0.038252
0.036287
0.034796
0.033718
0.032977
0.032324
0.031661
0.030829
0.029763
0.028461
0.026995
0.02547
0.024025
0.022779
0.021823
0.02118
0.020817
0.020628
0.020464
0.020308
0.019738
0.01875
0.017349
0.015239
0.013059
0.010559
0.008213
0.006101
0.004391
0.003243
0.002481
0.002486
0.002343
0.00236
0.00215
0.001284
0.000435
-0.000874
-0.002177
-0.003434
-0.00444
-0.004991
-0.005133
-0.004501
-0.003764
-0.002681
-0.001643
-0.001037
-0.000507
-0.000556
-0.000925
-0.001686
-0.002733
-0.003915
-0.005114
-0.00619
-0.007064
-0.007637
-0.007845
-0.007914
-0.007297
-0.006107
-0.004588
-0.001964
0.000401
0.003279
0.005965
0.008259
0.010439
0.01113
0.012482
0.013263
0.014049
0.015907
0.01668
0.017821
0.018509
0.018255
0.018449
0.01797
0.01785
0.018131
0.018275
0.018807
0.019145
0.01982
0.019416
0.018177
0.015959
0.011567
0.006985
0.000972
-0.005115
-0.011189
-0.016832
-0.021254
-0.024908
-0.02594
-0.027359
-0.028018
-0.028223
-0.030281
-0.030755
-0.031033
-0.03196
-0.031789
-0.03243
-0.033298
-0.033703
-0.034272
-0.034405
-0.034271
-0.033788
-0.033027
-0.032068
-0.031183
-0.030213
-0.029396
-0.028825
-0.028222
-0.028058
-0.027885
-0.027781
-0.027599
-0.027098
-0.026351
-0.024523
-0.024136
-0.019512
-0.011002
-0.002887
0.013103
0.023624
0.029822
0.038012
0.038187
0.040146
0.04166
0.040036
0.039286
0.037171
0.035312
0.033123
0.030882
0.029023
0.026752
0.025475
0.024406
0.023813
0.024374
0.024242
0.024471
0.023999
0.022418
0.020839
0.018382
0.015914
0.013384
0.011136
0.00943
0.008285
0.007966
0.007946
0.009299
0.009161
0.007988
0.005882
-0.000004
-0.00509
-0.011782
-0.018767
-0.022009
-0.028641
-0.036854
-0.041781
-0.048468
-0.051497
-0.048705
-0.047831
-0.044594
-0.040298
-0.036401
-0.032314
-0.029237
-0.026876
-0.02635
-0.026049
-0.026933
-0.02795
-0.028704
-0.029742
-0.03027
-0.030636
-0.030722
-0.030637
-0.030501
-0.030383
-0.030362
-0.030447
-0.030603
-0.030747
-0.030782
-0.030613
-0.030189
-0.029498
-0.02859
-0.027551
-0.026509
-0.025593
-0.024927
-0.024579
-0.024571
-0.0248
-0.02515
-0.025342
-0.025584
-0.024772
-0.023061
-0.020392
-0.015908
-0.011257
-0.005599
-0.000075
0.005157
0.009751
0.013125
0.015636
0.016223
0.016713
0.016261
0.015873
0.016214
0.016338
0.017236
0.018287
0.019544
0.020748
0.021687
0.022226
0.02216
0.021157
0.020603
0.018255
0.010737
0.008094
0.009271
0.00794
0.009651
0.011904
0.014469
0.017605
0.020246
0.022547
0.023246
0.023731
0.022905
0.0217
0.020444
0.01865
0.017209
0.015883
0.014948
0.014378
0.0143
0.014189
0.01401
0.013564
0.012294
0.010747
0.008385
0.005647
0.002523
-0.000717
-0.003822
-0.006624
-0.008795
-0.010344
-0.010977
-0.011006
-0.010178
-0.008971
-0.007275
-0.005515
-0.003731
-0.00216
-0.000957
-0.000091
0.000169
0.000146
-0.000449
-0.001283
-0.002516
-0.003982
-0.005723
-0.007619
-0.009709
-0.011879
-0.014074
-0.016213
-0.018178
-0.019921
-0.021253
-0.022255
-0.022604
-0.022725
-0.022452
-0.021781
-0.020996
-0.019823
-0.018383
-0.016968
-0.0154
-0.013966
-0.012614
-0.011431
-0.010473
-0.009675
-0.009149
-0.008643
-0.008668
-0.00799
-0.007002
-0.005547
-0.002646
-0.000022
0.003383
0.006587
0.009442
0.012012
0.01319
0.014395
0.014519
0.014421
0.014361
0.013746
0.01333
0.012839
0.012515
0.012303
0.012478
0.012339
0.01191
0.011353
0.009665
0.008249
0.006339
0.004291
0.003274
0.001174
-0.000762
-0.002591
-0.005631
-0.006938
-0.007947
-0.00791
-0.004593
-0.002786
-0.000218
0.002134
0.001791
0.002614
0.002691
0.001865
0.001137
-0.000138
-0.00135
-0.002629
-0.003758
-0.004724
-0.005633
-0.006338
-0.007082
-0.007891
-0.008909
-0.0102
-0.011805
-0.013697
-0.015775
-0.01793
-0.019964
-0.021717
-0.023031
-0.023786
-0.023945
-0.023573
-0.022693
-0.021522
-0.020199
-0.01942
-0.017521
-0.018536
-0.02425
-0.027756
-0.033032
-0.038805
-0.041065
-0.046174
-0.053375
-0.056735
-0.059132
-0.060527
-0.058133
-0.055736
-0.05169
-0.046563
-0.041013
-0.035193
-0.029633
-0.024579
-0.020582
-0.017361
-0.015956
-0.014854
-0.014945
-0.015339
-0.015586
-0.016313
-0.016677
-0.016947
-0.016961
-0.016617
-0.016015
-0.015149
-0.014063
-0.012924
-0.011722
-0.010573
-0.009504
-0.00852
-0.007595
-0.006675
-0.005704
-0.004609
-0.003388
-0.002023
-0.000542
0.000973
0.002406
0.003684
0.004674
0.005295
0.005514
0.005243
0.004531
-0.00085
-0.002222
-0.003655
-0.005202
-0.006639
-0.007928
-0.009024
-0.009901
-0.010621
-0.011165
-0.011633
-0.011944
-0.012195
-0.012238
-0.012096
-0.011601
-0.010763
-0.009457
-0.007753
-0.005666
-0.003313
-0.000898
0.001407
0.00334
0.004673
0.005573
0.005039
0.003081
0.000378
-0.004487
-0.008776
-0.013468
-0.017567
-0.019552
-0.021704
-0.021921
-0.021905
-0.021938
-0.020803
-0.019799
-0.018432
-0.016637
-0.015061
-0.013243
-0.011519
-0.009738
-0.007928
-0.00616
-0.004319
-0.002652
-0.000756
-0.000004
0.002083
0.005967
0.008136
0.011414
0.013389
0.012527
0.012879
0.012217
0.010822
0.009418
0.007474
0.005368
0.003125
0.00079
-0.001592
-0.003907
-0.006131
-0.008101
-0.009773
-0.010952
-0.011571
-0.011608
-0.010689
-0.008781
-0.006118
-0.002148
0.001984
0.006749
0.011344
0.015626
0.019365
0.022052
0.024038
0.024322
0.024511
0.023743
0.022879
0.022457
0.021695
0.021482
0.021389
0.021598
0.022012
0.022541
0.023132
0.023652
0.024073
0.024279
0.024326
0.024088
0.023786
0.023321
0.02284
0.022409
0.021959
0.021576
0.021228
0.020914
0.020599
0.020269
0.019911
0.01952
0.01908
0.018607
0.018131
0.01765
0.01721
0.016801
0.016449
0.016157
0.015896
0.015674
0.01539
0.015232
0.014697
0.013926
0.012881
0.011151
0.009468
0.007365
0.005313
0.003318
0.001476
0.000056
-0.001195
-0.00143
-0.002157
-0.002913
-0.003435
-0.005146
-0.005781
-0.005921
-0.006328
-0.005668
-0.00534
-0.004989
-0.004257
-0.003636
-0.002811
-0.00194
-0.001002
-0.000031
0.000942
0.00188
0.002752
0.003529
0.004198
0.004755
0.005206
0.005575
0.005909
0.006214
0.006535
0.006877
0.007253
0.007634
0.008038
0.008381
0.008693
0.008919
0.00907
0.009158
0.009179
0.00918
0.009187
0.009241
0.009382
0.009613
0.009952
0.010363
0.010829
0.011286
0.011686
0.012029
0.012148
0.012079
0.011803
0.011244
0.010628
0.009876
0.00915
0.008471
0.007895
0.007463
0.007142
0.006963
0.00677
0.006809
0.00643
0.005811
0.004914
0.003254
0.001755
-0.000081
-0.001726
-0.003073
-0.004169
-0.004438
-0.004691
-0.004402
-0.004038
-0.003837
-0.003416
-0.003259
-0.003165
-0.003248
-0.003479
-0.003819
-0.004227
-0.004624
-0.004959
-0.00516
-0.005181
-0.005023
-0.004593
-0.003922
-0.003062
-0.001935
-0.000795
0.000446
0.001622
0.002711
0.00366
0.004412
0.004992
0.005345
0.0056
0.00551
0.005678
0.005881
0.006303
0.007274
0.008235
0.009604
0.011033
0.012551
0.014043
0.015376
0.016518
0.0173
0.017803
0.017768
0.017592
0.017062
0.016416
0.015787
0.015035
0.01439
0.013799
0.013315
0.012942
0.012659
0.01244
0.012246
0.012034
0.011772
0.011435
0.011015
0.010526
0.009983
0.009426
0.008879
0.008382
0.007945
0.007584
0.007282
0.007028
0.006787
0.006539
0.006249
0.005911
0.005513
0.00507
0.004604
0.004132
0.003684
0.003282
0.002928
0.002642
0.002399
0.002189
0.001983
0.001765
0.001509
0.001217
0.000887
0.000541
0.0002
-0.000103
-0.000347
-0.000507
-0.000579
-0.000566
-0.000488
-0.000367
-0.000236
-0.000119
-0.000037
0.000006
0.00001
-0.000002
-0.00001
0.000015
0.000094
0.00024
0.000455
0.00073
0.001037
0.001358
0.001657
0.001915
0.002111
0.002249
0.002333
0.002387
0.002432
0.002498
0.002599
0.00275
0.002944
0.003172
0.003404
0.003619
0.003786
0.003889
0.003914
0.003871
0.00377
0.003638
0.003498
0.00338
0.003294
0.003252
0.003242
0.003253
0.003254
0.003228
0.00315
0.00301
0.002807
0.00255
0.002261
0.001967
0.001691
0.00146
0.001281
0.001157
0.00107
0.001003
0.000923
0.000809
0.000636
0.0004
0.000102
-0.000235
-0.000591
-0.000929
-0.001228
-0.001465
-0.001635
-0.001741
-0.001802
-0.001838
-0.00188
-0.001945
-0.002052
-0.002197
-0.002374
-0.002557
-0.002723
-0.002841
-0.002894
-0.002873
-0.002788
-0.002655
-0.002499
-0.002347
-0.00223
-0.002163
-0.002156
-0.002196
-0.002264
-0.002326
-0.002354
-0.002316
-0.002201
-0.002007
-0.001754
-0.001471
-0.001199
-0.000976
-0.000836
-0.000792
-0.000845
-0.000964
-0.001115
-0.001239
-0.00129
-0.001218
-0.001005
-0.000639
-0.000152
0.000418