-0.004191
-0.006099
-0.007549
-0.007369
-0.006581
-0.006439
-0.007082
-0.006818
-0.005856
-0.005447
-0.004911
-0.002656
0.000493
0.001891
0.000844
-0.000042
0.000247
-0.001183
-0.006432
-0.012114
-0.012663
-0.007064
-0.000551
0.000626
-0.003384
-0.007156
-0.007516
-0.006973
-0.008641
-0.013313
-0.019631
-0.026216
-0.032515
-0.036981
-0.033392
-0.016139
0.009138
0.026003
0.024026
0.012322
0.00813
0.014532
0.018914
0.012218
-0.002899
-0.019062
-0.02826
-0.021836
0.002122
0.032129
0.051278
0.053004
0.044739
0.035107
0.021723
-0.002777
-0.032439
-0.045395
-0.029668
-0.00276
0.011689
0.019799
0.041768
0.067526
0.065051
0.034153
0.006523
-0.011489
-0.045583
-0.087469
-0.08737
-0.034694
0.010667
0.007084
-0.010055
0.007536
0.043053
0.046589
0.007757
-0.040734
-0.069397
-0.072576
-0.059899
-0.045427
-0.030152
-0.001182
0.0378
0.052225
0.027195
-0.004986
-0.01431
-0.019264
-0.043797
-0.066664
-0.056619
-0.029869
-0.026036
-0.045051
-0.054728
-0.041942
-0.022019
-0.011791
-0.013866
-0.013425
0.012625
0.063111
0.0979
0.079727
0.021568
-0.03094
-0.047962
-0.026781
0.023531
0.081778
0.11807
0.119477
0.096742
0.057858
0.001063
-0.059765
-0.097504
-0.102361
-0.084116
-0.047811
-0.002027
0.029487
0.029118
0.005178
-0.035951
-0.096046
-0.151362
-0.152963
-0.093891
-0.029439
-0.004218
-0.004001
-0.003733
-0.010513
-0.027008
-0.02835
-0.005397
0.012676
0.002129
-0.029062
-0.067641
-0.100271
-0.092779
-0.022002
0.066926
0.097142
0.063935
0.038904
0.052819
0.045109
-0.031452
-0.116034
-0.11521
-0.029316
0.05726
0.093616
0.101008
0.103776
0.087009
0.045767
0.016965
0.029115
0.057753
0.063318
0.044524
0.025406
0.01708
0.01208
0.002088
-0.018037
-0.045775
-0.069647
-0.084083
-0.101739
-0.128369
-0.13456
-0.085894
0.005576
0.087167
0.117711
0.089269
0.015335
-0.067146
-0.09505
-0.022536
0.116718
0.221014
0.215867
0.127143
0.040093
-0.005906
-0.051998
-0.144942
-0.256669
-0.311406
-0.281551
-0.221484
-0.194999
-0.209184
-0.230235
-0.232851
-0.205038
-0.13681
-0.028946
0.08892
0.175332
0.207496
0.189759
0.141651
0.089262
0.056407
0.053464
0.084271
0.15383
0.24939
0.328487
0.363998
0.382212
0.419705
0.45191
0.412515
0.270521
0.06071
-0.153887
-0.311648
-0.372853
-0.343993
-0.267647
-0.172403
-0.063248
0.029578
0.05074
-0.015104
-0.120435
-0.220761
-0.31094
-0.390037
-0.435727
-0.438206
-0.414953
-0.381246
-0.33028
-0.259375
-0.184426
-0.115572
-0.039212
0.056507
0.153566
0.22102
0.258339
0.295567
0.345217
0.379195
0.370265
0.323322
0.25469
0.171886
0.097181
0.073836
0.123394
0.216277
0.302072
0.347368
0.341395
0.29718
0.245078
0.200238
0.140552
0.049635
-0.040868
-0.080709
-0.060272
-0.006827
0.052605
0.095801
0.095186
0.036773
-0.062025
-0.164847
-0.232852
-0.232348
-0.165202
-0.089363
-0.072908
-0.121578
-0.188974
-0.243273
-0.282344
-0.294736
-0.265274
-0.218487
-0.203643
-0.227902
-0.242053
-0.199592
-0.098508
0.033075
0.152924
0.208293
0.169005
0.078879
0.031844
0.075892
0.158719
0.196194
0.168467
0.117387
0.067933
0.010952
-0.03805
-0.035114
0.014647
0.039907
0.004915
-0.036147
-0.030664
-0.013614
-0.032194
-0.043608
0.028388
0.164466
0.265696
0.281517
0.248837
0.208736
0.158783
0.094509
0.047421
0.053353
0.110826
0.182361
0.232992
0.257609
0.277582
0.313436
0.367739
0.424313
0.450182
0.409928
0.310177
0.223194
0.219338
0.279381
0.315383
0.277117
0.18266
0.060092
-0.073292
-0.172261
-0.176944
-0.083842
0.044068
0.142293
0.183528
0.162605
0.090001
-0.00431
-0.093313
-0.176842
-0.267702
-0.363627
-0.441314
-0.46701
-0.423704
-0.344996
-0.300031
-0.313342
-0.336106
-0.313435
-0.238348
-0.114337
0.0529
0.20177
0.223937
0.094792
-0.077439
-0.175287
-0.189441
-0.165533
-0.118902
-0.050678
0.0087
0.033729
0.042197
0.063912
0.096462
0.119708
0.126457
0.116678
0.084525
0.030301
-0.027069
-0.062976
-0.071492
-0.071432
-0.087054
-0.121911
-0.158134
-0.179277
-0.186503
-0.189505
-0.192274
-0.192775
-0.18849
-0.177503
-0.160558
-0.14357
-0.133273
-0.132574
-0.142884
-0.162413
-0.183073
-0.200311
-0.223886
-0.263294
-0.309181
-0.345758
-0.37282
-0.395485
-0.410486
-0.425492
-0.465897
-0.527477
-0.548901
-0.471513
-0.305472
-0.104551
0.089675
0.243065
0.317439
0.31666
0.306933
0.344081
0.411765
0.464628
0.479697
0.43501
0.303706
0.120722
-0.009949
-0.029128
0.009343
0.0337
0.056189
0.113404
0.162728
0.121765
-0.016601
-0.182108
-0.324622
-0.445393
-0.533628
-0.535878
-0.416808
-0.217683
-0.027616
0.088831
0.12449
0.109808
0.083915
0.080339
0.117328
0.187574
0.259142
0.297139
0.287085
0.239213
0.176314
0.124883
0.106878
0.128102
0.173712
0.221847
0.25365
0.250342
0.196486
0.102428
0.008015
-0.046942
-0.049977
-0.006798
0.068873
0.151031
0.205967
0.216737
0.189546
0.1375
0.07269
0.008786
-0.048747
-0.109185
-0.178403
-0.244784
-0.29436
-0.323144
-0.323426
-0.281912
-0.202304
-0.108581
-0.014847
0.083399
0.185369
0.273406
0.322324
0.303821
0.19693
0.024149
-0.141319
-0.230373
-0.235044
-0.194294
-0.145093
-0.103327
-0.072673
-0.052693
-0.04231
-0.043704
-0.056803
-0.075255
-0.094417
-0.116468
-0.133764
-0.122514
-0.068533
0.009824
0.081227
0.130337
0.161999
0.189446
0.224497
0.266245
0.294175
0.279544
0.203992
0.078894
-0.050044
-0.118138
-0.087028
0.023651
0.149356
0.232175
0.247697
0.200388
0.117354
0.041723
0.004358
0.00006
0.003247
-0.002234
-0.016357
-0.033486
-0.046377
-0.047907
-0.039292
-0.02903
-0.020217
-0.007243
0.012948
0.038302
0.067172
0.094596
0.107067
0.095071
0.069021
0.050636
0.051851
0.068917
0.091791
0.110113
0.115338
0.105907
0.088682
0.072998
0.064033
0.064012
0.073459
0.091034
0.113509
0.137248
0.157601
0.169137
0.168315
0.154024
0.126235
0.088177
0.050248
0.026121
0.021675
0.029773
0.036248
0.032687
0.021831
0.010763
0.000586
-0.01197
-0.02711
-0.043287
-0.062849
-0.087044
-0.105796
-0.106839
-0.094097
-0.086153
-0.094166
-0.115682
-0.143155
-0.16506
-0.164425
-0.135929
-0.099389
-0.080772
-0.085757
-0.104747
-0.13047
-0.151867
-0.144241
-0.090487
-0.007528
0.066288
0.106066
0.110911
0.090027
0.05479
0.018321
-0.010069
-0.028822
-0.038782
-0.041578
-0.044003
-0.053852
-0.068236
-0.077093
-0.079429
-0.084937
-0.097748
-0.11179
-0.1232
-0.135532
-0.149392
-0.158432
-0.158399
-0.153057
-0.144975
-0.127961
-0.093754
-0.045246
0.001696
0.031027
0.040245
0.039635
0.037425
0.033515
0.0267
0.02083
0.019228
0.021511
0.028585
0.045166
0.072844
0.104641
0.129029
0.137198
0.128238
0.11093
0.098207
0.095166
0.093411
0.081023
0.055618
0.025614
0.002385
-0.005504
0.003293
0.01999
0.032217
0.035084
0.032942
0.030807
0.030744
0.035402
0.047529
0.062183
0.067501
0.057153
0.036941
0.017208
0.005396
0.004672
0.011318
0.013232
-0.001796
-0.032183
-0.062088
-0.073654
-0.058045
-0.016514
0.038202
0.085978
0.112478
0.118962
0.114927
0.10656
0.097055
0.088969
0.0804
0.063646
0.034777
-0.001887
-0.038404
-0.065209
-0.068663
-0.040161
0.008749
0.050977
0.068464
0.063873
0.047466
0.025067
0.00127
-0.018929
-0.035321
-0.052269
-0.070647
-0.086677
-0.098091
-0.106972
-0.115459
-0.124766
-0.137605
-0.155599
-0.174084
-0.183389
-0.176314
-0.152698
-0.119633
-0.088706
-0.070691
-0.068642
-0.075653
-0.081002
-0.077701
-0.065505
-0.048919
-0.033605
-0.022467
-0.014788
-0.009011
-0.005293
-0.004022
-0.003707
-0.002971
-0.002704
-0.003288
-0.001221
0.007886
0.024201
0.044002
0.064189
0.082815
0.097095
0.105123
0.109146
0.113881
0.122293
0.132882
0.138905
0.131336
0.107406
0.074408
0.041736
0.012452
-0.010967
-0.019709
-0.008854
0.009161
0.014815
0.002348
-0.019432
-0.042046
-0.060479
-0.067994
-0.061774
-0.051767
-0.052341
-0.06667
-0.087154
-0.106396
-0.118812
-0.116234
-0.093174
-0.056879
-0.02628
-0.017631
-0.031402
-0.052741
-0.065624
-0.064584
-0.05446
-0.043419
-0.039153
-0.045764
-0.057649
-0.060458
-0.044579
-0.01588
0.01249
0.03339
0.045967
0.049854
0.046296
0.040582
0.035719
0.027031
0.007457
-0.022643
-0.054678
-0.078135
-0.086474
-0.078568
-0.05902
-0.036223
-0.018393
-0.009186
-0.006914
-0.007808
-0.010495
-0.017362
-0.031586
-0.05236
-0.072594
-0.081757
-0.074249
-0.054714
-0.033398
-0.016751
-0.006012
-0.000525
0.003089
0.011659
0.027816
0.044269
0.051729
0.048939
0.038749
0.021676
0.001864
-0.008094
-0.000321
0.016051
0.02524
0.024127
0.022071
0.026809
0.037763
0.050849
0.062005
0.067838
0.066516
0.058803
0.047879
0.03825
0.032688
0.029862
0.027224
0.025205
0.025769
0.02821
0.03059
0.033309
0.03695
0.038024
0.031581
0.016821
-0.001242
-0.014183
-0.01368
0.001038
0.020406
0.032123
0.032318
0.023227
0.0057
-0.018416
-0.038743
-0.042252
-0.02754
-0.005719
0.012751
0.026197
0.036067
0.040375
0.036259
0.025745
0.015519
0.011523
0.015259
0.023974
0.033251
0.040448
0.045714
0.049257
0.048336
0.040402
0.028611
0.021141
0.022617
0.029356
0.033691
0.03143
0.024046
0.016755
0.014374
0.016489
0.016935
0.010937
0.001218
-0.006171
-0.009565
-0.011422
-0.012438
-0.01148
-0.010823
-0.016436
-0.030323
-0.046406
-0.055924
-0.055559
-0.047717
-0.035856
-0.022472
-0.010592
-0.002881
0.001308
0.004487
0.006243
0.002931
-0.006383
-0.017449
-0.024627
-0.025169
-0.019096
-0.008677
0.002602
0.011887
0.018526
0.023061
0.026877
0.032263
0.040754
0.051025
0.060367
0.066537
0.066898
0.058248
0.043326
0.032163
0.031629
0.034845
0.030954
0.020343
0.012642
0.011215
0.010605
0.00746
0.004055
-0.000409
-0.010557
-0.024112
-0.030798
-0.027086
-0.022404
-0.025343
-0.031486
-0.031181
-0.022614
-0.010536
0.00239
0.016054
0.028989
0.03905
0.044881
0.044486
0.037235
0.028045
0.022885
0.020171
0.013397
0.002866
-0.003058
0.002059
0.017363
0.038087
0.056112
0.060839
0.0472
0.021195
-0.007962
-0.035111
-0.054126
-0.055408
-0.035826
-0.005608
0.021919
0.040018
0.046478
0.039439
0.021934
0.002403
-0.013685
-0.027478
-0.039773
-0.04745
-0.051208
-0.058283
-0.072746
-0.086968
-0.087892
-0.071141
-0.044949
-0.020638
-0.002901
0.007579
0.009576
0.00349
-0.006466
-0.017365
-0.030697
-0.045195
-0.051656
-0.041768
-0.019362
0.00441
0.022138
0.031204
0.030407
0.022845
0.017129
0.020482
0.03364
0.053189
0.072306
0.080132
0.070306
0.051448
0.039124
0.037545
0.038098
0.034792
0.029552
0.022002
0.007375
-0.012633
-0.026285
-0.023801
-0.00671
0.014707
0.030279
0.035054
0.029733
0.017332
0.000957
-0.01555
-0.02751
-0.032347
-0.030468
-0.022025
-0.006848
0.010217
0.020093
0.018917
0.012726
0.008479
0.006286
0.00211
-0.005906
-0.016308
-0.024415
-0.024469
-0.016092
-0.007409
-0.007259
-0.016095
-0.028423
-0.040003
-0.048105
-0.048791
-0.040597
-0.028398
-0.019466
-0.017787
-0.022801
-0.030192
-0.034304
-0.033799
-0.032884
-0.035143
-0.040328
-0.048877
-0.061882
-0.072574
-0.068963
-0.050239
-0.031605
-0.025909
-0.031276
-0.038772
-0.041542
-0.033696
-0.012576
0.013261
0.028718
0.027537
0.017342
0.008137
0.004278
0.006504
0.014109
0.022657
0.025252
0.018364
0.004948
-0.007503
-0.01182
-0.005262
0.009895
0.028981
0.045959
0.054481
0.052411
0.044485
0.037939
0.037247
0.044486
0.060054
0.078573
0.089221
0.085324
0.071261
0.05538
0.041285
0.029144
0.021279
0.02042
0.024826
0.029551
0.031806
0.032427
0.032634
0.031457
0.026607
0.017424
0.005355
-0.009032
-0.026288
-0.044257
-0.058091
-0.066175
-0.071116
-0.073002
-0.06591
-0.047652
-0.027678
-0.019482
-0.025244
-0.036369
-0.044771
-0.048762
-0.049123
-0.046891
-0.044651
-0.04537
-0.048807
-0.051751
-0.052224
-0.050493
-0.046888
-0.0413
-0.034631
-0.028554
-0.023773
-0.019273
-0.013516
-0.005827
0.003314
0.013367
0.024105
0.034633
0.042343
0.044742
0.041596
0.034809
0.026339
0.017955
0.011231
0.006793
0.003873
0.001234
-0.002822
-0.010853
-0.023502
-0.035953
-0.040806
-0.036461
-0.029108
-0.025607
-0.0274
-0.032334
-0.038453
-0.043679
-0.045096
-0.041498
-0.035665
-0.03224
-0.034295
-0.041583
-0.049688
-0.05084
-0.040129
-0.021363
-0.003905
0.007404
0.014598
0.020068
0.022727
0.022252
0.021202
0.020769
0.018815
0.014138
0.008948
0.006056
0.006874
0.012185
0.020898
0.028765
0.031674
0.029973
0.026177
0.020759
0.01343
0.006734
0.003911
0.004344
0.004184
0.001175
-0.003917
-0.009641
-0.015275
-0.019887
-0.022545
-0.023734
-0.025404
-0.028567
-0.03192
-0.033197
-0.031063
-0.024676
-0.013276
0.001146
0.0122
0.014174
0.00943
0.006686
0.011095
0.019573
0.02727
0.033685
0.039649
0.043098
0.042319
0.04011
0.040068
0.040098
0.033603
0.01689
-0.005839
-0.024321
-0.028863
-0.01775
0.000611
0.015055
0.02022
0.017925
0.01193
0.005475
0.000974
-0.000655
-0.000037
0.002923
0.008946
0.016254
0.021162
0.022675
0.022954
0.02248
0.018959
0.012207
0.006066
0.004542
0.008299
0.015936
0.025443
0.033915
0.037597
0.034131
0.024517
0.012509
0.002258
-0.004013
-0.004558
0.002875
0.017776
0.032547
0.038285
0.034204
0.027116
0.020376
0.010496
-0.003579
-0.014822
-0.016517
-0.010656
-0.003003
0.005144
0.015668
0.027569
0.037594
0.044248
0.048178
0.049698
0.049123
0.047234
0.044426
0.040426
0.035868
0.030649
0.023318
0.01526
0.013025
0.019581
0.02747
0.026932
0.018126
0.007949
-0.001524
-0.012436
-0.022924
-0.028147
-0.026719
-0.019452
-0.006626
0.007683
0.015417
0.012312
0.001823
-0.011556
-0.024545
-0.031284
-0.026335
-0.01366
-0.003839
-0.001853
-0.004636
-0.008361
-0.01142
-0.012159
-0.009627
-0.005362
-0.001667
-0.001156
-0.007475
-0.021148
-0.034827
-0.040077
-0.037491
-0.034128
-0.033401
-0.034054
-0.035441
-0.037582
-0.038491
-0.036819
-0.034461
-0.033595
-0.034088
-0.035811
-0.037831
-0.0353
-0.022905
-0.00349
0.013307
0.020903
0.02047
0.015578
0.008151
0.000806
-0.001265
0.005712
0.019688
0.033478
0.039727
0.035688
0.024623
0.012113
0.002412
-0.002528
-0.002528
0.000079
0.001591
-0.000341
-0.005061
-0.010755
-0.016238
-0.020815
-0.023643
-0.024603
-0.024473
-0.023886
-0.022887
-0.021832
-0.021523
-0.022249
-0.023234
-0.023833
-0.024536
-0.025806
-0.026246
-0.024301
-0.021444
-0.021047
-0.023788
-0.027582
-0.03163
-0.035042
-0.032128
-0.016917
0.005136
0.019556
0.01994
0.015483
0.016538
0.022026
0.025485
0.02597
0.025972
0.025162
0.022288
0.019147
0.018149
0.018696
0.019118
0.019212
0.019226
0.018684
0.017834
0.017762
0.018634
0.019363
0.019271
0.018482
0.017331
0.01628
0.015802
0.015475
0.014323
0.012041
0.009068
0.005718
0.00354
0.005869
0.014161
0.023967
0.028895
0.02769
0.024425
0.022114
0.020966
0.021412
0.023669
0.023856
0.016561
0.002721
-0.009814
-0.015169
-0.014895
-0.013201
-0.011488
-0.009478
-0.008111
-0.008313
-0.008603
-0.006566
-0.002276
0.001446
0.002394
0.000785
-0.002485
-0.007342
-0.013002
-0.017122
-0.018398
-0.018617
-0.019989
-0.022238
-0.024039
-0.024566
-0.021584
-0.011959
0.002494
0.014032
0.017314
0.015178
0.01313
0.012732
0.013637
0.017173
0.023802
0.030627
0.035249
0.038386
0.040592
0.040083
0.036287
0.030951
0.024381
0.014109
-0.000505
-0.015653
-0.026344
-0.030861
-0.030815
-0.028361
-0.024494
-0.02001
-0.016973
-0.017545
-0.020954
-0.023908
-0.024499
-0.022833
-0.01747
-0.006173
0.007718
0.015085
0.010344
-0.002515
-0.015687
-0.024648
-0.028532
-0.028144
-0.026134
-0.025489
-0.026492
-0.027123
-0.025693
-0.020814
-0.011275
0.000267
0.006911
0.005485
0.001634
0.002408
0.007242
0.010741
0.010309
0.006025
-0.002994
-0.016297
-0.027917
-0.030533
-0.022879
-0.01082
-0.00173
-0.000367
-0.006909
-0.016549
-0.022462
-0.021355
-0.015423
-0.008894
-0.004307
-0.002024
-0.001148
-0.000324
0.001396
0.003692
0.00555
0.006085
0.005115
0.003375
0.002441
0.003164
0.00445
0.003997
0.000283
-0.006728
-0.015232
-0.021588
-0.022222
-0.017123
-0.01007
-0.004932
-0.00278
-0.002717
-0.003283
-0.002687
0.00046
0.005053
0.007717
0.00634
0.002455
-0.00118
-0.003734
-0.005614
-0.005394
-0.001123
0.005386
0.008934
0.007834
0.00611
0.007282
0.009624
0.010205
0.008927
0.005751
-0.001731
-0.012834
-0.020273
-0.017259
-0.006536
0.003245
0.007033
0.006666
0.006489
0.009811
0.017152
0.026292
0.034154
0.039605
0.042785
0.042821
0.038136
0.028826
0.016224
0.001924
-0.011386
-0.020143
-0.023284
-0.022699
-0.020183
-0.01687
-0.015724
-0.019617
-0.0264
-0.030421
-0.029005
-0.023529
-0.015225
-0.005776
0.000042
-0.001984
-0.009701
-0.017365
-0.022149
-0.023462
-0.019101
-0.008035
0.004612
0.011829
0.012651
0.011534
0.011013
0.009826
0.006926
0.004177
0.004467
0.009619
0.019496
0.031245
0.039122
0.038161
0.028861
0.016367
0.005331
-0.002567
-0.006078
-0.002809
0.007762
0.021339
0.032134
0.038083
0.039826
0.03695
0.028925
0.018554
0.0105
0.006863
0.006296
0.007418
0.009899
0.012724
0.013688
0.0114
0.006029
-0.000865
-0.00622
-0.006537
-0.001224
0.005933
0.009413
0.005556
-0.005754
-0.019964
-0.029555
-0.030104
-0.025039
-0.020813
-0.019616
-0.019592
-0.019546
-0.018013
-0.010954
0.003024
0.017406
0.024
0.022617
0.018233
0.012504
0.005473
0.001974
0.007519
0.019366
0.029765
0.035536
0.038426
0.038599
0.036061
0.034714
0.037826
0.040138
0.03323
0.017057
-0.000019
-0.012937
-0.022722
-0.029758
-0.031739
-0.029604
-0.028061
-0.029715
-0.032904
-0.035886
-0.038078
-0.037261
-0.030367
-0.01825
-0.005324
0.005195
0.012388
0.015241
0.013939
0.011838
0.012176
0.013226
0.010569
0.003082
-0.006222
-0.014176
-0.018534
-0.01724
-0.010875
-0.00411
-0.000611
0.001005
0.003311
0.004861
0.002708
-0.003233
-0.011143
-0.020352
-0.028726
-0.031184
-0.024667
-0.013148
-0.003222
0.002119
0.004033
0.004649
0.0058
0.007674
0.007748
0.002948
-0.005589
-0.013172
-0.016914
-0.018084
-0.018303
-0.017637
-0.016562
-0.016987
-0.019003
-0.01916
-0.013817
-0.003398
0.008317
0.017932
0.024195
0.02665
0.024541
0.01754
0.00724
-0.003166
-0.010644
-0.014141
-0.014312
-0.012191
-0.008567
-0.004665
-0.001722
0.000585
0.004171
0.009854
0.016081
0.020574
0.022703
0.023461
0.024545
0.027045
0.031004
0.035776
0.040752
0.045048
0.047156
0.045364
0.038606
0.026731
0.011066
-0.005171
-0.019049
-0.031022
-0.041734
-0.046857
-0.040547
-0.02542
-0.011582
-0.005787
-0.007171
-0.014259
-0.026805
-0.038838
-0.039313
-0.024997
-0.006587
0.003682
0.004448
0.001417
-0.002625
-0.007512
-0.01057
-0.009105
-0.005696
-0.005209
-0.007941
-0.011241
-0.016102
-0.025487
-0.036652
-0.04176
-0.037408
-0.02779
-0.017602
-0.007551
0.002059
0.008703
0.01107
0.011134
0.011228
0.011204
0.010006
0.007545
0.00385
-0.001949
-0.00991
-0.01813
-0.024326
-0.028142
-0.030656
-0.033052
-0.036275
-0.041075
-0.046386
-0.048695
-0.044761
-0.035402
-0.024511
-0.015024
-0.007133
-0.000419
0.004783
0.008296
0.011064
0.014165
0.017828
0.021324
0.023705
0.024561
0.024719
0.025456
0.027259
0.029519
0.031568
0.033086
0.033803
0.033327
0.031726
0.029598
0.027631
0.025753
0.022852
0.017275
0.008628
-0.001017
-0.008158
-0.010328
-0.007397
-0.000914
0.006524
0.012079
0.014158
0.013606
0.012464
0.011783
0.011443
0.011313
0.011296
0.010565
0.008521
0.005995
0.004662
0.00532
0.007845
0.011774
0.015567
0.016324
0.012875
0.008294
0.006574
0.006994
0.004748
-0.001701
-0.007092
-0.005808
0.000627
0.007204
0.013366
0.021693
0.029304
0.028795
0.018751
0.006275
-0.003325
-0.010682
-0.014046
-0.007481
0.007914
0.02096
0.024279
0.02207
0.018873
0.011273
-0.002569
-0.015144
-0.019167
-0.016928
-0.013788
-0.010046
-0.004628
0.00012
0.002663
0.005392
0.009375
0.011168
0.008535
0.004875
0.004768
0.008523
0.013254
0.016405
0.017314
0.016595
0.015083
0.012892
0.010191
0.008112
0.007876
0.009079
0.01064
0.012579
0.01424
0.011881
0.001624
-0.014585
-0.029451
-0.037129
-0.037891
-0.035583
-0.032981
-0.030702
-0.028935
-0.028082
-0.027612
-0.026163
-0.023275
-0.019991
-0.016801
-0.012956
-0.008995
-0.007612
-0.009843
-0.013186
-0.015943
-0.020394
-0.027949
-0.034677
-0.035699
-0.032039
-0.028174
-0.025816
-0.023564
-0.020821
-0.017758
-0.013877
-0.009213
-0.005459
-0.002929
0.001007
0.008659
0.018025
0.024735
0.02639
0.024224
0.020821
0.018127
0.016906
0.017641
0.020615
0.024874
0.028118
0.029178
0.029282
0.029527
0.028523
0.024562
0.018925
0.014701
0.012696
0.010854
0.007836
0.005163
0.004611
0.005649
0.006633
0.007742
0.009967
0.012089
0.011584
0.009015
0.007474
0.007359
0.006085
0.003278
0.000805
-0.00197
-0.007231
-0.012419
-0.012119
-0.005746
0.002032
0.008697
0.013975
0.015526
0.010896
0.003029
-0.003197
-0.006125
-0.005906
-0.001862
0.004632
0.010533
0.015678
0.021083
0.022163
0.012586
-0.004839
-0.020385
-0.031032
-0.041364
-0.051443
-0.054435
-0.047967
-0.037792
-0.028821
-0.019658
-0.008376
0.001744
0.005395
0.001888
-0.003243
-0.00373
0.00186
0.009425
0.013755
0.012483
0.00713
0.002067
0.002001
0.00784
0.014424
0.014692
0.006042
-0.00799
-0.02091
-0.026608
-0.022353
-0.011698
-0.003335
-0.004694
-0.015558
-0.02823
-0.034223
-0.030725
-0.021263
-0.011453
-0.005723
-0.006427
-0.013337
-0.022128
-0.026325
-0.022855
-0.014998
-0.008007
-0.004181
-0.00283
-0.002479
-0.000953
0.003926
0.011547
0.017939
0.019912
0.018451
0.016564
0.015686
0.015665
0.016323
0.017328
0.017585
0.016485
0.014879
0.013896
0.013417
0.012857
0.012238
0.011726
0.011042
0.010344
0.010303
0.010885
0.011076
0.010413
0.009333
0.008045
0.006174
0.003784
0.001302
-0.001077
-0.003036
-0.00363
-0.002401
0.000397
0.004614
0.008618
0.007518
-0.002476
-0.017188
-0.027452
-0.029086
-0.025743
-0.021795
-0.019037
-0.019829
-0.026221
-0.034371
-0.036275
-0.028748
-0.016058
-0.003772
0.00518
0.009202
0.00806
0.004651
0.002945
0.004502
0.008625
0.014006
0.01831
0.018626
0.01476
0.010001
0.007244
0.006154
0.00519
0.003806
0.001754
-0.001645
-0.006079
-0.009844
-0.011601
-0.011648
-0.010989
-0.01028
-0.009742
-0.009408
-0.00913
-0.008948
-0.0089
-0.008255
-0.005562
-0.000813
0.00362
0.00527
0.004496
0.003522
0.003604
0.004594
0.006602
0.009759
0.012763
0.013303
0.010346
0.00494
-0.000679
-0.003923
-0.002888
0.001728
0.006629
0.008982
0.008739
0.007236
0.005546
0.004883
0.007174
0.012798
0.018953
0.021698
0.020168
0.016785
0.013847
0.01116
0.007712
0.004118
0.002333
0.003115
0.005214
0.007385
0.00994
0.013599
0.018132
0.022547
0.025937
0.027627
0.027883
0.028093
0.029717
0.031965
0.032277
0.029114
0.023554
0.017133
0.010238
0.003024
-0.003211
-0.007083
-0.00874
-0.009923
-0.012085
-0.015204
-0.018112
-0.019895
-0.020466
-0.020265
-0.019513
-0.018239
-0.016414
-0.014193
-0.011792
-0.00937
-0.006653
-0.003439
-0.00045
0.000964
0.000587
-0.000303
-0.000729
-0.001036
-0.001823
-0.003315
-0.005768
-0.009264
-0.0127
-0.014427
-0.013564
-0.010503
-0.006519
-0.003699
-0.003511
-0.005264
-0.007104
-0.008407
-0.009038
-0.007542
-0.00264
0.004238
0.010577
0.015635
0.019433
0.020767
0.018692
0.014521
0.010614
0.008314
0.007553
0.006634
0.003028
-0.003592
-0.009873
-0.012646
-0.012208
-0.010267
-0.007233
-0.003847
-0.002495
-0.004903
-0.010113
-0.016197
-0.020823
-0.020655
-0.013523
-0.002413
0.006949
0.01192
0.014115
0.015146
0.014897
0.013445
0.011722
0.009571
0.005941
0.001222
-0.002669
-0.004725
-0.005326
-0.004987
-0.004342
-0.004921
-0.007571
-0.010501
-0.010597
-0.006629
0.000216
0.00816
0.014834
0.016842
0.012354
0.004231
-0.002346
-0.004941
-0.005145
-0.005443
-0.006865
-0.009046
-0.01074
-0.010572
-0.008268
-0.005008
-0.001952
0.000502
0.002078
0.002369
0.001843
0.001656
0.002399
0.003561
0.004502
0.004945
0.004949
0.004804
0.00506
0.005938
0.007178
0.008317
0.008964
0.008678
0.007386
0.005787
0.004902
0.004973
0.005412
0.005631
0.005638
0.005595
0.005542
0.00552
0.005765
0.006365
0.00716
0.007939
0.008675
0.009286
0.009614
0.009453
0.008673
0.007058
0.004345
0.00017
-0.005633
-0.012799
-0.020241
-0.026364
-0.029897
-0.030591
-0.028919
-0.025722
-0.022092
-0.018922
-0.016181
-0.013267
-0.010058
-0.00725
-0.005296
-0.004011
-0.00319
-0.002995
-0.003003
-0.002309
-0.000758
0.000564
0.000715
-0.000352
-0.002034
-0.00346
-0.003692
-0.002943
-0.002562
-0.00311
-0.00347
-0.003226
-0.003778
-0.005952
-0.008483
-0.010411
-0.01245
-0.014724
-0.01549
-0.013423
-0.008495
-0.000599
0.008781
0.013933
0.009275
-0.002651
-0.012508
-0.014163
-0.009729
-0.004331
-0.000544
0.001177
0.000774
-0.000933
-0.002183
-0.002114
-0.001216
-0.000423
-0.000336
-0.001181
-0.0024
-0.002948
-0.002339
-0.001337
-0.00123
-0.002842
-0.005724
-0.008106
-0.007851
-0.004213
0.001721
0.007933
0.012527
0.01425
0.01317
0.010637
0.008275
0.006821
0.006036
0.005182
0.003518
0.000672
-0.002924
-0.006059
-0.007263
-0.005887
-0.002908
-0.000626
-0.000664
-0.002612
-0.005114
-0.007756
-0.010156
-0.01054
-0.00742
-0.002381
0.001842
0.004941
0.008546
0.012627
0.015491
0.017018
0.018714
0.020327
0.019381
0.01519
0.010016
0.006197
0.004103
0.003243
0.00324
0.003357
0.00267
0.00105
-0.000705
-0.002046
-0.002868
-0.003193
-0.003312
-0.00404
-0.005698
-0.007493
-0.008312
-0.007988
-0.00704
-0.005972
-0.005097
-0.004754
-0.004879
-0.004829
-0.003925
-0.002294
-0.000688
0.000174
0.000161
-0.000419
-0.000922
-0.0007
0.000385
0.001512
0.001547
0.000077
-0.00221
-0.004373
-0.0058
-0.006026
-0.004676
-0.002404
-0.000857
-0.001052
-0.002171
-0.002577
-0.001045
0.003012
0.008987
0.014311
0.016652
0.016734