0.002722
0.004042
0.004195
0.003282
0.002219
0.002038
0.002975
0.004317
0.004917
0.004183
0.002541
0.001174
0.001044
0.002176
0.003571
0.004057
0.00316
0.001514
0.000322
0.000492
0.00184
0.003283
0.003684
0.002808
0.001469
0.000918
0.001766
0.003523
0.004927
0.004976
0.003708
0.002134
0.001461
0.002146
0.003404
0.003905
0.002891
0.000834
-0.000902
-0.000915
0.001249
0.00426
0.005792
0.003982
-0.000334
-0.004103
-0.004471
-0.001433
0.002508
0.005
0.004582
0.001956
-0.000664
-0.001462
0.000071
0.002669
0.004313
0.003966
0.001866
-0.000177
-0.000477
0.001995
0.005643
0.005918
0.001029
-0.00585
-0.008556
-0.004882
0.002233
0.009163
0.01289
0.012996
0.011074
0.008872
0.007331
0.006654
0.006051
0.004349
0.001102
-0.002646
-0.005187
-0.00546
-0.003398
-0.000221
0.002149
0.003105
0.003575
0.004867
0.006859
0.008628
0.009109
0.007288
0.003232
-0.001612
-0.005451
-0.007344
-0.007127
-0.005524
-0.004188
-0.003439
-0.00196
0.001668
0.00716
0.01276
0.01627
0.016597
0.01156
0.001431
-0.009622
-0.015418
-0.014892
-0.012724
-0.012094
-0.012282
-0.011086
-0.004538
0.006692
0.011876
0.007309
-0.001507
-0.008743
-0.011806
-0.011173
-0.007583
-0.00177
0.005072
0.015067
0.026157
0.021486
-0.000609
-0.019473
-0.025558
-0.024886
-0.022399
-0.016404
-0.006648
0.003199
0.010235
0.014643
0.01804
0.021893
0.026611
0.029694
0.02774
0.019715
0.007321
-0.005953
-0.016592
-0.019941
-0.015658
-0.008563
-0.00283
0.00012
0.001307
0.001725
0.002102
0.00285
0.003377
0.001404
-0.004157
-0.011707
-0.018735
-0.023881
-0.027249
-0.029844
-0.030839
-0.028792
-0.024219
-0.017944
-0.010027
-0.001198
0.006609
0.011707
0.013969
0.013996
0.011563
0.007697
0.003376
-0.002332
-0.010466
-0.020156
-0.028711
-0.033534
-0.032682
-0.023464
-0.008822
0.004741
0.011714
0.010737
0.005666
-0.000752
-0.009231
-0.020408
-0.03276
-0.043786
-0.050502
-0.048077
-0.037405
-0.024673
-0.013802
-0.006756
-0.003181
-0.001017
0.001668
0.004683
0.006519
0.00511
0.000927
-0.003607
-0.005973
-0.004951
-0.00142
0.002158
0.003512
0.001375
-0.002775
-0.00677
-0.009501
-0.011839
-0.015432
-0.021645
-0.030282
-0.039644
-0.046983
-0.049573
-0.041405
-0.023701
-0.003835
0.013442
0.025735
0.029232
0.024702
0.017221
0.010148
0.004705
0.001205
0.000825
0.003383
0.007337
0.012118
0.018611
0.029864
0.049478
0.069371
0.072422
0.057458
0.036094
0.016987
0.002674
-0.006607
-0.010975
-0.012948
-0.016506
-0.022686
-0.028871
-0.032044
-0.030185
-0.023742
-0.016506
-0.014867
-0.022397
-0.037736
-0.058163
-0.07725
-0.082294
-0.068369
-0.045292
-0.02413
-0.007649
0.003183
0.01003
0.015975
0.021169
0.023938
0.023758
0.022855
0.024633
0.031186
0.043397
0.058049
0.070618
0.080274
0.088907
0.092879
0.090271
0.083352
0.071649
0.053569
0.030094
-0.003016
-0.032463
-0.031346
-0.00485
0.021316
0.024985
0.008734
-0.011785
-0.028615
-0.042108
-0.05465
-0.069039
-0.086332
-0.104409
-0.116889
-0.11075
-0.07084
-0.009538
0.036928
0.035451
-0.005129
-0.041473
-0.053619
-0.050423
-0.042869
-0.035935
-0.033347
-0.036858
-0.038368
-0.029154
-0.007444
0.026692
0.065039
0.090428
0.09648
0.092703
0.089729
0.092566
0.099131
0.098541
0.075131
0.019811
-0.054127
-0.117269
-0.146711
-0.146423
-0.134105
-0.113748
-0.089422
-0.069039
-0.053847
-0.040158
-0.026319
-0.013388
-0.004415
-0.002974
-0.009305
-0.021357
-0.035932
-0.040098
-0.019903
0.017804
0.056006
0.08508
0.091727
0.075827
0.056367
0.04604
0.044779
0.047943
0.052607
0.051336
0.040648
0.023445
0.003951
-0.014427
-0.029503
-0.04156
-0.053046
-0.067304
-0.084737
-0.101268
-0.102492
-0.0806
-0.045036
-0.009483
0.017663
0.027159
0.019911
0.007593
-0.000287
-0.000498
0.004904
0.013187
0.021909
0.031728
0.053553
0.09345
0.130167
0.135669
0.107938
0.059031
-0.004594
-0.074947
-0.134595
-0.161063
-0.126996
-0.047782
0.032777
0.088732
0.103534
0.087175
0.06116
0.034387
0.00621
-0.022697
-0.047741
-0.06345
-0.062269
-0.041821
-0.012802
0.012019
0.020193
0.010543
-0.004969
-0.014321
-0.012466
-0.007682
-0.021158
-0.057105
-0.102276
-0.14318
-0.168601
-0.152616
-0.095833
-0.025814
0.040578
0.096836
0.137925
0.162972
0.171876
0.15611
0.121069
0.082279
0.050707
0.030345
0.028277
0.038825
0.036736
0.01342
-0.016961
-0.038544
-0.0316
0.003215
0.047065
0.082749
0.099081
0.06726
-0.003841
-0.06192
-0.086248
-0.088575
-0.082623
-0.066569
-0.043943
-0.024982
-0.012272
0.000058
0.016806
0.033822
0.044038
0.045655
0.041066
0.036458
0.039076
0.054151
0.078954
0.105181
0.122832
0.121726
0.086035
0.024166
-0.037609
-0.069655
-0.06843
-0.054777
-0.043802
-0.040293
-0.043487
-0.051336
-0.05783
-0.051102
-0.028665
-0.000487
0.024485
0.041827
0.045003
0.036656
0.029526
0.030208
0.037384
0.043912
0.041841
0.020491
-0.014173
-0.039558
-0.035621
-0.00714
0.028305
0.055438
0.066121
0.062937
0.05451
0.04804
0.048339
0.055216
0.063942
0.060173
0.035316
-0.004852
-0.049898
-0.095566
-0.1372
-0.166939
-0.16071
-0.120774
-0.075146
-0.053954
-0.062342
-0.085638
-0.114403
-0.141485
-0.150624
-0.128533
-0.084707
-0.038843
-0.007325
-0.003168
-0.03411
-0.081907
-0.108819
-0.094302
-0.052307
-0.00657
0.028847
0.046049
0.043731
0.032232
0.023739
0.023509
0.030778
0.040024
0.04527
0.046813
0.049044
0.056287
0.068659
0.082917
0.094804
0.102337
0.105514
0.100345
0.082818
0.05703
0.027703
-0.003229
-0.033928
-0.060437
-0.08128
-0.092199
-0.088959
-0.078626
-0.071467
-0.068863
-0.066559
-0.061603
-0.056919
-0.058206
-0.069971
-0.090632
-0.112599
-0.122735
-0.106114
-0.05258
0.032507
0.12744
0.212969
0.273681
0.312705
0.347883
0.384918
0.418539
0.424024
0.385092
0.319298
0.251911
0.190114
0.133657
0.082208
0.038714
0.004619
-0.015799
-0.021426
-0.019008
-0.021128
-0.047776
-0.109627
-0.191157
-0.270183
-0.314772
-0.324018
-0.320982
-0.338329
-0.350168
-0.334036
-0.306326
-0.27725
-0.242406
-0.196184
-0.128698
-0.05554
-0.004333
0.029373
0.065809
0.11545
0.172073
0.222784
0.255076
0.236884
0.168849
0.08982
0.026696
-0.001311
0.015637
0.062623
0.11365
0.152759
0.179331
0.198872
0.209083
0.188621
0.124996
0.036694
-0.053081
-0.129281
-0.165344
-0.145891
-0.091849
-0.030879
0.020693
0.056849
0.063365
0.03196
-0.005825
-0.022724
-0.023879
-0.019291
-0.012945
-0.003225
0.006452
0.011656
0.00299
-0.019898
-0.049263
-0.079495
-0.109117
-0.134415
-0.136325
-0.107849
-0.065136
-0.021682
0.016259
0.047654
0.070113
0.082198
0.072592
0.045073
0.014608
-0.011383
-0.032497
-0.039689
-0.029801
-0.008669
0.018133
0.046677
0.072383
0.091256
0.100658
0.091055
0.052194
-0.004393
-0.05505
-0.082856
-0.092008
-0.090366
-0.073677
-0.041363
-0.001808
0.037307
0.067902
0.075696
0.059181
0.034505
0.011546
-0.009169
-0.034574
-0.067545
-0.104089
-0.133248
-0.142515
-0.106108
-0.030091
0.043396
0.082586
0.090828
0.082212
0.060445
0.030546
-0.000892
-0.035273
-0.076832
-0.125136
-0.169845
-0.195956
-0.165757
-0.07848
0.025088
0.115149
0.174913
0.202376
0.214297
0.229051
0.250898
0.268716
0.245576
0.158055
0.053934
-0.031185
-0.099249
-0.13146
-0.12457
-0.101812
-0.081904
-0.06245
-0.041256
-0.022743
-0.00741
0.002326
0.007641
0.021828
0.053315
0.094924
0.135127
0.164168
0.18451
0.20014
0.207416
0.187745
0.1351
0.06773
-0.00705
-0.079789
-0.122079
-0.13257
-0.131801
-0.142146
-0.151395
-0.141916
-0.125191
-0.114212
-0.104605
-0.080635
-0.041296
0.000886
0.033498
0.052377
0.063004
0.076439
0.102458
0.14372
0.19308
0.235942
0.247051
0.197216
0.102325
0.007319
-0.056494
-0.07385
-0.060488
-0.045664
-0.051667
-0.08435
-0.130205
-0.167222
-0.186225
-0.192898
-0.190296
-0.183113
-0.177719
-0.172425
-0.150821
-0.110639
-0.071062
-0.047235
-0.029684
-0.005255
0.026702
0.061942
0.091674
0.111286
0.119878
0.119765
0.116793
0.11374
0.115686
0.136433
0.168224
0.18542
0.143723
0.044577
-0.041662
-0.069237
-0.054265
-0.028765
-0.007173
0.00464
0.000283
-0.018198
-0.038642
-0.049351
-0.045058
-0.032607
-0.022975
-0.026635
-0.04329
-0.064628
-0.084491
-0.099604
-0.10032
-0.077358
-0.036287
0.010819
0.0542
0.085919
0.084495
0.040008
-0.024712
-0.076508
-0.103448
-0.104532
-0.085354
-0.062848
-0.054978
-0.069861
-0.089891
-0.088246
-0.060226
-0.019708
0.021397
0.054945
0.075722
0.071921
0.045488
0.013379
-0.011507
-0.022335
-0.021701
-0.017301
-0.010822
0.000066
0.016766
0.035785
0.053624
0.067738
0.076691
0.072124
0.054639
0.030413
-0.002994
-0.052134
-0.112244
-0.17229
-0.219777
-0.237796
-0.184476
-0.088709
-0.016535
0.019968
0.039599
0.054783
0.066226
0.069522
0.067985
0.068279
0.064027
0.039477
-0.0156
-0.084843
-0.137537
-0.144129
-0.108456
-0.049778
0.013797
0.065058
0.079553
0.052158
0.007846
-0.03088
-0.050267
-0.060743
-0.081117
-0.113804
-0.14882
-0.165604
-0.147738
-0.101914
-0.044394
0.012095
0.057618
0.077203
0.060719
0.021913
-0.014977
-0.034479
-0.023553
0.011166
0.049052
0.06829
0.05989
0.034143
0.004269
-0.021972
-0.040526
-0.044604
-0.031542
-0.010673
0.006349
0.014143
0.01168
0.00442
0.005273
0.024788
0.058736
0.095627
0.128647
0.15566
0.177389
0.191533
0.202562
0.216975
0.235826
0.25248
0.249214
0.214475
0.159196
0.104424
0.069966
0.064051
0.078584
0.09743
0.106841
0.100866
0.073211
0.026859
-0.022274
-0.060363
-0.081742
-0.093459
-0.111015
-0.145929
-0.209612
-0.289412
-0.336193
-0.306823
-0.217124
-0.11359
-0.026516
0.014328
-0.003219
-0.055016
-0.105981
-0.135725
-0.129257
-0.094311
-0.06042
-0.060517
-0.097102
-0.14565
-0.18214
-0.194155
-0.187341
-0.173631
-0.16325
-0.150169
-0.132487
-0.115029
-0.102821
-0.095037
-0.078363
-0.030026
0.028916
0.067171
0.091287
0.116985
0.143701
0.160635
0.164942
0.158629
0.142512
0.120678
0.101433
0.087235
0.088511
0.107487
0.136901
0.173606
0.220062
0.273967
0.327413
0.368777
0.378426
0.332436
0.24725
0.160725
0.087057
0.021177
-0.042361
-0.104159
-0.161122
-0.207128
-0.223936
-0.213345
-0.196217
-0.184333
-0.175468
-0.15288
-0.112752
-0.066078
-0.027241
-0.001136
0.014253
0.01525
-0.00399
-0.034429
-0.057737
-0.068608
-0.068616
-0.064934
-0.066619
-0.083088
-0.116064
-0.153188
-0.15899
-0.125871
-0.078693
-0.034029
0.014371
0.072489
0.134596
0.190294
0.23096
0.235073
0.196481
0.139309
0.088984
0.057956
0.048164
0.050151
0.052723
0.052245
0.05217
0.057254
0.069584
0.084925
0.094761
0.084179
0.046421
-0.012643
-0.086013
-0.151126
-0.17659
-0.170998
-0.17383
-0.201202
-0.238448
-0.272325
-0.296887
-0.315014
-0.325373
-0.326396
-0.320905
-0.311403
-0.286583
-0.238059
-0.134632
-0.031195
0.019811
0.041519
0.066112
0.106181
0.151703
0.194488
0.221256
0.225447
0.216518
0.209236
0.210734
0.223388
0.246761
0.275697
0.298384
0.288493
0.243144
0.183129
0.121105
0.060219
0.001265
-0.052643
-0.098938
-0.122682
-0.114227
-0.088073
-0.061126
-0.039793
-0.024087
-0.013464
-0.006296
-0.002161
0.000187
-0.012926
-0.043321
-0.081645
-0.125838
-0.206355
-0.291527
-0.340734
-0.366134
-0.38424
-0.39789
-0.394247
-0.354793
-0.289058
-0.22268
-0.158457
-0.087449
-0.007815
0.066205
0.124154
0.169489
0.220199
0.29369
0.396354
0.518939
0.639281
0.727106
0.724572
0.555638
0.272414
0.056785
-0.028311
-0.048884
-0.052976
-0.047363
-0.038913
-0.046685
-0.074768
-0.113192
-0.163214
-0.217267
-0.245863
-0.249498
-0.236643
-0.210468
-0.170797
-0.123128
-0.077813
-0.044731
-0.035763
-0.060868
-0.105471
-0.145567
-0.160834
-0.155078
-0.145248
-0.137924
-0.128205
-0.108401
-0.082584
-0.05953
-0.043732
-0.039316
-0.042321
-0.037104
-0.016669
0.010275
0.030801
0.03112
0.012954
-0.010723
-0.029632
-0.039251
-0.041798
-0.044409
-0.052528
-0.064297
-0.071571
-0.066245
-0.044924
-0.016544
0.004309
0.009816
0.006516
0.010037
0.03223
0.070672
0.104428
0.105223
0.034026
-0.118581
-0.305748
-0.398654
-0.308295
-0.097521
0.128142
0.310834
0.406491
0.401729
0.345033
0.292159
0.292744
0.315536
0.319221
0.316441
0.321979
0.333409
0.341134
0.336456
0.318231
0.284889
0.234828
0.174815
0.116018
0.067376
0.031545
0.004373
-0.016819
-0.027421
-0.027931
-0.021648
-0.010057
0.002671
0.008826
0.003816
-0.005972
-0.002083
0.024228
0.065042
0.106148
0.129975
0.122379
0.093167
0.077202
0.097523
0.14929
0.213098
0.266614
0.28301
0.245655
0.178841
0.128016
0.115572
0.127836
0.133778
0.113858
0.047409
-0.057791
-0.162702
-0.223201
-0.210078
-0.149093
-0.0855
-0.041859
-0.015615
0.014112
0.053615
0.080549
0.083616
0.074235
0.06401
0.05637
0.053275
0.054406
0.054964
0.046306
0.019876
-0.04802
-0.125762
-0.157527
-0.145662
-0.120419
-0.098618
-0.08075
-0.067459
-0.061765
-0.074195
-0.104701
-0.142559
-0.178975
-0.208248
-0.224448
-0.208699
-0.162347
-0.112004
-0.08596
-0.098573
-0.134071
-0.166273
-0.16533
-0.132381
-0.096573
-0.07285
-0.056509
-0.040364
-0.023633
-0.006237
0.01379
0.036977
0.061339
0.086612
0.115553
0.151738
0.193264
0.231444
0.234425
0.195811
0.141715
0.091665
0.051267
0.014111
-0.028943
-0.084372
-0.152358
-0.224428
-0.286177
-0.299104
-0.255134
-0.191117
-0.139681
-0.114864
-0.109088
-0.106696
-0.092906
-0.055114
-0.000409
0.030874
0.014514
-0.033754
-0.084471
-0.113942
-0.117467
-0.111423
-0.11227
-0.123045
-0.136862
-0.148186
-0.149687
-0.13702
-0.114758
-0.098592
-0.100782
-0.131489
-0.182883
-0.224995
-0.223318
-0.182526
-0.131642
-0.09351
-0.072507
-0.063443
-0.061249
-0.064031
-0.071135
-0.078454
-0.063786
-0.022637
0.035092
0.10545
0.185198
0.267885
0.345901
0.414794
0.469112
0.499976
0.515205
0.52579
0.514726
0.474145
0.405341
0.312293
0.211622
0.113154
0.018489
-0.075603
-0.168287
-0.242368
-0.276723
-0.278107
-0.255248
-0.205246
-0.136859
-0.067193
-0.004216
0.050161
0.093314
0.099222
0.054225
-0.009667
-0.054403
-0.072156
-0.071929
-0.063652
-0.067179
-0.094404
-0.139917
-0.187669
-0.219403
-0.247101
-0.275436
-0.280157
-0.264166
-0.253825
-0.258097
-0.263773
-0.256313
-0.241539
-0.235254
-0.252496
-0.290967
-0.343343
-0.407849
-0.463688
-0.421227
-0.277869
-0.140696
-0.077443
-0.056421
-0.022427
0.02843
0.072532
0.093539
0.09011
0.082337
0.107532
0.188964
0.309866
0.439196
0.543419
0.579472
0.450261
0.225884
0.061374
-0.01644
-0.055789
-0.093652
-0.136627
-0.186273
-0.23268
-0.233875
-0.176576
-0.08975
-0.001087
0.064672
0.090466
0.080731
0.061643
0.05751
0.078238
0.115134
0.151439
0.171821
0.15899
0.114239
0.063831
0.027514
0.007879
-0.004899
-0.014947
-0.01343
0.004041
0.031921
0.063884
0.08792
0.086751
0.057673
0.01584
-0.023839
-0.051654
-0.065803
-0.06116
-0.043611
-0.029126
-0.025108
-0.024807
-0.018619
0.002241
0.038321
0.079449
0.116407
0.150503
0.188412
0.23544
0.290465
0.346196
0.392191
0.409351
0.365995
0.271739
0.165911
0.07066
-0.009405
-0.068011
-0.087708
-0.074669
-0.05093
-0.030911
-0.019947
-0.017354
-0.024233
-0.037211
-0.0498
-0.058308
-0.062922
-0.061039
-0.051654
-0.03524
-0.005651
0.034445
0.057494
0.034366
-0.031046
-0.11447
-0.198319
-0.270164
-0.318492
-0.297486
-0.203204
-0.082671
0.0344
0.143526
0.248758
0.343963
0.403384
0.386833
0.307456
0.207478
0.10951
0.01964
-0.056413
-0.110835
-0.115402
-0.068614
-0.003891
0.058705
0.119891
0.184113
0.245712
0.294097
0.308131
0.274809
0.211376
0.142829
0.079733
0.02352
-0.025055
-0.062731
-0.09058
-0.109432
-0.121395
-0.130903
-0.140008
-0.148826
-0.147049
-0.130375
-0.106705
-0.083039
-0.061994
-0.046465
-0.03821
-0.034496
-0.033438
-0.032784
-0.031609
-0.031846
-0.036098
-0.043842
-0.050538
-0.043469
-0.017494
0.01895
0.055538
0.083197
0.092252
0.084372
0.070788
0.059337
0.052487
0.048426
0.04522
0.042903
0.042798
0.045608
0.051654
0.053589
0.045225
0.027649
0.00476
-0.019951
-0.042261
-0.057446
-0.057814
-0.047393
-0.037631
-0.032747
-0.028566
-0.015415
0.011551
0.046323
0.080854
0.111104
0.137802
0.163306
0.190095
0.217303
0.241384
0.240712
0.20092
0.135408
0.065196
0.003132
-0.043943
-0.068481
-0.058048
-0.021083
0.020841
0.05616
0.082178
0.082238
0.048839
-0.005097
-0.067334
-0.131596
-0.191857
-0.238512
-0.243339
-0.203397
-0.148111
-0.097948
-0.057756
-0.02795
-0.009873
0.003166
0.019125
0.040647
0.063413
0.078385
0.070849
0.041933
0.005167
-0.030061
-0.060188
-0.083514
-0.090166
-0.081036
-0.070112
-0.064771
-0.062103
-0.048087
-0.011866
0.040709
0.095907
0.143525
0.165487
0.147616
0.102253
0.052426
0.010499
-0.021354
-0.045424
-0.064892
-0.079646
-0.087435
-0.090282
-0.090233
-0.087236
-0.082677
-0.081208
-0.086504
-0.098187
-0.112108
-0.122038
-0.116184
-0.08675
-0.042014
0.004179
0.045243
0.077713
0.096823
0.106021
0.112047
0.109288
0.094803
0.072421
0.045051
0.007687
-0.037295
-0.075006
-0.086131
-0.072406
-0.050927
-0.030055
-0.011295
0.004886
0.013976
0.016533
0.018074
0.023694
0.033208
0.042255
0.035592
0.009356
-0.026981
-0.06501
-0.100227
-0.128389
-0.143131
-0.127469
-0.085447
-0.038795
0.001686
0.035892
0.062321
0.078157
0.086322
0.092035
0.099264
0.10639
0.11121
0.114434
0.11542
0.110977
0.088256
0.048101
0.004738
-0.034724
-0.071736
-0.109952
-0.149561
-0.186737
-0.209241
-0.198488
-0.157905
-0.107516
-0.062024
-0.029563
-0.024846
-0.052868
-0.09616
-0.135204
-0.16085
-0.162878
-0.144002
-0.119482
-0.097327
-0.078311
-0.060322
-0.043505
-0.027715
-0.012986
0.001522
0.015851
0.030002
0.042693
0.052019
0.053109
0.041619
0.021724
0.004802
-0.00088
0.003275
0.01076
0.018249
0.025685
0.034522
0.045361
0.058612
0.071931
0.078949
0.066653
0.035397
-0.002373
-0.036233
-0.059021
-0.064588
-0.057011
-0.046941
-0.040551
-0.036499
-0.028572
-0.014382
0.003717
0.020514
0.0317
0.036246
0.033215
0.022642
0.009462
-0.000862
-0.008042
-0.013206
-0.017624
-0.021665
-0.02351
-0.020845
-0.011706
0.000955
0.009356
0.002375
-0.019481
-0.04543
-0.068926
-0.087093
-0.101488
-0.114921
-0.128904
-0.142054
-0.149074
-0.145823
-0.135277
-0.122849
-0.112646
-0.106241
-0.102282
-0.097977
-0.091653
-0.08243
-0.070229
-0.053802
-0.035319
-0.018168
-0.002295
0.014851
0.034743
0.056574
0.077051
0.092773
0.096614
0.080022
0.048142
0.013538
-0.017657
-0.044193
-0.06327
-0.072331
-0.075294
-0.07609
-0.076331
-0.076915
-0.078968
-0.083334
-0.091257
-0.102858
-0.117281
-0.132011
-0.141967
-0.132277
-0.101214
-0.061053
-0.020573
0.016528
0.048019
0.066935
0.072455
0.072977
0.074254
0.07598
0.07654
0.076026
0.07536
0.075904
0.078612
0.083584
0.08941
0.094054
0.093672
0.084724
0.069207
0.05242
0.036878
0.022971
0.010777
0.003939
0.003492
0.006265
0.00849
0.007364
-0.003688
-0.025279
-0.049281
-0.06347
-0.058867
-0.039435
-0.015282
0.006014
0.01752
0.014886
0.002724
-0.010103
-0.018514
-0.022326
-0.023825
-0.024267
-0.02549
-0.028217
-0.030528
-0.027295
-0.017348
-0.004844
0.006276
0.014698
0.02092
0.025171
0.024548
0.01905
0.011052
0.000998
-0.011053
-0.023922
-0.035072
-0.043153
-0.048787
-0.052475
-0.050868
-0.043337
-0.032124
-0.018245
-0.002937
0.011214
0.020692
0.018825
0.005758
-0.010311
-0.023806
-0.033723
-0.041862
-0.046525
-0.047727
-0.047434
-0.045317
-0.034988
-0.015224
0.006995
0.026108
0.041142
0.05375
0.065058
0.076282
0.087732
0.09755
0.098178
0.088194
0.074246
0.061759
0.052969
0.048508
0.049213
0.052952
0.056386
0.058236
0.059429
0.061091
0.063479
0.065869
0.067559
0.068235
0.068508
0.069657
0.072827
0.078236
0.085308
0.092562
0.09823
0.097886
0.088432
0.073144
0.057175
0.043227
0.034491
0.033279
0.037206
0.041974
0.044961
0.045527
0.044196
0.042113
0.040655
0.040329
0.040133
0.037658
0.028888
0.01445
-0.000976
-0.014615
-0.026172
-0.036982
-0.048115
-0.059703
-0.070572
-0.077082
-0.075957
-0.056871
-0.048367
-0.042109
-0.039901
-0.041045
-0.042986
-0.041352
-0.034867
-0.026376
-0.018798
-0.013298
-0.006205
0.004384
0.017473
0.032108
0.047045
0.060187
0.070217
0.07783
0.085388
0.093845
0.101351
0.106556
0.10874
0.103523
0.089377
0.07185
0.056951
0.045792
0.036303
0.025881
0.013362
-0.000522
-0.013487
-0.023039
-0.024912
-0.020163
-0.013454
-0.005807
0.00292
0.012556
0.023056
0.033854
0.043163
0.046774
0.043335
0.036535
0.0305
0.026871
0.024952
0.023264
0.020663
0.017318
0.016086
0.019048
0.025735
0.034375
0.042205
0.046527
0.043485
0.031949
0.016935
0.003791
-0.006447
-0.015663
-0.025535
-0.036144
-0.046273
-0.054195
-0.056424
-0.051842
-0.04447
-0.038412
-0.03488
-0.03297
-0.031539
-0.029744
-0.026928
-0.021592
-0.014391
-0.007267
-0.001064
0.003532
0.004712
0.002514
-0.001231
-0.005245
-0.008675
-0.010906
-0.011721
-0.011877
-0.012681
-0.014893
-0.018082
-0.02129
-0.024154
-0.026622
-0.028913
-0.031856
-0.035987
-0.041001
-0.045655
-0.048756
-0.04996
-0.049245
-0.047231
-0.045214
-0.04356
-0.041546
-0.038398
-0.034328
-0.030333
-0.027406
-0.026104
-0.02572
-0.024791
-0.022411
-0.018707
-0.013959
-0.008757
-0.004003
0.000348
0.005071
0.010586
0.016162
0.020504
0.022718
0.021872
0.018866
0.016053
0.0147
0.014877
0.016198
0.017787
0.018999
0.020164
0.021744
0.023644
0.024932
0.024483
0.022194
0.0191
0.016296
0.014468
0.013576
0.013122
0.01276
0.012699
0.013046
0.013984
0.015627
0.017666
0.01931
0.019931
0.019532
0.018769
0.018073
0.017351
0.016355
0.014794
0.012421
0.009558
0.006989
0.005427
0.004832
0.004524
0.003642
0.001873
-0.000327
-0.002012
-0.002556
-0.00208
-0.001423
-0.001398
-0.002201
-0.00321
-0.003551
-0.002742
-0.001138
0.000389
0.001098
0.001038
0.00087
0.001396
0.002903
0.004942
0.006594
0.007246
0.00703
0.00675
0.007162
0.00839
0.009757
0.010371
0.00977
0.008331
0.006954
0.006419
0.006722
0.007145
0.006797
0.005383
0.003395
0.001787
0.001188
0.001461
0.001782
0.001364
0.000059
-0.001449
-0.002231
-0.001798
-0.000535
0.000648
0.000987
0.000514
-0.000022
0.000281
0.001684
0.003601
0.004973
0.00511
0.004228