-0.010465
-0.011894
-0.012855
-0.012662
-0.011762
-0.011061
-0.012184
-0.014251
-0.014057
-0.009907
-0.005556
-0.006379
-0.011811
-0.015197
-0.012062
-0.00589
-0.003507
-0.006688
-0.010696
-0.010606
-0.006246
-0.000841
0.003388
0.006122
0.00618
0.001594
-0.005823
-0.009966
-0.007617
-0.003059
-0.002072
-0.004779
-0.007935
-0.010515
-0.012975
-0.013297
-0.008558
0.000398
0.008624
0.011659
0.008594
0.002124
-0.002974
-0.002965
0.001678
0.006583
0.007143
0.001802
-0.007423
-0.016621
-0.022002
-0.021524
-0.016355
-0.010912
-0.009979
-0.014578
-0.02115
-0.025553
-0.026612
-0.024809
-0.020097
-0.013554
-0.008186
-0.005556
-0.004749
-0.006417
-0.012909
-0.021599
-0.024247
-0.0165
-0.003042
0.009785
0.01917
0.022477
0.016725
0.004413
-0.007058
-0.012155
-0.008808
0.003784
0.02188
0.035296
0.036532
0.029295
0.02188
0.016547
0.011447
0.007725
0.00851
0.013383
0.017503
0.014923
0.004144
-0.005903
-0.000807
0.024035
0.056703
0.081919
0.092394
0.086431
0.065374
0.037674
0.015949
0.004335
-0.003282
-0.011068
-0.014624
-0.009349
0.002484
0.014045
0.017961
0.010416
-0.003309
-0.011355
-0.007863
0.000689
0.005112
0.003911
0.000576
-0.003923
-0.010487
-0.016754
-0.018251
-0.013643
-0.005883
0.002073
0.009785
0.016369
0.018864
0.017204
0.017696
0.025262
0.034289
0.034631
0.025886
0.018078
0.018093
0.024195
0.033317
0.044167
0.051789
0.049582
0.039909
0.033951
0.037518
0.04449
0.047206
0.044771
0.039063
0.031229
0.025099
0.024724
0.027217
0.026817
0.025869
0.030455
0.0365
0.03327
0.02087
0.009237
-0.000463
-0.017803
-0.043201
-0.062383
-0.063359
-0.047621
-0.023979
-0.002303
0.008855
0.007737
0.001777
-0.001317
-0.002055
-0.00525
-0.012682
-0.022448
-0.030199
-0.031342
-0.027508
-0.024975
-0.022063
-0.009167
0.010648
0.018803
0.00749
-0.008391
-0.015124
-0.013861
-0.005561
0.013475
0.033526
0.036716
0.023835
0.01287
0.011012
0.014474
0.025702
0.042735
0.046818
0.028688
0.009217
0.004919
0.001021
-0.015623
-0.026516
-0.013382
0.014515
0.043572
0.068765
0.070998
0.028145
-0.039535
-0.080311
-0.075583
-0.050629
-0.023744
0.00495
0.020901
0.006024
-0.023872
-0.039614
-0.043472
-0.051819
-0.05435
-0.034637
-0.008871
-0.004489
-0.020421
-0.043394
-0.074289
-0.107216
-0.114897
-0.085625
-0.04419
-0.01392
0.007342
0.019314
0.00365
-0.042292
-0.089011
-0.109874
-0.108205
-0.094276
-0.066358
-0.029662
-0.007859
-0.014969
-0.033294
-0.035936
-0.020144
-0.000741
0.019361
0.047388
0.072488
0.067729
0.030876
-0.00546
-0.015727
-0.012031
-0.014201
-0.020844
-0.021622
-0.016177
-0.004147
0.017113
0.036917
0.03934
0.028614
0.023328
0.023836
0.019695
0.014335
0.015844
0.012456
-0.007314
-0.029743
-0.038763
-0.044099
-0.058807
-0.072773
-0.073952
-0.06922
-0.064557
-0.05475
-0.046106
-0.057578
-0.084886
-0.097962
-0.082002
-0.053902
-0.032196
-0.019925
-0.015876
-0.017106
-0.016083
-0.015811
-0.034612
-0.073747
-0.102062
-0.095768
-0.071733
-0.057458
-0.053101
-0.047758
-0.048222
-0.062771
-0.075795
-0.067885
-0.048417
-0.041288
-0.047946
-0.050084
-0.042267
-0.034524
-0.025194
0.000887
0.04002
0.061129
0.04413
0.006645
-0.020816
-0.027702
-0.016995
0.010055
0.043587
0.060723
0.05174
0.037136
0.040557
0.062439
0.08865
0.106654
0.104496
0.075155
0.032182
0.000739
-0.008263
-0.003241
0.006819
0.013818
0.005158
-0.020874
-0.042079
-0.03864
-0.021207
-0.010414
-0.003264
0.013886
0.032229
0.029382
0.004154
-0.021542
-0.032067
-0.02969
-0.02179
-0.013389
-0.01147
-0.021575
-0.039189
-0.05262
-0.054539
-0.044631
-0.023955
0.007129
0.047883
0.095804
0.144257
0.182683
0.205492
0.215681
0.212442
0.183701
0.126922
0.072497
0.061816
0.10332
0.164561
0.207203
0.208046
0.16032
0.081994
0.019858
0.011172
0.04287
0.070433
0.067696
0.035581
-0.022443
-0.096681
-0.156686
-0.173945
-0.158558
-0.144414
-0.149912
-0.174854
-0.218815
-0.277785
-0.336117
-0.383159
-0.421357
-0.448414
-0.451952
-0.430536
-0.394823
-0.347216
-0.293664
-0.263723
-0.276758
-0.285402
-0.213435
-0.050691
0.131783
0.274068
0.371
0.427078
0.425464
0.371237
0.314824
0.302644
0.326399
0.344269
0.338928
0.334536
0.360882
0.413692
0.4562
0.45956
0.424658
0.363592
0.278039
0.176489
0.092245
0.061535
0.086091
0.135558
0.17942
0.202401
0.199485
0.174352
0.142771
0.122097
0.116373
0.115642
0.109525
0.090792
0.045287
-0.040761
-0.15098
-0.228361
-0.223098
-0.140548
-0.032746
0.054969
0.103867
0.110597
0.081729
0.040355
0.010964
0.00086
0.003764
0.010757
0.011802
0.002509
-0.008883
-0.013772
-0.011661
0.005402
0.047042
0.089478
0.084145
0.019886
-0.073953
-0.197803
-0.37748
-0.560035
-0.6077
-0.460389
-0.226929
-0.049362
0.049626
0.128936
0.203439
0.239013
0.224859
0.199296
0.199784
0.229942
0.266986
0.291718
0.301242
0.300776
0.289219
0.262953
0.223855
0.174428
0.115812
0.059566
0.019004
-0.017991
-0.074733
-0.142528
-0.189437
-0.218789
-0.269454
-0.362108
-0.47714
-0.576457
-0.607237
-0.515862
-0.308839
-0.081266
0.063493
0.101974
0.071086
0.010843
-0.040887
-0.050772
-0.028618
-0.021632
-0.047128
-0.069332
-0.058846
-0.030832
-0.009894
0.000538
0.00278
-0.003637
-0.009765
-0.005146
0.002606
-0.002922
-0.027223
-0.065551
-0.112295
-0.159557
-0.198298
-0.224268
-0.235116
-0.230328
-0.222532
-0.226936
-0.224979
-0.167504
-0.043839
0.087713
0.166393
0.201475
0.234596
0.265084
0.248393
0.158329
0.015023
-0.133377
-0.245124
-0.303014
-0.314335
-0.287266
-0.214488
-0.093522
0.043208
0.14773
0.202117
0.220075
0.221728
0.228599
0.262456
0.325152
0.392965
0.440077
0.449995
0.403472
0.291874
0.150491
0.041722
-0.009414
-0.028113
-0.04174
-0.053679
-0.067601
-0.100647
-0.163243
-0.241261
-0.298533
-0.292995
-0.207702
-0.079912
0.022971
0.065737
0.064801
0.04667
0.019112
-0.013593
-0.037998
-0.046989
-0.049853
-0.059903
-0.08257
-0.115154
-0.146388
-0.161111
-0.155196
-0.142903
-0.142898
-0.161482
-0.191004
-0.219131
-0.237608
-0.245595
-0.246634
-0.242645
-0.23544
-0.230682
-0.234993
-0.248595
-0.262464
-0.263243
-0.239301
-0.190316
-0.127855
-0.065376
-0.007147
0.041738
0.069317
0.074571
0.081254
0.111543
0.160282
0.210688
0.261001
0.314081
0.360169
0.388456
0.403217
0.407427
0.384629
0.317676
0.213552
0.097387
-0.007944
-0.086146
-0.132486
-0.159094
-0.183274
-0.206017
-0.210496
-0.18553
-0.142027
-0.10334
-0.08461
-0.088982
-0.114933
-0.156785
-0.195452
-0.203303
-0.171778
-0.128367
-0.111856
-0.138358
-0.199532
-0.273047
-0.319151
-0.288654
-0.173502
-0.029461
0.072618
0.117414
0.130549
0.132048
0.129714
0.147218
0.207015
0.292955
0.359016
0.377055
0.356798
0.32087
0.287614
0.269338
0.269267
0.278976
0.290682
0.304537
0.318281
0.321914
0.310178
0.287393
0.254887
0.209234
0.158689
0.1199
0.094151
0.06254
0.014752
-0.038912
-0.090568
-0.150396
-0.225513
-0.301738
-0.35927
-0.39095
-0.397291
-0.374492
-0.319092
-0.235741
-0.135604
-0.032037
0.059827
0.128788
0.173763
0.198393
0.200954
0.179125
0.141622
0.105088
0.078283
0.060271
0.050632
0.052036
0.062804
0.077071
0.090852
0.103666
0.11279
0.11082
0.089733
0.047601
-0.005507
-0.048937
-0.065531
-0.058787
-0.049545
-0.055437
-0.077585
-0.108054
-0.141045
-0.173652
-0.199363
-0.207881
-0.192696
-0.159192
-0.12155
-0.09087
-0.066631
-0.043114
-0.019989
-0.002769
0.006137
0.010952
0.018021
0.030539
0.045647
0.053248
0.03941
-0.002458
-0.064803
-0.130232
-0.182211
-0.210091
-0.212981
-0.200319
-0.184164
-0.16714
-0.142546
-0.107921
-0.072454
-0.04683
-0.030511
-0.014568
0.006896
0.033092
0.060098
0.083217
0.097384
0.099772
0.092193
0.080674
0.072668
0.073984
0.085556
0.102268
0.115568
0.119086
0.112393
0.100706
0.090791
0.086338
0.084492
0.078527
0.065387
0.05021
0.0405
0.037596
0.035141
0.024812
0.001967
-0.031749
-0.067263
-0.08984
-0.085921
-0.052343
0.000156
0.050158
0.07601
0.068652
0.03656
-0.003634
-0.037415
-0.052482
-0.038598
0.002257
0.049651
0.080415
0.089346
0.086466
0.078976
0.066699
0.05017
0.032892
0.017371
0.007146
0.007729
0.019738
0.034056
0.041297
0.040911
0.038061
0.036913
0.04082
0.052072
0.067919
0.081522
0.089344
0.092633
0.092114
0.086353
0.076093
0.06444
0.05316
0.042234
0.033529
0.03195
0.04203
0.063977
0.091312
0.113707
0.124217
0.124489
0.12044
0.116535
0.115875
0.121451
0.131643
0.138585
0.135921
0.125632
0.113053
0.099673
0.085224
0.072034
0.061561
0.050611
0.035821
0.018924
0.003906
-0.008419
-0.020102
-0.032786
-0.046671
-0.061221
-0.075284
-0.087707
-0.096867
-0.100551
-0.098834
-0.097155
-0.100269
-0.103363
-0.096113
-0.077594
-0.059136
-0.049772
-0.047359
-0.046646
-0.046176
-0.04206
-0.025805
0.004472
0.038863
0.068176
0.092919
0.113894
0.123183
0.113562
0.089886
0.062524
0.033652
0.000574
-0.031616
-0.050468
-0.050215
-0.037712
-0.024475
-0.017272
-0.017374
-0.024199
-0.036201
-0.050603
-0.065149
-0.079949
-0.095954
-0.112471
-0.126748
-0.136367
-0.141934
-0.147147
-0.15581
-0.169197
-0.185847
-0.20279
-0.214645
-0.214424
-0.199587
-0.177598
-0.159115
-0.146292
-0.132335
-0.11295
-0.091589
-0.073027
-0.057724
-0.045339
-0.037725
-0.03579
-0.036971
-0.037991
-0.036333
-0.02944
-0.015777
0.002432
0.020779
0.036624
0.049772
0.059954
0.066641
0.071304
0.07783
0.088444
0.100281
0.107211
0.105192
0.093897
0.074114
0.047037
0.017342
-0.00697
-0.021828
-0.031
-0.039991
-0.049279
-0.057089
-0.065254
-0.077551
-0.093676
-0.108189
-0.115396
-0.113885
-0.107341
-0.101629
-0.09999
-0.100821
-0.100469
-0.096522
-0.087428
-0.072203
-0.052912
-0.034833
-0.021565
-0.012205
-0.00403
0.004171
0.012547
0.02103
0.028482
0.032749
0.033371
0.033446
0.037659
0.048165
0.06198
0.072536
0.074581
0.068061
0.057082
0.046702
0.04127
0.042985
0.049076
0.052574
0.048181
0.037235
0.025436
0.017502
0.014197
0.012998
0.009973
0.002979
-0.005676
-0.011182
-0.012067
-0.012516
-0.017521
-0.027504
-0.03876
-0.047726
-0.052979
-0.05418
-0.051359
-0.046136
-0.041277
-0.037543
-0.032044
-0.021442
-0.006053
0.010365
0.023847
0.032029
0.033917
0.030564
0.025597
0.023247
0.025346
0.030813
0.037076
0.040995
0.040044
0.034339
0.026785
0.020165
0.015086
0.010948
0.007614
0.005717
0.005952
0.008222
0.011463
0.015067
0.020268
0.028116
0.035645
0.037334
0.031199
0.020622
0.009292
-0.001638
-0.010874
-0.015787
-0.01558
-0.012397
-0.00801
-0.002523
0.003108
0.006612
0.007324
0.006752
0.005733
0.003822
0.001328
-0.000486
-0.001391
-0.002572
-0.005321
-0.010296
-0.01716
-0.024066
-0.028689
-0.030411
-0.030707
-0.030927
-0.030803
-0.028594
-0.022042
-0.010163
0.004494
0.016666
0.02223
0.020771
0.014507
0.007922
0.007334
0.016809
0.032878
0.047398
0.055362
0.057675
0.05708
0.056074
0.058261
0.066284
0.077262
0.084458
0.085204
0.082952
0.08164
0.081497
0.081107
0.079763
0.076932
0.072182
0.066851
0.063584
0.06334
0.064682
0.065767
0.065041
0.060367
0.050946
0.04029
0.03446
0.035431
0.03862
0.038036
0.032379
0.024858
0.018753
0.014607
0.010924
0.005996
-0.001302
-0.010888
-0.020443
-0.026263
-0.026824
-0.02538
-0.026843
-0.032197
-0.037537
-0.039084
-0.036399
-0.030436
-0.021784
-0.012148
-0.00508
-0.003186
-0.006083
-0.011417
-0.01694
-0.020798
-0.021807
-0.020646
-0.01971
-0.020525
-0.021769
-0.021155
-0.018925
-0.018279
-0.021279
-0.026055
-0.029706
-0.03249
-0.036192
-0.040246
-0.042805
-0.04426
-0.045907
-0.046602
-0.044191
-0.038932
-0.032548
-0.026041
-0.021466
-0.022546
-0.028878
-0.033509
-0.031492
-0.02786
-0.030643
-0.039692
-0.048164
-0.052807
-0.055784
-0.058033
-0.057246
-0.052896
-0.047474
-0.041645
-0.033014
-0.021856
-0.013478
-0.01236
-0.016456
-0.020012
-0.018839
-0.011081
0.003273
0.019228
0.027192
0.022347
0.012179
0.009855
0.0197
0.033442
0.039982
0.03444
0.018112
-0.003562
-0.020445
-0.021899
-0.006229
0.01432
0.024403
0.02048
0.011387
0.004787
0.001901
0.004237
0.015227
0.030577
0.03718
0.027754
0.010168
-0.003734
-0.010172
-0.010168
-0.003424
0.00737
0.014637
0.014997
0.014443
0.019343
0.028878
0.039418
0.048674
0.052124
0.044485
0.028879
0.0165
0.013545
0.015896
0.019558
0.026785
0.036838
0.040256
0.030291
0.014007
0.003979
0.00388
0.008186
0.012259
0.015719
0.018208
0.018149
0.01627
0.016027
0.019469
0.024844
0.028628
0.028355
0.023793
0.016326
0.007738
-0.000449
-0.00646
-0.007711
-0.002283
0.008367
0.018654
0.023038
0.021383
0.019436
0.022696
0.030802
0.039267
0.045504
0.050468
0.054836
0.057241
0.056781
0.054815
0.05323
0.052907
0.054123
0.056441
0.057581
0.054664
0.047377
0.038716
0.032011
0.028605
0.027477
0.02563
0.019602
0.009145
-0.001453
-0.007754
-0.010193
-0.01251
-0.01672
-0.022252
-0.028803
-0.036021
-0.041117
-0.040749
-0.035963
-0.031298
-0.029195
-0.028153
-0.026044
-0.02153
-0.012987
-0.000706
0.010129
0.013106
0.007569
-0.00243
-0.013736
-0.022987
-0.023086
-0.009816
0.008962
0.019824
0.018673
0.011626
0.003637
-0.00432
-0.009409
-0.008441
-0.005326
-0.007051
-0.013069
-0.016192
-0.014119
-0.010895
-0.009526
-0.00992
-0.013248
-0.020783
-0.029703
-0.034704
-0.03351
-0.028057
-0.022056
-0.019753
-0.024359
-0.035018
-0.046715
-0.055115
-0.059712
-0.062026
-0.063109
-0.06361
-0.064251
-0.065232
-0.065857
-0.065344
-0.064041
-0.063986
-0.067415
-0.07421
-0.081234
-0.084966
-0.084084
-0.079673
-0.074066
-0.069485
-0.066735
-0.064124
-0.05871
-0.049208
-0.037811
-0.02849
-0.024038
-0.023925
-0.024757
-0.023574
-0.020643
-0.018121
-0.016975
-0.017101
-0.01931
-0.024267
-0.029143
-0.028625
-0.020719
-0.009442
-0.000131
0.006172
0.012082
0.018476
0.022194
0.019741
0.011932
0.003593
-0.00096
-0.000752
0.003406
0.010527
0.018471
0.023947
0.025124
0.022414
0.016031
0.005789
-0.005922
-0.014182
-0.016846
-0.017288
-0.020257
-0.026799
-0.033977
-0.037515
-0.033946
-0.022605
-0.006293
0.011001
0.025826
0.034156
0.032188
0.021218
0.007985
-0.002142
-0.009033
-0.013092
-0.011954
-0.004621
0.006176
0.018372
0.032437
0.045804
0.052019
0.048849
0.042357
0.039013
0.039235
0.041064
0.045067
0.051942
0.058991
0.062206
0.060566
0.056733
0.053969
0.053261
0.053625
0.05431
0.054153
0.04944
0.037021
0.020508
0.008018
0.003151
0.004019
0.010591
0.022811
0.031974
0.026805
0.011207
0.001751
0.004802
0.008719
0.002768
-0.00933
-0.018931
-0.02406
-0.02654
-0.025804
-0.020631
-0.012432
-0.004672
-0.000173
0.001844
0.006084
0.015455
0.026243
0.032995
0.035568
0.03592
0.031908
0.021124
0.00803
0.001043
0.003891
0.013961
0.025648
0.032828
0.031903
0.025188
0.017942
0.012668
0.00984
0.011353
0.017433
0.023105
0.022793
0.01652
0.007513
-0.002664
-0.012867
-0.019631
-0.019975
-0.014876
-0.007683
-0.00189
-0.000669
-0.004969
-0.011532
-0.016277
-0.019187
-0.022773
-0.027257
-0.031248
-0.035713
-0.042406
-0.048878
-0.050099
-0.045237
-0.038792
-0.034204
-0.030705
-0.027264
-0.025709
-0.027716
-0.032036
-0.03634
-0.039618
-0.040577
-0.036332
-0.026031
-0.014354
-0.007706
-0.007415
-0.010033
-0.01272
-0.014898
-0.01589
-0.015615
-0.016402
-0.019769
-0.022352
-0.019763
-0.012931
-0.006109
-0.000166
0.006672
0.014087
0.020444
0.025531
0.027624
0.02284
0.011228
-0.00143
-0.011056
-0.018124
-0.021318
-0.016074
-0.002949
0.010255
0.01808
0.022018
0.023967
0.023136
0.020383
0.018073
0.014882
0.007293
-0.004013
-0.013726
-0.017528
-0.013935
-0.004232
0.006533
0.011377
0.008144
0.000809
-0.005609
-0.007853
-0.002916
0.009127
0.021413
0.025582
0.022612
0.021382
0.026768
0.03423
0.03736
0.034453
0.02711
0.016881
0.005634
-0.003586
-0.008299
-0.00843
-0.00589
-0.002752
0.00034
0.004059
0.008722
0.013137
0.016019
0.017269
0.01714
0.01517
0.011441
0.007129
0.002551
-0.003543
-0.010843
-0.015547
-0.014451
-0.009323
-0.004797
-0.002595
-0.000915
0.001794
0.004537
0.005751
0.005999
0.007792
0.012258
0.017317
0.020143
0.020173
0.018123
0.01273
0.003133
-0.005756
-0.00481
0.008534
0.026012
0.036225
0.034934
0.025006
0.010661
-0.00431
-0.013235
-0.009346
0.005278
0.017956
0.017443
0.006159
-0.003307
-0.002154
0.007624
0.01902
0.027306
0.03162
0.033234
0.033948
0.033363
0.029161
0.021071
0.013059
0.007905
0.003556
-0.003547
-0.012643
-0.019381
-0.020483
-0.016049
-0.007572
0.00348
0.015193
0.025335
0.032577
0.036054
0.034498
0.027185
0.016858
0.010339
0.01357
0.025161
0.037541
0.044644
0.045819
0.042173
0.033665
0.02142
0.009561
0.001328
-0.004362
-0.009803
-0.014091
-0.014651
-0.01185
-0.009661
-0.012131
-0.019698
-0.028679
-0.033886
-0.03264
-0.026186
-0.016892
-0.006236
0.003223
0.007169
0.004283
-0.001259
-0.00439
-0.004562
-0.004347
-0.005451
-0.008365
-0.013454
-0.01977
-0.024632
-0.026401
-0.025609
-0.022406
-0.015394
-0.004449
0.007784
0.018134
0.024544
0.025392
0.020651
0.01358
0.008589
0.007141
0.008159
0.011338
0.017098
0.022581
0.022041
0.012928
-0.000492
-0.011761
-0.018029
-0.020475
-0.020979
-0.020549
-0.019733
-0.01856
-0.01643
-0.013533
-0.011692
-0.012524
-0.015745
-0.019779
-0.022604
-0.021774
-0.015133
-0.003674
0.007572
0.01244
0.008468
-0.001762
-0.011472
-0.013715
-0.00722
0.001195
0.003241
-0.002331
-0.009639
-0.013253
-0.012286
-0.007453
0.001139
0.011418
0.018663
0.019753
0.01615
0.01164
0.009272
0.010724
0.015482
0.019615
0.018437
0.011716
0.004149
-0.000026
-0.000316
0.001642
0.00394
0.004565
0.002709
-0.000046
-0.001627
-0.00184
-0.001638
-0.002058
-0.004718
-0.010642
-0.017875
-0.023825
-0.029306
-0.035102
-0.036614
-0.029977
-0.021462
-0.021044
-0.027528
-0.030007
-0.024103
-0.016494
-0.01266
-0.010044
-0.006301
-0.004083
-0.004763
-0.004745
-0.002277
-0.002331
-0.010871
-0.026
-0.0383
-0.040067
-0.032143
-0.02109
-0.012197
-0.007082
-0.005862
-0.007809
-0.010616
-0.012404
-0.014184
-0.017699
-0.022051
-0.025653
-0.029259
-0.033414
-0.035209
-0.032452
-0.028792
-0.030205
-0.037525
-0.046402
-0.053198
-0.057288
-0.058683
-0.057191
-0.053307
-0.047568
-0.040104
-0.032446
-0.02797
-0.028884
-0.033816
-0.039558
-0.043969
-0.046201
-0.045533
-0.041499
-0.034279
-0.024573
-0.014423
-0.007157
-0.004375
-0.003715
-0.001986
0.000903
0.003114
0.004397
0.005625
0.006452
0.006275
0.006796
0.009757
0.013085
0.012538
0.007721
0.002633
0.000583
0.001122
0.002777
0.00579
0.010217
0.013541
0.013009
0.010243
0.010114
0.014939
0.021426
0.024721
0.023418
0.019598
0.015485
0.012286
0.010984
0.011991
0.013877
0.014222
0.012038
0.00883
0.00705
0.00812
0.011522
0.015647
0.019435
0.023408
0.028685
0.035369
0.042309
0.048135
0.051139
0.049303
0.042205
0.033082
0.026422
0.024032
0.02438
0.025019
0.02369
0.018899
0.011817
0.006592
0.00629
0.009718
0.014065
0.018513
0.022933
0.025607
0.024895
0.021523
0.017093
0.011799
0.004761
-0.003975
-0.012143
-0.015056
-0.008806
0.00443
0.01603
0.019172
0.015434
0.010944
0.009096
0.009849
0.012542
0.015553
0.015813
0.01204
0.006659
0.002915
0.002359
0.00565
0.011489
0.014258
0.007716
-0.006472
-0.018352
-0.019942
-0.012803
-0.004007
0.001015
0.000565
-0.004662
-0.011678
-0.015653
-0.012566
-0.002809
0.00804
0.01301
0.00962
0.001858
-0.004734
-0.008425
-0.010762
-0.012853
-0.014974
-0.017717
-0.02011
-0.017965
-0.007778
0.007788
0.021357
0.026983
0.023624
0.014026
0.003798
-0.000266
0.005439
0.017345
0.028302
0.034787
0.038438
0.040698
0.040633
0.038449
0.036872
0.036864
0.03618
0.034293
0.034656
0.038538
0.040989
0.037023
0.028667
0.02142
0.017271
0.014867
0.013754
0.01405
0.014413
0.013703
0.013102
0.013948
0.015317
0.015515
0.013793
0.009633
0.003243
-0.002378
-0.003089
0.002007
0.0103
0.019282
0.026608
0.028571
0.023078
0.013834
0.006867
0.004203
0.004174
0.006232
0.010553
0.014549
0.014771
0.011633
0.00835
0.006116
0.003767
0.000773
-0.001898
-0.003162
-0.002582
-0.000993
-0.000096
-0.000171
0.001054
0.005318
0.011246
0.016366
0.019131
0.017387
0.009041
-0.002594
-0.008917
-0.005357
0.003243
0.009749
0.012277
0.011937
0.008352
0.00149
-0.005838
-0.011028
-0.014889
-0.019304
-0.023766
-0.026366
-0.026512
-0.024958
-0.022362
-0.019102
-0.015781
-0.013288
-0.012405
-0.013418
-0.015405
-0.016281
-0.013665
-0.006952
0.001495
0.007859
0.010721
0.011967
0.013554
0.014864
0.014499
0.01276
0.010565
0.007239
0.001486
-0.006138
-0.013313
-0.018033
-0.019751
-0.019134
-0.017373
-0.015491
-0.014372
-0.01575
-0.02155
-0.030698
-0.037834
-0.037965
-0.031618
-0.023326
-0.016001
-0.009929
-0.005762
-0.004553
-0.005119
-0.005178
-0.004982
-0.006638
-0.009992
-0.012392
-0.012521
-0.011725
-0.012028
-0.014924
-0.020972
-0.028178
-0.032413
-0.031189
-0.025739
-0.018677
-0.012114
-0.007794
-0.006009
-0.004354
-0.00132
0.000137
-0.003247
-0.009114
-0.013646
-0.018666
-0.027899
-0.038533
-0.044007
-0.042501
-0.035799
-0.023376
-0.005909
0.007983
0.009167
0.000407
-0.007202
-0.010036
-0.01354
-0.02052
-0.026916
-0.02939
-0.028135
-0.022547
-0.011545
0.000455
0.005181
-0.000312
-0.01068
-0.019799
-0.025514
-0.027868
-0.026644
-0.022096
-0.015667
-0.009973
-0.007186
-0.006633
-0.005103
-0.000855
0.004477
0.008903
0.010998
0.006669
-0.007775
-0.025108
-0.029207
-0.013733
0.008206
0.019557
0.016284
0.004905
-0.008155
-0.016698
-0.013947
-0.000092
0.014156
0.019147
0.015616
0.00965
0.004622
0.002179
0.004351
0.010649
0.016403
0.016876
0.010965
0.000805
-0.009279
-0.014069
-0.011247
-0.003658
0.00458
0.012079
0.018568
0.022362
0.02222
0.019062
0.014013
0.006978
-0.001124
-0.007205
-0.009034
-0.007763
-0.005822
-0.004431
-0.004191
-0.005708
-0.007856
-0.008037
-0.006164
-0.006056
-0.010309
-0.015229
-0.014448
-0.006549
0.004172
0.014138
0.022553
0.027202
0.024169
0.014309
0.005251
0.003066
0.005269
0.004903
-0.000323
-0.006364
-0.008337
-0.004914
0.002069
0.009338
0.013876
0.014524
0.012291
0.008922
0.00572
0.00337
0.001973
0.001047
-0.000085
-0.001736
-0.003726
-0.005586
-0.006901
-0.007752
-0.008715
-0.010261
-0.012636
-0.01634
-0.021713
-0.027445
-0.030863
-0.030561
-0.027799
-0.024426
-0.02111
-0.018212
-0.016538
-0.0164
-0.017433
-0.01944
-0.02138
-0.020512
-0.015951
-0.012082
-0.013932
-0.01893
-0.018643
-0.009551
0.002358
0.009752
0.011471
0.009892
0.00586
0.000257
-0.00268
0.001888
0.013693
0.027029
0.036229
0.03955
0.037694
0.031782
0.023847
0.01733
0.014335
0.01285
0.00936
0.004124
0.001406
0.003846
0.009898
0.01672
0.022941
0.027215
0.027555
0.023582
0.017894
0.013602
0.012604
0.015852
0.022842
0.029604
0.030743
0.024864
0.01644
0.010493
0.007818
0.006646
0.006675
0.008659
0.011557
0.013001
0.012428
0.011339
0.010592
0.009845
0.009374
0.009757
0.010127
0.009329
0.008093
0.00736
0.005958
0.002666
-0.000337
-0.000076
0.002235
0.003379
0.004173
0.007745
0.012363
0.012492
0.00626
-0.002085
-0.007888
-0.009977
-0.008641
-0.003649
0.003907
0.011226
0.016615
0.02008
0.021485
0.020606
0.018563
0.0167
0.01473
0.01172
0.007991
0.004139
-0.000203
-0.004814
-0.008236
-0.01043
-0.013297
-0.016821
-0.018296
-0.016609
-0.013513
-0.00938
-0.00287
0.003772
0.005274
0.001218
-0.002661
-0.00333
-0.00381
-0.006645
-0.009595
-0.010168
-0.009077
-0.007751
-0.005968
-0.003372
0.00002
0.005101
0.012403
0.019793
0.023896
0.023301
0.018958
0.013311
0.009851
0.011307
0.017094
0.023989
0.028438
0.027359
0.019333
0.007247
-0.00282
-0.007288
-0.007165
-0.004028
0.001944
0.007307
0.005994
-0.001679
-0.00614
-0.000876
0.008513
0.011972
0.007646
0.001528
-0.002135
-0.003892
-0.003863
0.000162
0.007436
0.012032
0.008748
-0.000495
-0.009016
-0.012788
-0.012972
-0.011755
-0.009762
-0.007651
-0.00684
-0.007549
-0.008539
-0.009224
-0.010071
-0.011438
-0.013456
-0.016301
-0.019263
-0.021378
-0.023114
-0.024516
-0.021682
-0.009918
0.007923
0.021602
0.024228
0.019109
0.013654
0.011623
0.013097
0.017939
0.025634
0.033378
0.036742
0.032881
0.023312
0.013254
0.007543
0.006778
0.008229
0.009795
0.011397
0.012851
0.012877
0.01065
0.006924
0.003118
0.000437
-0.000293
0.00111
0.003501
0.004858
0.003816
0.000897
-0.00162
-0.000949
0.004703
0.015129
0.027214
0.034964
0.03282
0.020852
0.005735
-0.00459
-0.006943
-0.00371
0.001369
0.006415
0.010599
0.012259
0.010145
0.005631
0.001409
-0.001686
-0.004279
-0.005082
-0.001484
0.005788
0.011745
0.012091
0.006681
-0.002112
-0.010693
-0.014431
-0.010982
-0.004419
-0.002051
-0.007105
-0.016625
-0.024973
-0.026912
-0.019581
-0.005953
0.005275
0.006321
-0.002454
-0.014322
-0.023358
-0.027626
-0.026214
-0.017979
-0.004582
0.007417
0.010873
0.004685
-0.005262
-0.012688
-0.016011
-0.017366
-0.019041
-0.021865
-0.024143
-0.022387
-0.01519
-0.006312
-0.001004
-0.000484
-0.002555
-0.006037
-0.010919
-0.015982
-0.019859
-0.02332
-0.027257
-0.030175
-0.030349
-0.028794
-0.027286
-0.025811
-0.023791
-0.021981
-0.021152
-0.020837
-0.020356
-0.019647
-0.018
-0.013716
-0.005918
0.003846
0.012556
0.017962
0.020384
0.022159
0.024455
0.025573
0.023798
0.020589
0.017563
0.012216
0.000406
-0.016371
-0.030769
-0.037267
-0.037181
-0.034853
-0.032618
-0.030921
-0.030328
-0.031169
-0.032711
-0.03411
-0.035096
-0.035137
-0.033198
-0.029048
-0.024195
-0.020841
-0.020157
-0.021345
-0.022648
-0.023369
-0.024266
-0.025549
-0.025922
-0.024281
-0.020527
-0.014119
-0.004354
0.005977
0.010734
0.006238
-0.004847
-0.017506
-0.028689
-0.035824
-0.034957
-0.024443
-0.009208
0.002201
0.004672
-0.000112
-0.006978
-0.012201
-0.014591
-0.014271
-0.012625
-0.011996
-0.0124
-0.010106
-0.003186
0.003986
0.005648
0.002065
-0.003203
-0.008552
-0.012734
-0.013458
-0.012217
-0.014073
-0.020401
-0.028168
-0.035858
-0.041657
-0.03475
-0.006897
0.028228
0.042684
0.029626
0.008284
-0.003456
-0.006083
-0.004039
0.003028
0.011127
0.01042
0.000016
-0.00953
-0.012714
-0.013017
-0.009739
0.003047
0.021782
0.03317
0.031159
0.021986
0.012231
0.004111
0.001874
0.009167
0.01984
0.022981
0.017818
0.013346
0.014824
0.019926
0.026018
0.031698
0.033988
0.030676
0.023549
0.015259
0.007409
0.0025
0.002627
0.005931
0.009148
0.010846
0.007079
-0.005871
-0.019484
-0.015977
0.006376
0.028257
0.035768
0.0355
0.032539
0.01777
-0.008681
-0.023557
-0.011553
0.010111
0.016686
0.008031
-0.002237
-0.011595
-0.024127
-0.032962
-0.026675
-0.008029
0.00746
0.009645
0.001676
-0.007446
-0.01155
-0.010129
-0.005807
-0.000224
0.006288
0.010478
0.007524
-0.001179
-0.006725
-0.003782
0.003075
0.007156
0.008202
0.008947
0.009209
0.007803
0.006101
0.00564
0.005642
0.005495
0.005813
0.005326
0.001421
-0.004669
-0.00788
-0.006145
-0.002861
-0.001483
-0.001642
-0.001778
-0.001715
-0.001453
-0.000115
0.002633
0.005745
0.007786
0.007857
0.005869
0.003094
0.001984
0.004504
0.010486
0.018153
0.025446
0.030146
0.029685
0.023126
0.013491
0.005558
0.00061
-0.004304
-0.010227
-0.012615
-0.007152
0.003433
0.012317
0.016447
0.016952
0.014765
0.010556
0.007306
0.007874
0.011164
0.013997
0.015626
0.017673
0.021398
0.027282
0.0355
0.04397
0.047696
0.042397
0.028963
0.013706
0.004845
0.006957
0.016786
0.025683
0.027749
0.023862
0.017605
0.010896
0.005249
0.003358
0.006239
0.011162
0.015132
0.018156
0.021399
0.024952
0.02885
0.033476
0.037279
0.037028
0.031789
0.024637
0.018767
0.014407
0.010411
0.006939
0.004937
0.004747
0.006252
0.0094
0.013072
0.014301
0.010538
0.003488
-0.001384
-0.00044
0.004503
0.009125
0.010859
0.009051
0.004228
-0.00013
0.001869
0.011804
0.023145
0.028282
0.027153
0.024766
0.023714
0.023204
0.022945
0.023301
0.023074
0.020573
0.016323
0.012442
0.009977
0.00815
0.00503
-0.001366
-0.010234
-0.016672
-0.015783
-0.008444
0.000017
0.005883
0.009429
0.011906
0.013792
0.015841
0.019299
0.023575
0.02476
0.017873
0.002205
-0.015257
-0.023399
-0.016508
-0.000135
0.013975
0.018606
0.015389
0.010102
0.006644
0.005758
0.007261
0.010789
0.013888
0.012485
0.005847
-0.000667
-0.001186
0.004349
0.011781
0.018328
0.021398
0.015995
0.000228
-0.018012
-0.027702
-0.026508
-0.020248
-0.013251
-0.006118
-0.001134
-0.002397
-0.009708
-0.017477
-0.021151
-0.021303
-0.020838
-0.021395
-0.023509
-0.027731
-0.033576
-0.037512
-0.034677
-0.024223
-0.011876
-0.004557
-0.003944
-0.006821
-0.009839
-0.0112
-0.009809
-0.005905
-0.001748
0.000438
0.000273
-0.002219
-0.00766
-0.015235
-0.021595
-0.023951
-0.023016
-0.021672
-0.021665
-0.022691
-0.023545
-0.023436
-0.022518
-0.021511
-0.020616
-0.019344
-0.017622
-0.016353
-0.016472
-0.018021
-0.020432
-0.022778
-0.023789
-0.022578
-0.019736
-0.01684
-0.014794
-0.013152
-0.011225
-0.009256
-0.008081
-0.007907
-0.008292
-0.00967
-0.013609
-0.020579
-0.02768
-0.030512
-0.027474
-0.021337
-0.015894
-0.012765
-0.011331
-0.010357
-0.008685
-0.005686
-0.001694
0.002205
0.00513
0.006603
0.006264
0.00425
0.00177
-0.000122
-0.002043
-0.005366
-0.009758
-0.013472
-0.015902
-0.018072
-0.020464
-0.022793
-0.025771
-0.030508
-0.035515
-0.03726
-0.033939
-0.026653
-0.017019
-0.007869
-0.00468
-0.011507
-0.023877
-0.031861
-0.03037
-0.023209
-0.015913
-0.010614
-0.00787
-0.00853
-0.011636
-0.014509
-0.015613
-0.014786
-0.01156
-0.006399
-0.00217
-0.00154
-0.004607
-0.010722
-0.019114
-0.025603
-0.023838
-0.013246
-0.001297
0.005309
0.006757
0.005273
0.000492
-0.007196
-0.014154
-0.017695
-0.018984
-0.019803
-0.019949
-0.01911
-0.017618
-0.015034
-0.011052
-0.007487
-0.005606
-0.003351
0.001602
0.007329
0.010037
0.009241
0.007682
0.007013
0.006766
0.006495
0.006513
0.006777
0.006974
0.007296
0.008112
0.008992
0.008977
0.007705
0.005906
0.004474
0.00338
0.001707
-0.001115
-0.004394
-0.006799
-0.007498
-0.006466
-0.004041
-0.000906
0.002027
0.004144
0.005601
0.007031
0.009026
0.011933
0.015779
0.019874
0.022585
0.022292
0.018979
0.014723
0.012221
0.012531
0.014251
0.015129
0.01432
0.012657
0.011116
0.009861
0.008833
0.008194
0.007559
0.005792
0.002882
0.001076
0.002666
0.007581
0.014462
0.022082
0.027698
0.026794
0.017825
0.006193
-0.000262
0.001153
0.006911
0.012815
0.016586
0.016875
0.013058
0.006675
0.000475
-0.003389
-0.004001
-0.001566
0.00224
0.005292
0.006838
0.007825
0.009247
0.011277
0.013298
0.014031
0.012287
0.008805
0.006052
0.005557
0.006535
0.007736
0.008741
0.009171
0.008256
0.00604
0.00369
0.002287
0.002073
0.002831
0.004014
0.004868
0.004914
0.004089
0.002243
-0.000638
-0.003734
-0.005906
-0.006869
-0.006886
-0.005687
-0.002978
0.000372
0.003069
0.004847
0.005959
0.005963
0.004465
0.002726
0.002903
0.005691
0.009567
0.012641
0.014357
0.015297
0.016008
0.016611
0.017292
0.018365
0.019281
0.018204
0.014144
0.009371
0.007714
0.010066
0.013435
0.014705
0.013267
0.009604
0.004006
-0.001799
-0.00419
-0.00091
0.006426
0.014297
0.020117
0.022715
0.022086
0.019638
0.017535
0.016934
0.017393
0.017656
0.016475
0.013568
0.010651
0.01039
0.013031
0.015566
0.015105
0.011957
0.008586
0.007141
0.008573
0.01285
0.018919
0.024477
0.026708
0.023781
0.016614
0.00891
0.00494
0.00631
0.011067
0.015492
0.016907
0.015461
0.013656
0.013278
0.013483
0.012677
0.011117
0.009888
0.008671
0.006702
0.00501
0.005461
0.008272
0.012232
0.016303
0.019373
0.019825
0.017148
0.01311
0.009969
0.008471
0.00821
0.008669
0.00905
0.008381
0.006573
0.004455
0.002373
-0.000257
-0.003884
-0.007885
-0.010881
-0.011616
-0.010029
-0.007409
-0.005072
-0.003037
-0.000913
0.00066
0.000895
0.000741
0.001855
0.003815
0.004581
0.003644
0.002679
0.002965
0.004112
0.005404
0.006753
0.008155
0.00929
0.009876
0.009904
0.009636
0.009449
0.009393
0.009023
0.008051
0.006703
0.005281
0.004142
0.004121
0.005753
0.008066
0.009248
0.008331
0.005362
0.001001
-0.002965
-0.004435
-0.003235
-0.000951
0.001646
0.004564
0.00572
0.002467
-0.00378
-0.007926
-0.008064
-0.007173
-0.00806
-0.009954
-0.011249
-0.011723
-0.011429
-0.009876
-0.007294
-0.005068
-0.004293
-0.005066
-0.006942
-0.009156
-0.010736
-0.011178
-0.010832
-0.010463
-0.010862
-0.012676
-0.016109
-0.020622
-0.025213
-0.028917
-0.031427
-0.033279
-0.03526
-0.037439
-0.039283
-0.040383
-0.040682
-0.039995
-0.038093
-0.034959
-0.030809
-0.025893
-0.021006
-0.017505
-0.016436
-0.017834
-0.021003
-0.024538
-0.026483
-0.025769
-0.023523
-0.022108
-0.022936
-0.025761
-0.029566
-0.03327
-0.03593
-0.037219
-0.037658
-0.037967
-0.038604
-0.039924
-0.041756
-0.042873
-0.042126
-0.040028
-0.037739
-0.034936
-0.030682
-0.026083
-0.023699
-0.024251
-0.026365
-0.029315
-0.033468
-0.037853
-0.039971
-0.038472
-0.034373
-0.029317
-0.024878
-0.02297
-0.024623
-0.028002
-0.030224
-0.030929
-0.032369
-0.035837
-0.040123
-0.04289
-0.041766
-0.034715
-0.022066
-0.008626
-0.000914
-0.001543
-0.00741
-0.014196
-0.020001
-0.024235
-0.025541
-0.02317
-0.018864
-0.015341
-0.013475
-0.012271
-0.010935
-0.009424
-0.007612
-0.005417
-0.003489
-0.002544
-0.002279
-0.00189
-0.001352
-0.00117
-0.001286
-0.001047
-0.000115
0.001387
0.003338
0.005526
0.007162
0.007299
0.005843
0.003902
0.002988
0.003997
0.006674
0.010006
0.013011
0.015225
0.016561
0.017219
0.01772
0.018617
0.019901
0.021024
0.021626
0.021834
0.021805
0.021558
0.021327
0.021406
0.021547
0.021116
0.019774
0.017624
0.014983
0.012764
0.012447
0.014786
0.018454
0.020974
0.020803
0.018405
0.015217
0.012378
0.010212
0.008575
0.00743
0.007024
0.007433
0.008204
0.009259
0.011741
0.017121
0.025164
0.033158
0.037527
0.036429
0.031231
0.025279
0.021531
0.020994
0.022978
0.02604
0.028398
0.028288
0.025168
0.020388
0.015724
0.011598
0.007552
0.004153
0.003134
0.005265
0.009116
0.012658
0.015121
0.016717
0.017374
0.01684
0.015491
0.014207
0.013556
0.01354
0.013781
0.013606
0.012518
0.010867
0.009743
0.010117
0.012349
0.015949
0.019278
0.020188
0.018111
0.014998
0.013145
0.012945
0.013351
0.013541
0.013293
0.012785
0.012619
0.01321
0.014166
0.01505
0.015635
0.014411
0.008989
0.000371
-0.006065
-0.006875
-0.005513
-0.007093
-0.011014
-0.01293
-0.011778
-0.010125
-0.009315
-0.008579
-0.007842
-0.00762
-0.00694
-0.004369
-0.000517
0.002796
0.005094
0.007001
0.008388
0.008354
0.006627
0.003674
0.000036
-0.003994
-0.008099
-0.011865
-0.014696
-0.015854
-0.014918
-0.012357
-0.009362
-0.00687
-0.005064
-0.003712
-0.00255
-0.001204
0.000676
0.002701
0.003627
0.002694
0.001009
0.000594
0.002152
0.004463
0.005912
0.005728
0.004066
0.001751
0.00014
0.000311
0.002215
0.004901
0.007399
0.009018
0.009472
0.009279
0.009439
0.010229
0.010972
0.01115
0.010765
0.009498
0.007042
0.004458
0.00353
0.004521
0.006199
0.007841
0.009182
0.009012
0.006216
0.002128
-0.000542
-0.000745
0.00082