-0.020627
-0.022918
-0.013289
0.001884
0.000787
0.00226
0.003969
0.005661
0.007071
0.008075
0.008734
0.009125
0.009272
0.009186
0.008978
0.00879
0.008746
0.008914
0.009305
0.009869
0.010566
0.011332
0.012069
0.012668
0.013095
0.013342
0.013441
0.013424
0.013339
0.013211
0.013049
0.012838
0.012574
0.012239
0.011834
0.011359
0.010831
0.010248
0.009593
0.008851
0.008078
0.007345
0.006741
0.006329
0.006143
0.006207
0.006525
0.00703
0.007613
0.008108
0.008426
0.008598
0.008682
0.008645
0.008455
0.008186
0.007986
0.007892
0.00787
0.007873
0.007907
0.007986
0.008073
0.008058
0.007871
0.007483
0.00691
0.006162
0.005291
0.004439
0.003739
0.003164
0.002709
0.002479
0.002576
0.002888
0.003293
0.003794
0.004389
0.005007
0.005584
0.006157
0.006827
0.007577
0.008423
0.009425
0.010571
0.01178
0.013004
0.014204
0.015321
0.016187
0.016734
0.017077
0.017275
0.01722
0.016891
0.016522
0.016272
0.016058
0.015948
0.015995
0.016107
0.016237
0.016466
0.01685
0.017241
0.017402
0.017338
0.017167
0.016942
0.016633
0.016176
0.0156
0.015128
0.014875
0.014638
0.014136
0.013447
0.012742
0.011907
0.01068
0.009059
0.007239
0.005269
0.003169
0.001326
0.00021
-0.000006
0.00061
0.001872
0.003697
0.006224
0.009185
0.011841
0.013936
0.015838
0.017559
0.01869
0.018912
0.01818
0.016553
0.014292
0.011606
0.008276
0.004192
-0.000136
-0.003975
-0.00699
-0.009611
-0.012219
-0.014232
-0.015
-0.014472
-0.012394
-0.008532
-0.00291
0.004155
0.011675
0.018546
0.024482
0.029676
0.033706
0.036075
0.037054
0.036922
0.035992
0.03498
0.034375
0.034017
0.033989
0.034955
0.037225
0.040346
0.043826
0.047175
0.049684
0.050744
0.049769
0.045467
0.036039
0.021594
0.00497
-0.011478
-0.027575
-0.043784
-0.059419
-0.072588
-0.081696
-0.0863
-0.086531
-0.082632
-0.074606
-0.062291
-0.045948
-0.027021
-0.007536
0.011303
0.028959
0.045145
0.059476
0.07121
0.079877
0.085032
0.086409
0.084515
0.079818
0.071845
0.060091
0.045287
0.029547
0.015078
0.002636
-0.008462
-0.018589
-0.026537
-0.030858
-0.031937
-0.031693
-0.031931
-0.033248
-0.035147
-0.037057
-0.039038
-0.040521
-0.040129
-0.037078
-0.030734
-0.020342
-0.006097
0.010542
0.027909
0.04579
0.064384
0.081813
0.094862
0.101932
0.103977
0.102776
0.098857
0.091404
0.079784
0.064977
0.049996
0.038904
0.033593
0.032237
0.032455
0.034347
0.039048
0.046117
0.053941
0.061197
0.067068
0.071528
0.074753
0.076272
0.075867
0.074453
0.073243
0.072679
0.072481
0.07303
0.075177
0.078367
0.081148
0.082754
0.082798
0.080976
0.076872
0.070071
0.061602
0.053566
0.046295
0.038934
0.031999
0.026903
0.024621
0.025251
0.027778
0.030991
0.03452
0.038859
0.044315
0.049835
0.053466
0.054471
0.054071
0.052885
0.048737
0.039054
0.024259
0.007368
-0.009238
-0.024936
-0.038802
-0.048774
-0.053054
-0.050859
-0.042381
-0.028136
-0.008873
0.013077
0.033938
0.050662
0.062097
0.069075
0.073107
0.07398
0.069662
0.0596
0.046668
0.034734
0.025277
0.018037
0.013727
0.013691
0.017694
0.024032
0.031505
0.039789
0.047862
0.054264
0.057983
0.058302
0.054942
0.048623
0.040647
0.031438
0.020803
0.00949
-0.000743
-0.008492
-0.014067
-0.018497
-0.021645
-0.021978
-0.018293
-0.011235
-0.001643
0.011616
0.028713
0.045962
0.058617
0.065687
0.070164
0.074351
0.077268
0.076546
0.071227
0.061638
0.048377
0.032475
0.014807
-0.003348
-0.019066
-0.029412
-0.033816
-0.033769
-0.03138
-0.027926
-0.024423
-0.022127
-0.021887
-0.02418
-0.029387
-0.03746
-0.047383
-0.057162
-0.065087
-0.070739
-0.074719
-0.076998
-0.076148
-0.071603
-0.064122
-0.055032
-0.045374
-0.0353
-0.026182
-0.019479
-0.014947
-0.012496
-0.012024
-0.012422
-0.012655
-0.012396
-0.011162
-0.007835
-0.002483
0.003043
0.007677
0.012419
0.017849
0.023657
0.029726
0.037401
0.047791
0.060006
0.072863
0.085901
0.099007
0.110059
0.11712
0.120473
0.120272
0.115783
0.105118
0.086729
0.060734
0.027706
-0.009822
-0.047194
-0.082464
-0.115174
-0.142269
-0.159328
-0.165161
-0.163452
-0.158561
-0.151642
-0.142157
-0.13099
-0.120147
-0.111636
-0.106357
-0.103876
-0.104404
-0.108543
-0.116434
-0.126367
-0.137214
-0.150762
-0.167512
-0.186353
-0.20718
-0.229692
-0.250912
-0.266734
-0.2766
-0.283766
-0.289388
-0.292563
-0.293375
-0.293129
-0.292713
-0.290155
-0.286276
-0.284127
-0.28435
-0.285493
-0.286245
-0.287161
-0.288331
-0.289077
-0.288444
-0.283879
-0.273597
-0.258312
-0.238614
-0.215037
-0.188086
-0.156558
-0.121865
-0.086877
-0.052019
-0.016942
0.019408
0.056323
0.092208
0.125931
0.156895
0.186659
0.215761
0.242694
0.266506
0.287907
0.307565
0.325195
0.340309
0.350677
0.355237
0.356082
0.354284
0.350544
0.344254
0.333806
0.320162
0.303622
0.283742
0.261772
0.240095
0.221189
0.205718
0.192633
0.178733
0.16238
0.144475
0.122362
0.091511
0.050059
-0.000127
-0.051701
-0.097261
-0.137258
-0.176527
-0.216449
-0.257713
-0.302808
-0.346783
-0.376075
-0.38432
-0.382016
-0.385811
-0.399947
-0.414168
-0.420548
-0.420684
-0.418952
-0.416601
-0.411485
-0.401714
-0.38477
-0.357706
-0.318967
-0.268208
-0.207535
-0.139031
-0.067357
0.000766
0.062699
0.115387
0.157988
0.193511
0.221952
0.242875
0.259733
0.279219
0.306151
0.340964
0.381059
0.420768
0.455308
0.479595
0.484979
0.462564
0.405802
0.312717
0.188061
0.045142
-0.105554
-0.259048
-0.391994
-0.477965
-0.524468
-0.556398
-0.577423
-0.567515
-0.511695
-0.419728
-0.313827
-0.208069
-0.106
-0.01472
0.051377
0.086377
0.095727
0.087501
0.069347
0.046764
0.023763
0.00287
-0.01566
-0.0345
-0.057659
-0.084756
-0.11344
-0.14295
-0.169973
-0.189704
-0.198897
-0.200649
-0.205371
-0.216092
-0.223578
-0.22268
-0.218394
-0.215576
-0.215096
-0.21339
-0.204167
-0.186709
-0.162289
-0.132941
-0.106792
-0.089613
-0.078746
-0.067814
-0.0531
-0.034286
-0.011507
0.016597
0.05127
0.089696
0.126024
0.15498
0.173813
0.180665
0.173721
0.151089
0.114247
0.070332
0.025867
-0.016325
-0.056815
-0.09459
-0.126508
-0.149366
-0.159921
-0.160955
-0.157389
-0.153152
-0.149958
-0.146922
-0.145689
-0.14822
-0.154818
-0.164875
-0.176721
-0.187614
-0.195624
-0.199817
-0.200505
-0.199799
-0.197707
-0.192307
-0.183222
-0.172683
-0.164006
-0.157953
-0.151882
-0.143147
-0.131363
-0.119167
-0.107314
-0.091886
-0.069904
-0.042854
-0.013245
0.017623
0.047944
0.077778
0.108206
0.136575
0.158895
0.173976
0.181715
0.180119
0.168482
0.148771
0.122526
0.092468
0.064572
0.044897
0.034308
0.027846
0.020517
0.012959
0.009659
0.012829
0.021782
0.034355
0.048061
0.059898
0.067606
0.073044
0.079435
0.087769
0.096014
0.101035
0.102043
0.100556
0.099697
0.100923
0.102709
0.10458
0.108061
0.115681
0.128127
0.143098
0.159856
0.177201
0.192506
0.204569
0.213218
0.220797
0.228717
0.235239
0.240976
0.249462
0.261047
0.272087
0.281051
0.289559
0.29723
0.30027
0.294511
0.278085
0.25007
0.210016
0.165295
0.125574
0.091875
0.062432
0.039186
0.026645
0.026463
0.034924
0.046786
0.06001
0.075095
0.090899
0.104331
0.112991
0.116062
0.111403
0.09808
0.080575
0.06469
0.051241
0.037723
0.023011
0.008495
-0.004334
-0.016985
-0.032185
-0.050912
-0.073707
-0.09844
-0.120228
-0.141559
-0.170223
-0.203934
-0.233425
-0.254668
-0.268162
-0.274579
-0.274291
-0.269589
-0.262163
-0.251679
-0.239491
-0.228454
-0.220583
-0.215175
-0.211102
-0.208582
-0.207964
-0.210298
-0.21526
-0.221896
-0.230222
-0.239004
-0.248352
-0.258882
-0.269343
-0.279329
-0.288036
-0.292921
-0.291672
-0.28154
-0.260206
-0.231127
-0.201591
-0.16919
-0.12524
-0.071496
-0.018378
0.024139
0.050393
0.059297
0.051122
0.02932
0.002495
-0.022503
-0.043346
-0.059892
-0.072541
-0.079929
-0.080685
-0.075808
-0.067428
-0.057116
-0.046312
-0.035437
-0.024599
-0.014954
-0.006182
0.004099
0.019899
0.046212
0.086429
0.137624
0.192711
0.250146
0.312867
0.380712
0.44727
0.503737
0.544242
0.566076
0.567122
0.545432
0.502018
0.443169
0.377583
0.3122
0.253219
0.204425
0.164571
0.131712
0.107467
0.094656
0.092339
0.097999
0.110196
0.127133
0.145305
0.162347
0.17974
0.198937
0.219258
0.239137
0.256545
0.269306
0.27641
0.277661
0.27374
0.267292
0.261719
0.259147
0.260116
0.266896
0.280927
0.300059
0.322524
0.346568
0.370151
0.3912
0.405192
0.405952
0.388249
0.347704
0.28421
0.207532
0.128864
0.053853
-0.016073
-0.078742
-0.130243
-0.172474
-0.208106
-0.235971
-0.254216
-0.263343
-0.266451
-0.265434
-0.261393
-0.255377
-0.250275
-0.24932
-0.253348
-0.264845
-0.283752
-0.302773
-0.317495
-0.330568
-0.344304
-0.356777
-0.365818
-0.373167
-0.380201
-0.383956
-0.379614
-0.363424
-0.335186
-0.295738
-0.24654
-0.192357
-0.13691
-0.07971
-0.023051
0.02508
0.05978
0.085916
0.111686
0.139015
0.164407
0.184599
0.200267
0.214909
0.230703
0.245455
0.255127
0.258657
0.258795
0.258268
0.255578
0.248221
0.236152
0.220874
0.20336
0.182486
0.158145
0.133489
0.110681
0.088747
0.065692
0.039387
0.007059
-0.032695
-0.078905
-0.128507
-0.175865
-0.215784
-0.245208
-0.262653
-0.26739
-0.259055
-0.239376
-0.211373
-0.178316
-0.143396
-0.109161
-0.077764
-0.049745
-0.024295
-0.002197
0.015619
0.029785
0.041535
0.052105
0.061901
0.070443
0.076879
0.080983
0.08444
0.088801
0.093799
0.099872
0.10748
0.117076
0.131274
0.152166
0.178719
0.207642
0.234937
0.257255
0.271783
0.272883
0.254512
0.215225
0.157545
0.086623
0.007821
-0.07485
-0.156098
-0.229681
-0.287833
-0.320129
-0.320154
-0.289758
-0.238496
-0.179861
-0.124848
-0.080694
-0.050459
-0.033004
-0.024825
-0.022177
-0.022806
-0.025333
-0.028217
-0.029473
-0.025741
-0.014508
0.004173
0.027633
0.050989
0.071555
0.089295
0.10331
0.111654
0.112257
0.104012
0.088544
0.070212
0.052248
0.033399
0.011344
-0.012918
-0.036203
-0.055771
-0.069045
-0.074466
-0.074425
-0.07341
-0.073579
-0.074775
-0.076802
-0.080533
-0.0865
-0.093384
-0.099704
-0.105112
-0.110058
-0.11417
-0.116626
-0.117049
-0.115299
-0.111242
-0.105166
-0.098069
-0.090646
-0.082841
-0.074699
-0.067297
-0.061938
-0.058832
-0.0578
-0.059567
-0.065471
-0.075027
-0.086257
-0.0976
-0.108672
-0.120323
-0.131382
-0.138153
-0.138652
-0.133312
-0.123674
-0.112319
-0.101371
-0.091406
-0.082136
-0.074341
-0.070058
-0.069965
-0.073321
-0.078455
-0.083924
-0.089931
-0.09566
-0.099034
-0.09984
-0.09849
-0.093465
-0.082299
-0.064329
-0.040965
-0.014396
0.013006
0.03993
0.065753
0.08878
0.106323
0.116181
0.119352
0.11949
0.118779
0.116686
0.113699
0.111958
0.113112
0.118531
0.128803
0.142397
0.155858
0.166477
0.174094
0.179802
0.183211
0.182078
0.174299
0.159285
0.138581
0.114277
0.087746
0.059976
0.032456
0.007292
-0.013473
-0.028381
-0.037447
-0.041631
-0.041458
-0.037983
-0.032484
-0.025529
-0.017602
-0.008857
0.001221
0.012895
0.024613
0.034255
0.041365
0.046146
0.04884
0.04979
0.048894
0.045438
0.039425
0.032177
0.024204
0.015589
0.007804
0.001837
-0.002099
-0.003002
0.000405
0.008666
0.020959
0.034646
0.047782
0.059542
0.069443
0.077621
0.081878
0.078905
0.067027
0.046247
0.019458
-0.00826
-0.032676
-0.051992
-0.065907
-0.074815
-0.078979
-0.079652
-0.078434
-0.075797
-0.071993
-0.066831
-0.059335
-0.048967
-0.037692
-0.027024
-0.016088
-0.003072
0.012085
0.02639
0.038704
0.051972
0.070112
0.093948
0.121533
0.151762
0.184559
0.218223
0.251481
0.285226
0.319892
0.353398
0.382834
0.406336
0.42294
0.431966
0.431217
0.418003
0.392073
0.354709
0.307287
0.250817
0.186205
0.118198
0.054279
-0.002319
-0.053033
-0.098779
-0.138086
-0.16937
-0.192787
-0.209022
-0.21785
-0.220792
-0.220516
-0.219515
-0.219616
-0.220137
-0.219813
-0.217927
-0.212875
-0.20187
-0.183144
-0.158371
-0.132071
-0.108191
-0.088242
-0.072503
-0.060546
-0.052036
-0.046539
-0.043257
-0.04227
-0.043872
-0.047508
-0.052821
-0.060063
-0.06923
-0.078866
-0.08657
-0.090659
-0.09082
-0.087684
-0.082236
-0.076024
-0.070279
-0.065363
-0.061617
-0.059617
-0.059028
-0.058208
-0.056364
-0.053587
-0.048683
-0.039447
-0.024313
-0.002393
0.025057
0.054705
0.083259
0.108111
0.126143
0.135123
0.136139
0.131077
0.120015
0.101509
0.074848
0.042102
0.007271
-0.026141
-0.055869
-0.079354
-0.093297
-0.096888
-0.094603
-0.091545
-0.089688
-0.089085
-0.089123
-0.090242
-0.093798
-0.099764
-0.106122
-0.11079
-0.11176
-0.106203
-0.092312
-0.071745
-0.049734
-0.030905
-0.016541
-0.006624
-0.000519
0.002552
0.002452
-0.001224
-0.008428
-0.017948
-0.028164
-0.038155
-0.046914
-0.052938
-0.056042
-0.057015
-0.055731
-0.051473
-0.04458
-0.037327
-0.03178
-0.028177
-0.025883
-0.02435
-0.024529
-0.027466
-0.032646
-0.038688
-0.043736
-0.046878
-0.048516
-0.048821
-0.047691
-0.04593
-0.045482
-0.046703
-0.048632
-0.051427
-0.05594
-0.062999
-0.073108
-0.086587
-0.102246
-0.117231
-0.130434
-0.142964
-0.155896
-0.168839
-0.179931
-0.187108
-0.189758
-0.18889
-0.185024
-0.176888
-0.162679
-0.142038
-0.116093
-0.087495
-0.059674
-0.033928
-0.009812
0.012675
0.032509
0.048082
0.058536
0.06513
0.070297
0.075745
0.080714
0.083922
0.085849
0.087301
0.088934
0.090276
0.090137
0.088962
0.088086
0.087973
0.088448
0.089643
0.091081
0.091798
0.091682
0.091169
0.089633
0.08528
0.076715
0.063838
0.048162
0.031304
0.013247
-0.006767
-0.029128
-0.052879
-0.076297
-0.098486
-0.119168
-0.137195
-0.150578
-0.159049
-0.165159
-0.170784
-0.176216
-0.181697
-0.187026
-0.192023
-0.196121
-0.198724
-0.199286
-0.196478
-0.188021
-0.170883
-0.144939
-0.112967
-0.078562
-0.045361
-0.014261
0.016476
0.04862
0.080811
0.109584
0.134303
0.15645
0.176957
0.195805
0.212337
0.225461
0.234523
0.239126
0.238957
0.235492
0.229862
0.220892
0.207243
0.188809
0.167396
0.145078
0.124504
0.109017
0.09898
0.092266
0.087312
0.084992
0.087374
0.094315
0.104245
0.115373
0.127607
0.142494
0.158504
0.173358
0.189029
0.207062
0.226823
0.248374
0.269456
0.288282
0.307067
0.326665
0.344966
0.359692
0.37011
0.377213
0.381037
0.381417
0.378446
0.370476
0.356573
0.337356
0.313622
0.28656
0.257075
0.223922
0.187411
0.151963
0.120069
0.090178
0.061149
0.034442
0.012339
-0.006021
-0.022043
-0.034258
-0.042935
-0.051134
-0.059539
-0.066918
-0.073439
-0.080039
-0.08625
-0.090346
-0.092034
-0.091713
-0.088542
-0.082193
-0.073169
-0.062152
-0.049814
-0.036474
-0.023574
-0.012738
-0.004688
0.000734
0.005136
0.008437
0.010207
0.011625
0.012292
0.012277
0.012399
0.012533
0.012383
0.011523
0.009898
0.007298
0.00397
0.000811
-0.001117
-0.001716
-0.001334
-0.000133
0.000929
0.002057
0.004147
0.006235
0.00738
0.006592
0.003712
-0.001066
-0.008662
-0.018625
-0.030415
-0.043826
-0.058263
-0.073065
-0.087494
-0.100682
-0.110842
-0.11726
-0.121488
-0.124359
-0.125204
-0.124138
-0.121624
-0.117553
-0.113311
-0.110712
-0.110019
-0.110499
-0.111732
-0.114331
-0.117965
-0.123096
-0.129524
-0.136161
-0.143667
-0.151202
-0.157975
-0.16424
-0.169829
-0.173954
-0.175228
-0.172505
-0.163304
-0.146049
-0.123526
-0.100491
-0.07846
-0.057067
-0.036616
-0.017185
0.000767
0.016532
0.02916
0.039365
0.048782
0.055978
0.059443
0.060142
0.058921
0.056077
0.052375
0.046988
0.039293
0.030997
0.021863
0.011725
0.002008
-0.007778
-0.017233
-0.025259
-0.032338
-0.038452
-0.042705
-0.045966
-0.049138
-0.051532
-0.054233
-0.059031
-0.064825
-0.069228
-0.072598
-0.075248
-0.075318
-0.071102
-0.061511
-0.047068
-0.028915
-0.007421
0.01721
0.043978
0.072126
0.100628
0.127595
0.151687
0.171514
0.184947
0.191094
0.190888
0.185428
0.175747
0.163225
0.150274
0.139749
0.133544
0.131225
0.130391
0.130323
0.133088
0.139949
0.148663
0.157882
0.166185
0.171911
0.177393
0.182728
0.187025
0.190983
0.193003
0.191439
0.185233
0.170166
0.143744
0.110938
0.07777
0.047391
0.020071
-0.004587
-0.025608
-0.043376
-0.058469
-0.070265
-0.080785
-0.092656
-0.105848
-0.119487
-0.134861
-0.153768
-0.174635
-0.194023
-0.208681
-0.217653
-0.22074
-0.214838
-0.196766
-0.165715
-0.123289
-0.073399
-0.020367
0.030866
0.077059
0.118072
0.152466
0.177533
0.191661
0.194018
0.182309
0.155444
0.117308
0.074226
0.033117
-0.00014
-0.024904
-0.042974
-0.055556
-0.064126
-0.069197
-0.072907
-0.078904
-0.088358
-0.100438
-0.113114
-0.12397
-0.132922
-0.140632
-0.146088
-0.147718
-0.143783
-0.134524
-0.122135
-0.107985
-0.093635
-0.080934
-0.071017
-0.064019
-0.05901
-0.055809
-0.053733
-0.05215
-0.052187
-0.055049
-0.060815
-0.068695
-0.07798
-0.08801
-0.098745
-0.110244
-0.120937
-0.128829
-0.132767
-0.131305
-0.122774
-0.107181
-0.086153
-0.062553
-0.037835
-0.0124
0.011828
0.03344
0.052288
0.069004
0.08378
0.096299
0.106424
0.114208
0.120735
0.126414
0.13117
0.135926
0.142004
0.149583
0.15689
0.162467
0.166622
0.16902
0.168404
0.164009
0.155001
0.140147
0.119883
0.097642
0.077544
0.062047
0.051265
0.045629
0.046175
0.052491
0.063162
0.075477
0.087258
0.097512
0.105461
0.111091
0.114867
0.118184
0.121836
0.124442
0.124828
0.122834
0.118494
0.11085
0.099007
0.082867
0.062296
0.039436
0.017475
-0.00295
-0.021394
-0.035551
-0.043501
-0.045306
-0.042516
-0.037117
-0.030892
-0.02527
-0.020053
-0.014133
-0.007667
-0.002455
0.001026
0.003354
0.003861
0.002836
0.001089
-0.001203
-0.004457
-0.010143
-0.018914
-0.030107
-0.041503
-0.05072
-0.058377
-0.065431
-0.071473
-0.076473
-0.079695
-0.080831
-0.080622
-0.079372
-0.077689
-0.076395
-0.075885
-0.076408
-0.079149
-0.085483
-0.094981
-0.106021
-0.11719
-0.128046
-0.137863
-0.145065
-0.148004
-0.143742
-0.127785
-0.098953
-0.060689
-0.017861
0.024305
0.061925
0.093617
0.118883
0.137559
0.150017
0.157923
0.162889
0.164741
0.164666
0.164985
0.166756
0.169683
0.172581
0.174861
0.1749
0.170401
0.160532
0.144565
0.121799
0.09319
0.060276
0.024759
-0.009758
-0.039696
-0.063058
-0.07908
-0.088304
-0.091045
-0.087357
-0.077885
-0.063524
-0.045841
-0.027338
-0.011442
-0.001966
-0.000096
-0.003883
-0.011117
-0.021812
-0.036272
-0.053037
-0.070129
-0.086233
-0.101451
-0.116178
-0.130274
-0.142979
-0.152748
-0.158217
-0.159521
-0.157908
-0.154119
-0.147797
-0.137986
-0.126135
-0.114807
-0.104173
-0.094
-0.085426
-0.079441
-0.07615
-0.07487
-0.074891
-0.076334
-0.079039
-0.082235
-0.085475
-0.087704
-0.08806
-0.086375
-0.08267
-0.07773
-0.071465
-0.064119
-0.056809
-0.049954
-0.044917
-0.042454
-0.042313
-0.044266
-0.046866
-0.050122
-0.054865
-0.060224
-0.06539
-0.069767
-0.073169
-0.075355
-0.075928
-0.075049
-0.073366
-0.071587
-0.069766
-0.067392
-0.063654
-0.057847
-0.050007
-0.041248
-0.032625
-0.024648
-0.017892
-0.012754
-0.010228
-0.011501
-0.016468
-0.024722
-0.03645
-0.051777
-0.070301
-0.089899
-0.108549
-0.125129
-0.137953
-0.146674
-0.150606
-0.147753
-0.137851
-0.121457
-0.099817
-0.076067
-0.053425
-0.033288
-0.015178
0.001488
0.015393
0.02559
0.033238
0.038551
0.04099
0.042357
0.043585
0.043133
0.041043
0.038074
0.034282
0.029715
0.023039
0.014059
0.004558
-0.004215
-0.011839
-0.018294
-0.023068
-0.025419
-0.025257
-0.023241
-0.019837
-0.015396
-0.011202
-0.008221
-0.006611
-0.006565
-0.008366
-0.012402
-0.018275
-0.024375
-0.03051
-0.036741
-0.041724
-0.043924
-0.042753
-0.039022
-0.033795
-0.027747
-0.021042
-0.014064
-0.00815
-0.004442
-0.003152
-0.00433
-0.007549
-0.011425
-0.015572
-0.020649
-0.025778
-0.02965
-0.032057
-0.032777
-0.031441
-0.027701
-0.022668
-0.018097
-0.013773
-0.008862
-0.003963
-0.000209
0.002872
0.006205
0.009425
0.01254
0.015895
0.019351
0.022776
0.026187
0.028812
0.030387
0.031091
0.03035
0.029382
0.028796
0.027111
0.024605
0.022439
0.021033
0.020681
0.022016
0.025148
0.029142
0.032862
0.035827
0.038434
0.040392
0.040666
0.038484
0.034193
0.02823
0.019734
0.009608
-0.000441
-0.009861
-0.018884
-0.027666
-0.03545
-0.042242
-0.048355
-0.053635
-0.058255
-0.063022
-0.068179
-0.07286
-0.076464
-0.079139
-0.08147
-0.083301
-0.084866
-0.086859
-0.088941
-0.091015
-0.093775
-0.097126
-0.100778
-0.104793
-0.108524
-0.110753
-0.110874
-0.108485
-0.103017
-0.093915
-0.080426
-0.062299
-0.040934
-0.019598
-0.001326
0.012192
0.020273
0.023246
0.021818
0.015858
0.004808
-0.010085
-0.027239
-0.044547
-0.0603
-0.074315
-0.086542
-0.097162
-0.104833
-0.110025
-0.114529
-0.117736
-0.119274
-0.119226
-0.118252
-0.117104
-0.114681
-0.110161
-0.104951
-0.100062
-0.094069
-0.084962
-0.074138
-0.065265
-0.059545
-0.056057
-0.053878
-0.052342
-0.051075
-0.049976
-0.049775
-0.049458
-0.046733
-0.041631
-0.034444
-0.024885
-0.013986
-0.003166
0.007544
0.018389
0.028918
0.038199
0.04472
0.04816
0.049611
0.050622
0.052016
0.053266
0.054209
0.055418
0.056658
0.057785
0.060002
0.063191
0.065671
0.066989
0.068308
0.070038
0.071397
0.072748
0.073945
0.074549
0.07499
0.075687
0.077161
0.078534
0.078791
0.078195
0.077259
0.076761
0.076324
0.075325
0.075015
0.076739
0.079514
0.082537
0.086181
0.090253
0.094353
0.097876
0.099922
0.100205
0.098511
0.094456
0.088499
0.081028
0.071899
0.062103
0.054502
0.050848
0.049715
0.049417
0.050425
0.053616
0.058569
0.064825
0.070772
0.07444
0.076559
0.078476
0.079467
0.078206
0.075829
0.074503
0.07417
0.073621
0.072852
0.073419
0.075695
0.078105
0.07971
0.080953
0.082135
0.083244
0.083919
0.083327
0.081639
0.079487
0.077295
0.075485
0.073959
0.072418
0.071071
0.069862
0.068373
0.067322
0.066805
0.066411
0.066029
0.065402
0.065231
0.065903
0.066389
0.065543
0.063267
0.06065
0.058422
0.056477
0.054001
0.050186
0.045406
0.041218
0.038399
0.035539
0.031566
0.027229
0.023182
0.019406
0.01568
0.011215
0.006298
0.001631
-0.003541
-0.008768
-0.013133
-0.016288
-0.017659
-0.017432
-0.016037
-0.013364
-0.00944
-0.005404
-0.002757
-0.002062
-0.00321
-0.005692
-0.009263
-0.013914
-0.019354
-0.024759
-0.02886
-0.031111
-0.03147
-0.029452
-0.024803
-0.018569
-0.011396
-0.002921
0.005281
0.011482
0.015156
0.015975
0.014176
0.010029
0.003244
-0.005853
-0.015177
-0.023498
-0.031414
-0.039098
-0.045417
-0.049158
-0.050661
-0.050242
-0.048433
-0.046287
-0.044129
-0.042049
-0.03992
-0.038146
-0.037258
-0.036783
-0.035424
-0.032047
-0.027396
-0.023066
-0.018913
-0.013735
-0.007528
-0.001761
0.001892
0.003615
0.004388
0.004317
0.00286
-0.000179
-0.004104
-0.008334
-0.013055
-0.018608
-0.024926
-0.031859
-0.039545
-0.048
-0.056329
-0.063853
-0.070826
-0.076962
-0.08164
-0.084887
-0.086741
-0.08683
-0.085394
-0.082437
-0.077468
-0.0713
-0.065246
-0.059706
-0.054426
-0.049254
-0.04498
-0.042621
-0.042513
-0.043871
-0.045956
-0.048701
-0.051922
-0.055267
-0.058151
-0.059902
-0.059989
-0.057736
-0.052522
-0.0445
-0.034137
-0.021564
-0.007595
0.006442
0.019956
0.032874
0.044261
0.05328
0.060221
0.065905
0.071084
0.075552
0.078586
0.079858
0.078916
0.07391
0.063354
0.047612
0.027125
0.003264
-0.021813
-0.04648
-0.068944
-0.087314
-0.100394
-0.107792
-0.109536
-0.105444
-0.09558
-0.080597
-0.061095
-0.038503
-0.016073
0.003524
0.019062
0.029937
0.036679
0.040238
0.041374
0.04033
0.03789
0.035924
0.035285
0.035675
0.036654
0.038465
0.041312
0.045007
0.049077
0.052405
0.053768
0.052942
0.050599
0.047353
0.043331
0.03875
0.034313
0.03045
0.027534
0.025716
0.024578
0.023722
0.023295
0.023991
0.025597
0.026789
0.025949
0.022385
0.017621
0.013873
0.010904
0.006777
0.001538
-0.002657
-0.005274
-0.007722
-0.010802
-0.014582
-0.01836
-0.02087
-0.021951
-0.022293
-0.022068
-0.020494
-0.017146
-0.012305
-0.006018
0.001529
0.009543
0.017479
0.024579
0.029647
0.032696
0.034467
0.035239
0.035709
0.036094
0.035815
0.035136
0.035433
0.037398
0.039989
0.041988
0.043612
0.045369
0.046098
0.044259
0.039658
0.033301
0.025948
0.017426
0.008411
0.000538
-0.005152
-0.008881
-0.011564
-0.013562
-0.014429
-0.013757
-0.011442
-0.008218
-0.004668
-0.000697
0.003187
0.006687
0.010451
0.014622
0.018071
0.019825
0.020411
0.019893
0.017659
0.014683
0.012165
0.009891
0.007127
0.003903
0.001272
-0.000541
-0.002136
-0.003692
-0.005173
-0.006714
-0.007887
-0.007683
-0.006277
-0.004892
-0.004049
-0.003026
-0.000784
0.002163
0.004115
0.004631
0.00505
0.006267
0.007515
0.007755
0.007171
0.006336
0.004952
0.002511
-0.000489
-0.003184
-0.005544
-0.008119
-0.01069
-0.012858
-0.014678
-0.015618
-0.015444
-0.014654
-0.01352
-0.012183
-0.010772
-0.009327
-0.007432
-0.005091
-0.003025
-0.001542
-0.00035
0.000543
0.000496
-0.000833
-0.003017
-0.005361
-0.007205
-0.00869
-0.010755
-0.013415
-0.015305
-0.015314
-0.014021
-0.012846
-0.011665
-0.009227
-0.005254
-0.000862
0.003352
0.008253
0.013847
0.018717
0.022747
0.026688
0.03048
0.03336
0.03468
0.034657
0.0338
0.032088
0.029057
0.024804
0.019822
0.013831
0.006426
-0.001787
-0.009414
-0.016136
-0.022931
-0.029658
-0.035033
-0.038838
-0.041416
-0.04262
-0.042317
-0.040905
-0.038702
-0.035473
-0.03138
-0.02775
-0.025852
-0.025315
-0.025104
-0.024826
-0.024737
-0.024914
-0.024047
-0.021495
-0.018416
-0.015304
-0.01137
-0.006361
-0.000727
0.005001
0.010265
0.014472
0.016958
0.018183
0.019613
0.020751
0.019654
0.016089
0.011805
0.008535
0.006399
0.004585
0.003228
0.003152
0.004612
0.00689
0.00919
0.011746
0.014993
0.018625
0.02219
0.025347
0.028078
0.030814
0.034034
0.037847
0.041446
0.044163
0.046533
0.048948
0.051193
0.052346
0.051641
0.049333
0.046035
0.042124
0.037437
0.03214
0.027348
0.023514
0.020027
0.016852
0.014585
0.013398
0.013027
0.012878
0.012505
0.012011
0.011595
0.011079
0.010429
0.010163
0.010007
0.008797
0.006643
0.00479
0.003585
0.001855
-0.000857
-0.003483
-0.005253
-0.006024
-0.005833
-0.005189
-0.004653
-0.004046
-0.002661
0.000006
0.003647
0.007498
0.011207
0.014813
0.018263
0.020938
0.022399
0.022854
0.022237
0.01981
0.015523
0.010219
0.004558
-0.001715
-0.008817
-0.015231
-0.019616
-0.023222
-0.027458
-0.031514
-0.033914
-0.034383
-0.033666
-0.033016
-0.033204
-0.033509
-0.033141
-0.03298
-0.034328
-0.036873
-0.039406
-0.041586
-0.043217
-0.044505
-0.045815
-0.04628
-0.045132
-0.042816
-0.040229
-0.037786
-0.035366
-0.032946
-0.030888
-0.029889
-0.030353
-0.03162
-0.032579
-0.033321
-0.034896
-0.037531
-0.039942
-0.041039
-0.040915
-0.040358
-0.040241
-0.040755
-0.040898
-0.039348
-0.036588
-0.034625
-0.033953
-0.033367
-0.032629
-0.033034
-0.035106
-0.038206
-0.041692
-0.045361
-0.049441
-0.054002
-0.058634
-0.062834
-0.06643
-0.06888
-0.069189
-0.067295
-0.063377
-0.057175
-0.048725
-0.038069
-0.025814
-0.013444
-0.001606
0.009313
0.018997
0.02804
0.036605
0.043509
0.047807
0.05029
0.051977
0.052439
0.051143
0.048745
0.046147
0.042726
0.037284
0.030581
0.024252
0.018647
0.013409
0.008375
0.003938
0.000325
-0.002839
-0.005709
-0.008045
-0.009795
-0.011504
-0.013712
-0.015713
-0.016619
-0.016675
-0.016464
-0.015439
-0.012412
-0.007414
-0.001608
0.004267
0.009865
0.015165
0.020804
0.026802
0.03216
0.036031
0.038511
0.040265
0.041205
0.040909
0.039176
0.036422
0.033475
0.030313
0.026797
0.023786
0.021488
0.019284
0.017669
0.01737
0.017535
0.016932
0.01626
0.0167
0.017465
0.017349
0.016287
0.014732
0.012955
0.010864
0.008135
0.004774
0.001404
-0.001396
-0.003944
-0.006821
-0.009932
-0.012431
-0.013701
-0.014089
-0.014136
-0.013254
-0.010568
-0.007145
-0.004704
-0.002978
-0.0015
-0.000871
-0.00124
-0.002888
-0.005978
-0.009107
-0.011504
-0.013715
-0.015531
-0.016272
-0.016051
-0.015034
-0.013004
-0.009974
-0.006146
-0.001492
0.003749
0.008699
0.013197
0.017791
0.022755
0.02832
0.033696
0.037941
0.041931
0.04667
0.051387
0.055046
0.057852
0.060673
0.063629
0.065962
0.067464
0.068587
0.069717
0.070914
0.072043
0.073116
0.073932
0.074354
0.074454
0.074294
0.073398
0.07078
0.066269
0.060246
0.052662
0.043636
0.033804
0.024464
0.01618
0.008453
0.001423
-0.004026
-0.007415
-0.00902
-0.009219
-0.007654
-0.003945
0.000825
0.005669
0.010657
0.014805
0.017621
0.020254
0.022798
0.023828
0.022631
0.020486
0.018901
0.017996
0.01731
0.016498
0.015864
0.015798
0.0166
0.018694
0.021383
0.023496
0.024964
0.025834
0.025552
0.024063
0.021725
0.018369
0.014069
0.009422
0.004939
0.000278
-0.004982
-0.010032
-0.014092
-0.017264
-0.019667
-0.021729
-0.023889
-0.025521
-0.025623
-0.024277
-0.02254
-0.021374
-0.02058
-0.019143
-0.016698
-0.014133
-0.012779
-0.012726
-0.012164
-0.010229
-0.008502
-0.007796
-0.007026
-0.005295
-0.002606
0.000601
0.004051
0.007719
0.011956
0.016874
0.021635
0.025863
0.030144
0.034238
0.036836
0.037462
0.037211
0.036731
0.035315
0.032871
0.030533
0.02824
0.025541
0.023083
0.021229
0.019951
0.019213
0.01908
0.019554
0.020542
0.022001
0.023648
0.025377
0.026966
0.02818
0.029247
0.03022
0.03042
0.0294
0.026996
0.023133
0.018384
0.01345
0.007637
-0.001065
-0.013463
-0.027935
-0.041619
-0.05238
-0.060163
-0.066152
-0.071071
-0.074744
-0.076459
-0.076237
-0.075204
-0.073625
-0.071568
-0.069619
-0.067616
-0.065255
-0.062793
-0.060191
-0.056901
-0.052646
-0.047797
-0.042436
-0.035664
-0.02694
-0.017465
-0.008436
0.000361
0.008991
0.016905
0.024029
0.030045
0.034386
0.037445
0.040098
0.042193
0.043399
0.044497
0.046088
0.04827
0.051474
0.055493
0.059521
0.063389
0.066753
0.068838
0.069309
0.068143
0.065576
0.061337
0.054486
0.044636
0.03309
0.022128
0.013619
0.008344
0.0056
0.004206
0.004049
0.005635
0.009035
0.013742
0.018911
0.023949
0.028702
0.032078
0.032633
0.030906
0.028506
0.025369
0.020741
0.015484
0.011058
0.007672
0.00491
0.002509
0.00055
-0.000642
-0.001357
-0.002628
-0.004484
-0.005864
-0.007242
-0.010351
-0.015359
-0.02086
-0.026154
-0.032239
-0.039646
-0.047005
-0.052953
-0.058081
-0.063743
-0.069775
-0.074941
-0.078915
-0.082355
-0.085865
-0.089323
-0.092238
-0.094598
-0.096823
-0.098859
-0.100213
-0.101074
-0.102317
-0.103582
-0.103206
-0.100404
-0.096224
-0.092049
-0.0875
-0.081281
-0.07321
-0.063622
-0.052827
-0.041968
-0.032408
-0.024009
-0.016072
-0.008757
-0.002142
0.003965
0.009337
0.014014
0.018183
0.021555
0.023958
0.026382
0.029737
0.033748
0.037861
0.04193
0.0467
0.052363
0.057338
0.061445
0.066481
0.072705
0.078868
0.084279
0.088816
0.092889
0.097173
0.101558
0.105095
0.107157
0.107484
0.105723
0.102049
0.096726
0.089308
0.079326
0.066364
0.050471
0.03361
0.018067
0.003909
-0.00903
-0.019929
-0.028405
-0.034789
-0.039813
-0.044214
-0.048557
-0.052734
-0.055648
-0.056742
-0.056771
-0.056544
-0.055658
-0.054018
-0.052505
-0.051075
-0.049328
-0.047921
-0.04698
-0.046103
-0.045754
-0.046269
-0.047095
-0.047584
-0.047261
-0.045746
-0.043105
-0.039098
-0.032911
-0.025031
-0.016809
-0.008608
-0.000001
0.009014
0.017316
0.023513
0.027574
0.030593
0.032977
0.034583
0.035647
0.036151
0.035807
0.034638
0.033497
0.032803
0.031426
0.028986
0.026763
0.024681
0.021501
0.017193
0.012673
0.008748
0.00572
0.003539
0.002193
0.001777
0.002462
0.003875
0.0057
0.008416
0.01191
0.015665
0.019806
0.023989
0.026858
0.02802
0.02896
0.030633
0.032503
0.033741
0.033822
0.032997
0.032195
0.032056
0.032655
0.033443
0.034095
0.034898
0.035608
0.036145
0.037457
0.03927
0.040093
0.039739
0.039076
0.037827
0.034956
0.030402
0.025054
0.019757
0.014422
0.008604
0.002321
-0.00435
-0.010688
-0.015568
-0.018996
-0.021671
-0.024016
-0.025693
-0.025874
-0.024846
-0.023797
-0.02322
-0.022627
-0.022054
-0.022097
-0.022421
-0.02227
-0.021767
-0.021388
-0.021047
-0.020105
-0.017633
-0.013352
-0.008507
-0.003861
0.001219
0.006901
0.013093
0.020161
0.02758
0.03441
0.040705
0.046794
0.052639
0.057691
0.060933
0.062447
0.063253
0.063819
0.063818
0.062819
0.061043
0.05955
0.059137
0.05954
0.060378
0.061585
0.063075
0.065129
0.067968
0.070933
0.0731
0.07435
0.074601
0.07312
0.069737
0.064928
0.058556
0.050093
0.039984
0.029783
0.020334
0.011673
0.004311
-0.001221
-0.005205
-0.008361
-0.011538
-0.014747
-0.017193
-0.019059
-0.021092
-0.023061
-0.024669
-0.026006
-0.026818
-0.026844
-0.026045
-0.024156
-0.021028
-0.017089
-0.012811
-0.008043
-0.002579
0.00322
0.008649
0.013522
0.018249
0.022781
0.026515
0.029344
0.031712
0.033586
0.034237
0.03356
0.032213
0.03071
0.029185
0.027498
0.025579
0.023565
0.021405
0.019369
0.018229
0.018291
0.019429
0.021684
0.024717
0.027784
0.030861
0.034536
0.038398
0.041167
0.042538
0.043246
0.043359
0.042607
0.041259
0.039441
0.036783
0.033602
0.030869
0.028381
0.02475
0.019547
0.013977
0.008995
0.004041
-0.001895
-0.008694
-0.015109
-0.020554
-0.025262
-0.029257
-0.032742
-0.035752
-0.037352
-0.037319
-0.036454
-0.035077
-0.033138
-0.030866
-0.028774
-0.027684
-0.027612
-0.027161
-0.025515
-0.023702
-0.023173
-0.024021
-0.02516
-0.025873
-0.026268
-0.026849
-0.028369
-0.030804
-0.033249
-0.035797
-0.038667
-0.041604
-0.044732
-0.047769
-0.049644
-0.049771
-0.048923
-0.047739
-0.045891
-0.043231
-0.040186
-0.037258
-0.034257
-0.030677
-0.026701
-0.023692
-0.022137
-0.020377
-0.017547
-0.014502
-0.011823
-0.009141
-0.00591
-0.002428
0.000784
0.003753
0.006834
0.010129
0.013104
0.015083
0.015829
0.015688
0.015084
0.013863
0.012074
0.00952
0.006504
0.004379
0.002872
0.00075
-0.001626
-0.003096
-0.00367
-0.004762
-0.007175
-0.009808
-0.011962
-0.014931
-0.019548
-0.025595
-0.032347
-0.038899
-0.0451
-0.051284
-0.057796
-0.064289
-0.069829
-0.074548
-0.078829
-0.082311
-0.085031
-0.087437
-0.08937
-0.090397
-0.090591
-0.090274
-0.089365
-0.08774
-0.085801
-0.083902
-0.081381
-0.07797
-0.073981
-0.068948
-0.062778
-0.056033
-0.049532
-0.044073
-0.039095
-0.033733
-0.028533
-0.024333
-0.021118
-0.018055
-0.014602
-0.011308
-0.00841
-0.005827
-0.003174
-0.000084
0.002787
0.00438
0.004782
0.00535
0.00654
0.006981
0.005481
0.002822
0.000285
-0.002215
-0.00503
-0.007748
-0.009665
-0.011037
-0.012355
-0.013058
-0.012613
-0.011479
-0.010434
-0.009239
-0.00764
-0.0061
-0.004841
-0.004021
-0.003727
-0.004165
-0.005409
-0.007446
-0.009773
-0.012012
-0.014792
-0.018156
-0.021018
-0.022403
-0.022998
-0.023346
-0.022442
-0.020494
-0.018813
-0.017571
-0.016041
-0.01474
-0.015176
-0.018014
-0.022876
-0.028463
-0.034062
-0.040506
-0.047768
-0.054268
-0.058949
-0.062747
-0.066396
-0.068529
-0.067485
-0.063906
-0.059986
-0.056181
-0.051563
-0.046447
-0.042152
-0.039591
-0.038473
-0.038143
-0.039213
-0.042234
-0.046185
-0.049697
-0.052206
-0.054034
-0.055505
-0.056024
-0.054943
-0.052622
-0.049431
-0.0456
-0.041345
-0.036888
-0.03198
-0.026393
-0.021038
-0.016396
-0.012067
-0.007764
-0.003356
0.000426
0.002604
0.004042
0.00637
0.00911
0.011106
0.013445
0.016748
0.019776
0.022284
0.024715
0.027711
0.031452
0.034972
0.037287
0.038553
0.039491
0.039699
0.038177
0.03537
0.032617
0.029624
0.025258
0.020241
0.01612
0.012823
0.009248
0.005295
0.001529
-0.001935
-0.004957
-0.00717
-0.009459
-0.01216
-0.014344
-0.01589
-0.016794
-0.017299
-0.017518
-0.017437
-0.017657
-0.017744
-0.017162
-0.016765
-0.018284
-0.021601
-0.024123
-0.024824
-0.025006
-0.025814
-0.026661
-0.026299
-0.024439
-0.021367
-0.017821
-0.014591
-0.011446
-0.007699
-0.003583
0.00007
0.002718
0.004931
0.007259
0.008761
0.008404
0.006885
0.004927
0.002377
-0.000834
-0.004442
-0.007527
-0.0094
-0.009993
-0.009464
-0.008125
-0.006273
-0.003544
0.000649
0.005225
0.00926
0.012961
0.015964
0.017702
0.018596
0.019509
0.019916
0.019378
0.019061
0.020087
0.022071
0.023888
0.026056
0.029517
0.033581
0.037357
0.040498
0.04251
0.043254
0.042656
0.040194
0.035565
0.029108
0.02095
0.012139
0.004028
-0.003779
-0.010933
-0.015856
-0.018192
-0.018993
-0.019422
-0.019003
-0.016829
-0.013369
-0.01003
-0.007434
-0.004574
-0.001084
0.00251
0.005998
0.008835
0.010814
0.012433
0.013799
0.014721
0.015686
0.016678
0.017223
0.017907
0.019116
0.020559
0.021561
0.021207
0.020006
0.018839
0.017375
0.015395
0.013049
0.010144
0.007018
0.004264
0.001942
0.000016
-0.001408
-0.002121
-0.001623
-0.000213
0.00175
0.004557
0.007496
0.008971
0.008787
0.009159
0.011053
0.012645
0.012121
0.009709
0.007079
0.004661
0.002251
-0.000082
-0.002338
-0.004391
-0.005968
-0.006794
-0.007086
-0.007404
-0.007652
-0.007303
-0.006071
-0.003819
-0.000833
0.00253
0.007409
0.014793
0.023124
0.030053
0.035537
0.040366
0.043288
0.043685
0.043
0.043246
0.045442
0.047044
0.044776
0.039166
0.033132
0.028048
0.023562
0.019579
0.016724
0.015515
0.01515
0.014148
0.012389
0.011113
0.011016
0.011304
0.011393
0.011019
0.00973
0.008006
0.006525
0.004558
0.000984
-0.003476
-0.007071
-0.009825
-0.013202
-0.017111
-0.020265
-0.022673
-0.024626
-0.025599
-0.02574
-0.025935
-0.02613
-0.025688
-0.024329
-0.022387
-0.020906
-0.020641
-0.020944
-0.020592
-0.019296
-0.01805
-0.017554
-0.017669
-0.018224
-0.018619
-0.018792
-0.019554
-0.020731
-0.021943
-0.022771
-0.022863
-0.022485
-0.021724
-0.020797
-0.019729
-0.018137
-0.016087
-0.014015
-0.012311
-0.010721
-0.009022
-0.007607
-0.006519
-0.005102
-0.003095
-0.000853
0.001621
0.00428
0.006583
0.008432
0.010137
0.011907
0.013645
0.014832
0.015096
0.015212
0.015339
0.014155
0.01179
0.009951
0.009282
0.008872
0.007516
0.005755
0.005483
0.006975
0.008854
0.009792
0.009743
0.009825
0.010587
0.011779
0.012504
0.012038
0.01092
0.009976
0.008976
0.007407
0.005825
0.005059
0.005075
0.005544
0.005935
0.006648
0.008774
0.011954
0.015219
0.018351
0.021342
0.02415
0.026436
0.02799
0.029162
0.029744
0.028882
0.026336
0.022759
0.018674
0.014367
0.0099
0.004771
-0.000472
-0.00474
-0.008012
-0.010339
-0.011521
-0.012067
-0.012482
-0.012433
-0.0116
-0.010299
-0.009231
-0.009128
-0.00993
-0.010959
-0.012159
-0.014471
-0.018458
-0.023132
-0.027287
-0.03094
-0.034504
-0.037737
-0.040316
-0.041889
-0.041666
-0.039275
-0.034919
-0.029206
-0.022776
-0.016466
-0.010854
-0.005483
-0.000041
0.004248
0.006261
0.006844
0.007213
0.007355
0.006899
0.005736
0.004251
0.002926
0.002046
0.002019
0.002849
0.004085
0.0054
0.006694
0.007939
0.009091
0.010301
0.01132
0.011404
0.010501
0.009401
0.008403
0.007156
0.005416
0.003832
0.003537
0.00434
0.005126
0.0058
0.006783
0.008154
0.009743
0.011242
0.012448
0.013525
0.014716
0.015396
0.01486
0.013372
0.011469
0.009512
0.007116
0.003763
-0.000401
-0.004725
-0.008536
-0.011956
-0.015555
-0.019204
-0.022214
-0.023995
-0.024837
-0.025735
-0.026567
-0.02609
-0.0243
-0.022084
-0.019769
-0.017668
-0.015986
-0.01449
-0.012903
-0.011197
-0.009458
-0.007362
-0.005238
-0.003607
-0.001822
0.00028
0.001905
0.003056
0.004446
0.006383
0.00798
0.008207
0.007557
0.007072
0.006757
0.005947
0.004294
0.002226
-0.000117
-0.003191
-0.006672
-0.010032
-0.013634
-0.017641
-0.02131
-0.02414
-0.026203
-0.027421
-0.028038
-0.028095
-0.027232
-0.025676
-0.023336
-0.019833
-0.016131
-0.01285
-0.009411
-0.005431
-0.001161
0.003011
0.006952
0.010294
0.012856
0.015258
0.018072
0.020778
0.022394
0.023058
0.023269
0.023342
0.023269
0.022422
0.020827
0.019181
0.017623
0.016548
0.016288
0.016242
0.015969
0.015643
0.015781
0.016889
0.018779
0.019989
0.01917
0.017453
0.016422
0.015854
0.014731
0.012072
0.008139
0.004125
0.00037
-0.003169
-0.006388
-0.009375
-0.01221
-0.014424
-0.015988
-0.01715
-0.017321
-0.016254
-0.01472
-0.013286
-0.01184
-0.010092
-0.008264
-0.006948
-0.006445
-0.006717
-0.007525
-0.008184
-0.00856
-0.009344
-0.010655
-0.011934
-0.012703
-0.013069
-0.013452
-0.013822
-0.013782
-0.01306
-0.011714
-0.009887
-0.008117
-0.006922
-0.005822
-0.004128
-0.002048
-0.000179
0.001137
0.002383
0.00443
0.007037
0.009619
0.012141
0.014261
0.015694
0.016773
0.017837
0.018377
0.017921
0.016829
0.015606
0.014
0.011751
0.009744
0.008639
0.007585
0.005826
0.004089
0.003265
0.002976
0.002767
0.002945
0.004082
0.006225
0.008399
0.009867
0.010987
0.012312
0.013755
0.014695
0.01521
0.015811
0.016117
0.015525
0.014312
0.01321
0.012797
0.013078
0.01372
0.014579
0.015705
0.016791
0.017446
0.017958
0.018682
0.019065
0.018704
0.018035
0.017438
0.016915
0.016317
0.015765
0.015762
0.016457
0.017508
0.018419
0.019144
0.020361
0.022639
0.025407
0.027454
0.028713
0.030217
0.03223
0.034416
0.036242
0.037156
0.037752
0.03874
0.039853
0.040957
0.042097
0.043065
0.044002
0.045228
0.046349
0.04703
0.047418
0.047582
0.04748
0.047158
0.046222
0.044364
0.042095
0.039707
0.036565
0.032154
0.02728
0.022749
0.018145
0.013237
0.008501
0.004376
0.000933
-0.00176
-0.00358
-0.004232
-0.003396
-0.001391
0.001156
0.00372
0.00603
0.008286
0.010273
0.01122
0.010622
0.009017
0.007128
0.004933
0.002501
0.000412
-0.000761
-0.0012
-0.001418
-0.00125
-0.000598
0.000165
0.001256
0.003113
0.00444
0.0039
0.002616
0.002223
0.002513
0.002388
0.001635
0.000788
0.000239
0.000054
0.000251
0.000805
0.001273
0.001179
0.000457
-0.00046
-0.001011
-0.00096
-0.000639
-0.000768
-0.001739
-0.002932
-0.003553
-0.003556
-0.003212
-0.00279
-0.002572
-0.002216
-0.000926
0.001201
0.003306
0.005075
0.006851
0.009074
0.011389
0.013363
0.01552
0.017464
0.018162
0.018429
0.019111
0.01952
0.019555
0.020021
0.020809
0.021567
0.022506
0.023646
0.024888
0.026433
0.028099
0.029456
0.030365
0.030724
0.030269
0.028494
0.025485
0.022335
0.019287
0.015178
0.010003
0.005211
0.00139
-0.001806
-0.005052
-0.008403
-0.011145
-0.013198
-0.014997
-0.016569
-0.017902
-0.018968
-0.019736
-0.020371
-0.021149
-0.022348
-0.023816
-0.025017
-0.025786
-0.026564
-0.027946
-0.029678
-0.030693
-0.03062
-0.030266
-0.030593
-0.031592
-0.032179
-0.031739
-0.030799
-0.030071
-0.029319
-0.028023
-0.026633
-0.025854
-0.025432
-0.024961
-0.024739
-0.025008
-0.025288
-0.025234
-0.025361
-0.026072
-0.026822
-0.027259
-0.027517
-0.027711
-0.028073
-0.028491
-0.028501
-0.028034
-0.027171
-0.02599
-0.024601
-0.023068
-0.021633
-0.020213
-0.017989
-0.014864
-0.011953
-0.01033
-0.009771
-0.008992
-0.007469
-0.006216
-0.005948
-0.005862
-0.004644
-0.002298
-0.000118
0.00161
0.003782
0.006476
0.008972
0.010736
0.011541
0.011561
0.011277
0.010846
0.009613
0.006988
0.003637
0.000556
-0.002017
-0.004437
-0.006785
-0.008709
-0.010101
-0.011298
-0.012275
-0.012724
-0.012856
-0.012977
-0.012672
-0.011497
-0.009698
-0.007861
-0.006158
-0.00426
-0.001859
0.000821
0.003609
0.007081
0.010888
0.013087
0.013124
0.01238
0.011725
0.010894
0.00921
0.006402
0.003261
0.000512
-0.002008
-0.004597
-0.00692
-0.008634
-0.009849
-0.01049
-0.010551
-0.010848
-0.012042
-0.013326
-0.013544
-0.013222
-0.013618
-0.01463
-0.015098
-0.014642
-0.014177
-0.01435
-0.014366
-0.013436
-0.012253
-0.012125
-0.012962
-0.013451
-0.013082
-0.012532
-0.012588
-0.013564
-0.014597
-0.014003
-0.01174
-0.010005
-0.00977
-0.009925
-0.009744
-0.00938
-0.00938
-0.010267
-0.01189
-0.013196
-0.013341
-0.013101
-0.013118
-0.012615
-0.011185
-0.009182
-0.006519
-0.003122
0.000342
0.00333
0.006291
0.00973
0.01319
0.015844
0.017415
0.018089
0.018385
0.018654
0.018784
0.018438
0.017138
0.01484
0.012557
0.011393
0.011251
0.011131
0.01023
0.008809
0.008199
0.008836
0.009604
0.009655
0.009117
0.008578
0.008527
0.008697
0.008386
0.007115
0.004946
0.002645
0.001068
0.000312
-0.000384
-0.001972
-0.004143
-0.005811
-0.006646
-0.007031
-0.007354
-0.007706
-0.007706
-0.007387
-0.007511
-0.00782
-0.007097
-0.005483
-0.004069
-0.002817
-0.000961
0.00144
0.003646
0.005333
0.006807
0.008311
0.009664
0.010123
0.009153
0.007446
0.0063
0.005776
0.004684
0.002507
0.000142
-0.00132
-0.001679
-0.001503
-0.001342
-0.001536
-0.001908
-0.001807
-0.000904
0.000312
0.000716
0.000058
-0.000057
0.001316
0.003136
0.004753
0.006567
0.008783
0.011048
0.012864
0.014583
0.016713
0.018789
0.020423
0.022076
0.023732
0.024924
0.02604
0.027468
0.028587
0.029026
0.029128
0.028878
0.027681
0.025559
0.022866
0.019653
0.016291
0.012995
0.009549
0.006077
0.002705
-0.000438
-0.002855
-0.004402
-0.005649
-0.006881
-0.007842
-0.008672
-0.009688
-0.010589
-0.011096
-0.011098
-0.010449
-0.009426
-0.00874
-0.008427
-0.007759
-0.006562
-0.005478
-0.005103
-0.005266
-0.004932
-0.003629
-0.002451
-0.002267
-0.002339
-0.001777
-0.000518
0.000825
0.001569
0.001583
0.001127
0.00065
0.000668
0.000885
0.000139
-0.001772
-0.003596
-0.004528
-0.004778
-0.004994
-0.005852
-0.007201
-0.0077
-0.006691
-0.005294
-0.004251
-0.003146
-0.002213
-0.001963
-0.001833
-0.000846
0.000707
0.001799
0.002337
0.003195
0.004956
0.007292
0.009963
0.012924
0.015714
0.018184
0.020654
0.023235
0.025556
0.027543
0.029338
0.030716
0.03178
0.032916
0.033708
0.03352
0.032552
0.031431
0.02998
0.027661
0.024497
0.020739
0.016924
0.013618
0.010457
0.00706
0.003765
0.000749
-0.00182
-0.003751
-0.005696
-0.008255
-0.011001
-0.012956
-0.013834
-0.014607
-0.016001
-0.017
-0.016395
-0.014653
-0.013193
-0.012147
-0.010226
-0.007178
-0.004316
-0.002366
-0.000594
0.001601
0.003624
0.004968
0.005645
0.005528
0.00454
0.003461
0.003578
0.004572
0.004929
0.00476
0.005317
0.007177
0.009777
0.012202
0.014265
0.016303
0.01827
0.019925
0.021188
0.022105
0.023068
0.024191
0.024566
0.023884
0.023052
0.02228
0.020894
0.018712
0.016088
0.013257
0.010242
0.007476
0.005473
0.003805
0.001716
-0.000499
-0.002395
-0.004018
-0.004873
-0.004598
-0.003931
-0.003456
-0.003079
-0.00271
-0.001865
0.000071
0.002511
0.004365
0.005851
0.008062
0.010489
0.011819
0.012657
0.014217
0.016027
0.016827
0.015891
0.013578
0.011056
0.009275
0.008126
0.006535
0.004026
0.001867
0.000893
0.000152
-0.000739
-0.001041
-0.000915
-0.001088
-0.001342
-0.001118
-0.000682
-0.000926
-0.002474
-0.004832
-0.007067
-0.009095
-0.01165
-0.015024
-0.018846
-0.022683
-0.025929
-0.028338
-0.030402
-0.032423
-0.034208
-0.035101
-0.034897
-0.034194
-0.033238
-0.031628
-0.029114
-0.026327
-0.024069
-0.022371
-0.020934
-0.019474
-0.018158
-0.0173
-0.01699
-0.017226
-0.017693
-0.018017
-0.018153
-0.018198
-0.018234
-0.018135
-0.017885
-0.017582
-0.017253
-0.016931
-0.016685
-0.016306
-0.015543
-0.014891
-0.014985
-0.015746
-0.016531
-0.016776
-0.016621
-0.016333
-0.01611
-0.016113
-0.015902
-0.014739
-0.01311
-0.012343
-0.012612
-0.012611
-0.01161
-0.010565
-0.010304
-0.01026
-0.009531
-0.008212
-0.007022
-0.006137
-0.00544
-0.004999
-0.004758
-0.00426
-0.003628
-0.003415
-0.00372
-0.00435
-0.004892
-0.005216
-0.006171
-0.008202
-0.010331
-0.011963
-0.013586
-0.015349
-0.017058
-0.018437
-0.01947
-0.020916
-0.022769
-0.023473
-0.022388
-0.020786
-0.019867
-0.019094
-0.017531
-0.015599
-0.014188
-0.013492
-0.013468
-0.014112
-0.015141
-0.016376
-0.018083
-0.020251
-0.02253
-0.024406
-0.025669
-0.026874
-0.028257
-0.029139
-0.029262
-0.029335
-0.029666
-0.029657
-0.029147
-0.028586
-0.027751
-0.025989
-0.023482
-0.020667
-0.018065
-0.015916
-0.013271
-0.009658
-0.006168
-0.003288
-0.00002
0.003748
0.006604
0.008261
0.009782
0.011386
0.012193
0.011986
0.011294
0.010147
0.008623
0.006862
0.004684
0.002382
0.00024
-0.001637
-0.003274
-0.004796
-0.006066
-0.006889
-0.007373
-0.007974
-0.008983
-0.010159
-0.010998
-0.011118
-0.010881
-0.010705
-0.010121
-0.008849
-0.007571
-0.006755
-0.006157
-0.005094
-0.003445
-0.002272
-0.002244
-0.002712
-0.002888
-0.002867
-0.003421
-0.004496
-0.005444
-0.006381
-0.007702
-0.009303
-0.010704
-0.012009
-0.01362
-0.014944
-0.015372
-0.015245
-0.015106
-0.014479
-0.012706
-0.010387
-0.008262
-0.005952
-0.003088
0.000124
0.003324
0.00572
0.006883
0.007493
0.008055
0.008384
0.008391
0.008534
0.009104
0.009444
0.008551
0.006866
0.005936
0.006035
0.006243
0.00614
0.005939
0.005721
0.005173
0.004363
0.003881
0.004011
0.00425
0.004047
0.004157
0.005605
0.007508
0.008363
0.008538
0.009631
0.011514
0.012743
0.01328
0.01409
0.014936
0.014841
0.014289
0.014227
0.014203
0.013804
0.013435
0.013425
0.013836
0.014536
0.015264
0.016359
0.017873
0.019105
0.020033
0.021032
0.022023
0.023014
0.024114
0.025137
0.025454
0.025165
0.025376
0.026112
0.02644
0.025978
0.025332
0.025395
0.026322
0.027711
0.028718
0.028965
0.028975
0.029257
0.029325
0.028396
0.026815
0.025405
0.023971
0.021854
0.01913
0.016167
0.013231
0.010726
0.008613
0.006859
0.005665
0.004841
0.004349
0.004953
0.006923
0.008818
0.009715
0.010915
0.013319
0.015691
0.01655
0.016137
0.015501
0.014879
0.014412
0.014146
0.013078
0.011209
0.009613
0.008707
0.008391
0.00814
0.007812
0.008148
0.009509
0.011257
0.012663
0.013792
0.014907
0.015868
0.016363
0.016354
0.01577
0.014716
0.013903
0.013489
0.012669
0.011188
0.009786
0.009058
0.008691
0.008061
0.006779
0.005448
0.005163
0.005728
0.006157
0.006129
0.005982
0.006141
0.006486
0.006489
0.005863
0.005167
0.004828
0.004404
0.003889
0.003927
0.004225
0.003865
0.002938
0.002178
0.001788
0.001823
0.002719
0.004618
0.006783
0.00845
0.009711
0.011298
0.01342
0.015124
0.015772
0.016136
0.016621
0.016416
0.014897
0.012756
0.010971
0.009505
0.007761
0.005629
0.003809
0.003261
0.003566
0.003254
0.002228
0.001832
0.002807
0.004416
0.005433
0.00541
0.005131
0.005827
0.007555
0.009306
0.010074
0.010075
0.010458
0.011406
0.012008
0.011413
0.009318
0.006437
0.003706
0.000954
-0.002265
-0.005833
-0.00963
-0.013518
-0.017312
-0.020903
-0.024
-0.026107
-0.027469
-0.028471
-0.028503
-0.027267
-0.025348
-0.023286
-0.021455
-0.020089
-0.019135
-0.018022
-0.016698
-0.015875
-0.016071
-0.01727
-0.018907
-0.020338
-0.02127
-0.022132
-0.023348
-0.024544
-0.025437
-0.025902
-0.026041
-0.026013
-0.025607
-0.024625
-0.023073
-0.0211
-0.019036
-0.016799
-0.014121
-0.011299
-0.008333
-0.005006
-0.001984
0.00062
0.003293
0.005568
0.006855
0.007549
0.007973
0.007783
0.007093
0.006097
0.004345
0.002096
0.000326
-0.000593
-0.000946
-0.001583
-0.002875
-0.003212
-0.00139
0.00126
0.002961
0.003971
0.005434
0.00757
0.009958
0.012135
0.01378
0.01456
0.014597
0.014952
0.015661
0.015318
0.013865
0.012686
0.01199
0.010928
0.009732
0.009256
0.009236
0.009051
0.008784
0.008972
0.009291
0.008418
0.006111
0.003575
0.001932
0.000931
-0.000664
-0.002934
-0.005356
-0.00751
-0.008782
-0.009591
-0.010973
-0.012657
-0.013628
-0.013947
-0.01433
-0.014794
-0.015295
-0.016021
-0.016892
-0.017549
-0.017725
-0.017623
-0.017691
-0.01815
-0.019039
-0.020033
-0.020433
-0.019926
-0.018939
-0.018143
-0.017666
-0.016674
-0.014785
-0.012784
-0.01136
-0.010292
-0.009
-0.007417
-0.005998
-0.005112
-0.004641
-0.004241
-0.004161
-0.004743
-0.005384
-0.005238
-0.004563
-0.003853
-0.003242
-0.002869
-0.002253
-0.001029
0.000103
0.000833
0.001594
0.00266
0.00407
0.005378
0.005838
0.005866
0.00642
0.007661
0.009264
0.01048
0.010787
0.011064
0.012363
0.013929
0.013993
0.012527
0.010946
0.009773
0.00874
0.007544
0.005531
0.002433
-0.000847
-0.003252
-0.004899
-0.00682
-0.009736
-0.012993
-0.01567
-0.017861
-0.01987
-0.021666
-0.023522
-0.025289
-0.026122
-0.02595
-0.025492
-0.025117
-0.024855
-0.024605
-0.02374
-0.021641
-0.019309
-0.017829
-0.016785
-0.01579
-0.014843
-0.014058
-0.013696
-0.013641
-0.013618
-0.013461
-0.013235
-0.01306
-0.013146
-0.013551
-0.013512
-0.012623
-0.011606
-0.01081
-0.010097
-0.009263
-0.00839
-0.007775
-0.007241
-0.006886
-0.006875
-0.006556
-0.005869
-0.00555
-0.005793
-0.00609
-0.006115
-0.006037
-0.005989
-0.005629
-0.004869
-0.004368
-0.004338
-0.003989
-0.002947
-0.001994
-0.00181
-0.001878
-0.001321
-0.000333
-0.000179
-0.001036
-0.001948
-0.002735
-0.00389
-0.005307
-0.006588
-0.008174
-0.010129
-0.011241
-0.011318
-0.011543
-0.012017
-0.011932
-0.011338
-0.010566
-0.009677
-0.009075
-0.009126
-0.008698
-0.006806
-0.004716
-0.00392
-0.003956
-0.003072
-0.00091
0.000958
0.00174
0.002079
0.002827
0.004002
0.004871
0.004738
0.003596
0.002359
0.001601
0.001204
0.000887
-0.000067
-0.001889
-0.003777
-0.004831
-0.005279
-0.005946
-0.006959
-0.007707
-0.008038
-0.00877
-0.009821
-0.009803
-0.008448
-0.006873
-0.005982
-0.005238
-0.003405
-0.000609
0.002062
0.004191
0.006035
0.00761
0.008727
0.009698
0.01056
0.010906
0.010791
0.010739
0.01081
0.010431
0.009199
0.008018
0.007845
0.007654
0.006442
0.004922
0.003904
0.003513
0.00316
0.002214
0.001161
0.000809
0.001238
0.001938
0.002278
0.002444
0.002974
0.003702
0.004455
0.005368
0.006109
0.006816
0.008104
0.009445
0.009463
0.008146
0.007087
0.006962
0.00653
0.004628
0.001671
-0.000937
-0.002508
-0.003742
-0.005404
-0.007188
-0.008172
-0.008001
-0.00725
-0.00595
-0.00398
-0.002044
-0.000519
0.001378
0.003993
0.006297
0.007822
0.009019
0.010006
0.010695
0.011198
0.011578
0.011897
0.012798
0.014296
0.015537
0.01678
0.018474
0.020101
0.021763
0.023643
0.025054
0.025737
0.026016
0.026235
0.026916
0.027739
0.027488
0.026011
0.024845
0.024717
0.024605
0.023581
0.022204
0.021942
0.022974
0.023808
0.023508
0.022417
0.021574
0.021698
0.022171
0.022026
0.02131
0.020321
0.019229
0.018559
0.018137
0.017438
0.016595
0.015501
0.013906
0.011837
0.009924
0.008428
0.00702
0.006121
0.005799
0.005322
0.004775
0.004563
0.004696
0.005114
0.005655
0.006333
0.006811
0.006441
0.005798
0.006055
0.007001
0.007466
0.007499
0.007363
0.006506
0.005177
0.004563
0.005267
0.00667
0.007503
0.00721
0.00635
0.005853
0.006052
0.006083
0.005156
0.003937
0.003173
0.002748
0.00235
0.00177
0.000567
-0.001141
-0.00226
-0.002473
-0.002788
-0.003877
-0.00476
-0.00457
-0.004061
-0.004038
-0.004544
-0.004587
-0.003478
-0.002268
-0.001633
-0.001119
-0.00052
-0.000072
-0.000357
-0.001151
-0.001867
-0.002377
-0.002915
-0.003782
-0.004297
-0.003494
-0.001829
-0.000451
0.000437
0.001714
0.003905
0.006404
0.008538
0.010092
0.011451
0.01317
0.014911
0.016257
0.017109
0.01752
0.018316
0.019905
0.021064
0.021073
0.02111
0.02209
0.023343
0.023826
0.023631
0.023639
0.023592
0.023
0.022417
0.022329
0.022238
0.021487
0.020155
0.018731
0.01734
0.016299
0.016082
0.016211
0.015603
0.013758
0.011817
0.011336
0.011801
0.011593
0.010071
0.008194
0.007215
0.006619
0.005385
0.003727
0.002093
0.000892
-0.000028
-0.001215
-0.002692
-0.004501
-0.00666
-0.008384
-0.009149
-0.009861
-0.01168
-0.014636
-0.017571
-0.019532
-0.020963
-0.02249
-0.024262
-0.026422
-0.028485
-0.029199
-0.028886
-0.028856
-0.029144
-0.028835
-0.027228
-0.025035
-0.023476
-0.022529
-0.021273
-0.019361
-0.017826
-0.017187
-0.016699
-0.015974
-0.014949
-0.013684
-0.013036
-0.013467
-0.014217
-0.01446
-0.014249
-0.014051
-0.014482
-0.015285
-0.01529
-0.014449
-0.013702
-0.013141
-0.011785
-0.00935
-0.00629
-0.003082
-0.000545
0.001032
0.002347
0.004162
0.005861
0.006443
0.006254
0.006259
0.006521
0.006607
0.006478
0.006459
0.006871
0.007369
0.007458
0.007595
0.008112
0.008534
0.008826
0.009512
0.010564
0.01108
0.010517
0.009664
0.00892
0.008257
0.007977
0.007777
0.007342
0.007106
0.007317
0.007553
0.007363
0.00728
0.00781
0.008096
0.007167
0.005523
0.004224
0.002996
0.001053
-0.00121
-0.00308
-0.004958
-0.007368
-0.01014
-0.013089
-0.015709
-0.017484
-0.018802
-0.02053
-0.022416
-0.023799
-0.024612
-0.024877
-0.024884
-0.024987
-0.025184
-0.025562
-0.025439
-0.023952
-0.022172
-0.021351
-0.02079
-0.019458
-0.017629
-0.016031
-0.014579
-0.013349
-0.012645
-0.011916
-0.010573
-0.008793
-0.006887
-0.005228
-0.003728
-0.001985
-0.000397
0.000711
0.001844
0.003192
0.004113
0.004408
0.004352
0.003679
0.002261
0.000717
-0.000286
-0.001086
-0.002408
-0.004344
-0.006249
-0.007398
-0.007824
-0.00809
-0.008336
-0.008519
-0.008579
-0.008302
-0.007766
-0.007122
-0.006532
-0.006288
-0.006093
-0.005374
-0.004216
-0.003209
-0.002679
-0.002266
-0.001086
0.000842
0.002482
0.003369
0.0038
0.004386
0.005412
0.005978
0.0053
0.004012
0.00305
0.002276
0.001077
-0.000702
-0.002292
-0.002965
-0.003399
-0.004653
-0.006563
-0.007893
-0.007986
-0.0078
-0.008163
-0.008583
-0.008341
-0.007818
-0.008103
-0.009136
-0.010172
-0.011192
-0.012744
-0.015052
-0.017244
-0.018564
-0.019092
-0.01948
-0.020491
-0.02193
-0.022616
-0.021914
-0.020482
-0.019245
-0.018192
-0.017036
-0.015813
-0.014322
-0.012388
-0.010349
-0.008503
-0.006776
-0.005122
-0.003557
-0.001837
-0.000032
0.001528
0.002868
0.004077
0.004922
0.005148
0.005119
0.005603
0.006513
0.006961
0.006833
0.007069
0.008147
0.009364
0.00997
0.010335
0.011043
0.012372
0.013983
0.014781
0.014597
0.014608
0.015542
0.016696
0.017012
0.016357
0.015193
0.014172
0.01344
0.012615
0.011394
0.00978
0.008246
0.006921
0.005173
0.003194
0.002108
0.001833
0.001036
-0.000581
-0.001676
-0.001447
-0.000806
-0.000902
-0.001952
-0.002985
-0.003142
-0.003187
-0.004364
-0.006124
-0.007356
-0.008326
-0.009427
-0.010493
-0.011717
-0.013001
-0.013941
-0.014744
-0.0153
-0.015371
-0.015897
-0.017504
-0.019245
-0.020183
-0.020838
-0.021605
-0.022002
-0.022108
-0.022258
-0.022142
-0.02148
-0.020383
-0.01933
-0.018548
-0.017655
-0.016191
-0.014596
-0.013686
-0.013056
-0.01212
-0.011251
-0.010793
-0.010459
-0.009596
-0.008157
-0.00703
-0.006713
-0.006495
-0.005504
-0.003901
-0.002499
-0.001703
-0.001364
-0.000695
0.000572
0.001544
0.001797
0.002272
0.003871
0.005897
0.007028
0.007497
0.008263
0.00922
0.009595
0.009089
0.008007
0.007194
0.007257
0.007522
0.007197
0.006376
0.00582
0.006391
0.007761
0.008846
0.009258
0.009468
0.010324
0.011914
0.013087
0.013169
0.012555
0.012218
0.012412
0.01242
0.011721
0.010343
0.008804
0.007944
0.007519
0.006262
0.004397
0.003026
0.00217
0.001451
0.000533
-0.000782
-0.002168
-0.003366
-0.004604
-0.005835
-0.006982
-0.008609
-0.010884
-0.012695
-0.013604
-0.014412
-0.015319
-0.015696
-0.015172
-0.014256
-0.013635
-0.012845
-0.011189
-0.009377
-0.008475
-0.007827
-0.006197
-0.003702
-0.001519
-0.000461
-0.000038
0.000604
0.001582
0.002825
0.004233
0.005812
0.00763
0.009255
0.010595
0.012083
0.013335
0.013766
0.013681
0.01378
0.014212
0.014844
0.015788
0.016919
0.017975
0.018802
0.019264
0.019835
0.020818
0.021684
0.022348
0.023241
0.024291
0.02489
0.024499
0.023464
0.022578
0.022189
0.02222
0.022353
0.021882
0.020445
0.018795
0.017422
0.015965
0.014476
0.012829
0.010702
0.00835
0.006206
0.004353
0.002789
0.001645
0.000799
0.000111
-0.000139
0.000129
0.000725
0.000966
0.000394
-0.000157
0.00012
0.000876
0.001253
0.001032
0.00081
0.001166
0.001914
0.002297
0.001916
0.001242
0.001355
0.001922
0.00149
0.000195
-0.000899
-0.001718
-0.002657
-0.003751
-0.004494
-0.00463
-0.004519
-0.004099
-0.003243
-0.002188
-0.001144
-0.000526
-0.00009
0.001163
0.003466
0.005508
0.006418
0.007209
0.009109
0.011541
0.012797
0.012521
0.012248
0.012656
0.012952
0.012506
0.011395
0.01047
0.010199
0.010051
0.009568
0.008966
0.008597
0.008514
0.00862
0.008683
0.008685
0.008953
0.010044
0.011632
0.012425
0.011965
0.011249
0.011068
0.011091
0.010971
0.010857
0.0108
0.010381
0.009574
0.009103
0.009117
0.009201
0.00895
0.008397
0.007993
0.007697
0.006848
0.005081
0.003225
0.002484
0.002723
0.002888
0.002433
0.001897
0.001715
0.001447
0.000601
-0.000522
-0.000876
-0.000273
-0.000079
-0.001293
-0.003015
-0.003767
-0.003607
-0.003408
-0.003555
-0.003427
-0.002003
0.000011
0.000942
0.001189
0.002507
0.004769
0.006275
0.00698
0.008018
0.009211
0.009595
0.009302
0.009029
0.008762
0.008162
0.007548
0.007539
0.007739
0.007367
0.006778
0.006868
0.007562
0.007774
0.007461
0.007457
0.007689
0.008036
0.008274
0.007586
0.006588
0.006541
0.00725
0.007598
0.007036
0.006343
0.006269
0.006354
0.00628
0.006184
0.005934
0.005449
0.005269
0.005653
0.006101
0.00628
0.006254
0.006171
0.006161
0.006138
0.006023
0.005845
0.005665
0.005557
0.005578
0.005673
0.006041
0.007005
0.008337
0.009312
0.00957
0.009409
0.009119
0.008426
0.006967
0.005079
0.003124
0.000975
-0.001206
-0.003313
-0.00556
-0.008054
-0.010469
-0.01223
-0.01305
-0.013448
-0.013966
-0.014462
-0.01463
-0.014374
-0.01402
-0.014023
-0.014338
-0.014621
-0.014725
-0.014812
-0.01503
-0.015355
-0.015808
-0.016627
-0.017435
-0.017584
-0.017573
-0.01854
-0.020684
-0.022734
-0.023395
-0.023006
-0.022717
-0.022523
-0.021418
-0.019336
-0.017168
-0.015636
-0.014665
-0.013379
-0.010997
-0.007926
-0.005387
-0.003914
-0.003067
-0.002178
-0.000958
0.000282
0.001325
0.002307
0.003553
0.004726
0.005101
0.004851
0.004732
0.005071
0.005519
0.005732
0.006219
0.00771
0.009566
0.010371
0.010151
0.010264
0.011646
0.013537
0.01431
0.013688
0.012725
0.012195
0.01191
0.011105
0.010006
0.009499
0.0095
0.009249
0.008396
0.007236
0.006374
0.00614
0.006258
0.005622
0.003821
0.002266
0.00164
0.000713
-0.001262
-0.003608
-0.005418
-0.006579
-0.007474
-0.008252
-0.008997
-0.009898
-0.010577
-0.010983
-0.011579
-0.012271
-0.013071
-0.01434
-0.015801
-0.017083
-0.018383
-0.019901
-0.021559
-0.022853
-0.023476
-0.024266
-0.025621
-0.026864
-0.027537
-0.027617
-0.027355
-0.027195
-0.027105
-0.026308
-0.024572
-0.022888
-0.021651
-0.020054
-0.017865
-0.015921
-0.014416
-0.012586
-0.010072
-0.007381
-0.005186
-0.003796
-0.002609
-0.000714
0.001515
0.002841
0.00301
0.00288
0.003189
0.003994
0.004901
0.00507
0.004405
0.003932
0.003894
0.003524
0.002835
0.002507
0.002662
0.002806
0.002429
0.001229
-0.000308
-0.00108
-0.000866
-0.000525
-0.000787
-0.001728
-0.002947
-0.003561
-0.003225
-0.002875
-0.003121
-0.00355
-0.00346
-0.003185
-0.003318
-0.003305
-0.00287
-0.002644
-0.002938
-0.003403
-0.003698
-0.004047
-0.004972
-0.006731
-0.008573
-0.009503
-0.009968
-0.011026
-0.012577
-0.013958
-0.015017
-0.015851
-0.016382
-0.016628
-0.016812
-0.016974
-0.016663
-0.015956
-0.015599
-0.015619
-0.015034
-0.013294
-0.011354
-0.009996
-0.008523
-0.006434
-0.004053
-0.001861
-0.000146
0.000866
0.001074
0.000929
0.000935
0.000833
0.000153
-0.001024
-0.001942
-0.001833
-0.000966
-0.000427
-0.000706
-0.001256
-0.001012
0.000154
0.001371
0.002288
0.00292
0.003145
0.003205
0.003665
0.004778
0.006084
0.007078
0.007886
0.009153
0.010858
0.012024
0.012196
0.012016
0.012125
0.012447
0.012535
0.012221
0.011397
0.010186
0.009312
0.009156
0.008968
0.008163
0.007437
0.007571
0.008246
0.008743
0.008862
0.008923
0.009087
0.009254
0.009308
0.009078
0.008474
0.007843
0.0075
0.007076
0.006197
0.005466
0.005288
0.005186
0.005004
0.004802
0.004269
0.003527
0.003014
0.002548
0.001843
0.001315
0.001108
0.000437
-0.001128
-0.002574
-0.003255
-0.003904
-0.004761
-0.00513
-0.004693
-0.004162
-0.004302
-0.004672
-0.004755
-0.004452
-0.003735
-0.00281
-0.00187
-0.001567
-0.002172
-0.002656
-0.002362
-0.001333
-0.000319
-0.000541
-0.00192
-0.003004
-0.002885
-0.002094
-0.001412
-0.000987
-0.000736
-0.000244
0.00088
0.002244
0.003218
0.003473
0.002833
0.002035
0.002119
0.002735
0.002874
0.002742
0.003164
0.003892
0.004289
0.004872
0.006374
0.008122
0.008898
0.008687
0.008357
0.008402
0.0085
0.008113
0.006969
0.00546
0.004286
0.003394
0.002441
0.001771
0.001639
0.00173
0.001769
0.001758
0.002012
0.002722
0.003361
0.003689
0.004074
0.004685
0.005518
0.006234
0.006345
0.00606
0.005863
0.005897
0.006117
0.006409
0.006413
0.006241
0.00631
0.00649
0.006714
0.007346
0.008369
0.009153
0.009368
0.009891
0.011364
0.012797
0.013133
0.012972
0.01323
0.013595
0.01347
0.012987
0.0124
0.011327
0.009709
0.008334
0.007848
0.007979
0.007425
0.005891
0.004623
0.004452
0.004818
0.004666
0.003848
0.002665
0.001107
-0.00037
-0.001103
-0.001652
-0.003063
-0.004808
-0.005621
-0.005338
-0.004903
-0.004962
-0.005198
-0.005172
-0.004918
-0.004644
-0.004542
-0.004569
-0.00475
-0.00542
-0.00656
-0.007524
-0.00786
-0.00798
-0.008443
-0.008973
-0.009087
-0.009259
-0.010129
-0.010772
-0.010198
-0.008913
-0.007793
-0.007165
-0.006922
-0.006733
-0.006337
-0.005613
-0.00455
-0.003379
-0.002485
-0.001991
-0.001527
-0.000355
0.001491
0.003084
0.003999
0.004593
0.005404
0.006777
0.008384
0.009696
0.010705
0.011613
0.012227
0.01233
0.012083
0.011393
0.009925
0.008287
0.007504
0.007381
0.006734
0.005186
0.003569
0.00266
0.002692
0.003443
0.004052
0.004398
0.005306
0.006607
0.007204
0.006895
0.006457
0.006345
0.006404
0.006639
0.006869
0.006388
0.005224
0.004564
0.004919
0.005416
0.005293
0.004868
0.004677
0.004767
0.004815
0.004586
0.003958
0.002827
0.001562
0.000803
0.00045
-0.00028
-0.001997
-0.004116
-0.005232
-0.005014
-0.004517
-0.004495
-0.004764
-0.004833
-0.004637
-0.004685
-0.0051
-0.005379
-0.005716
-0.006674
-0.007976
-0.008843
-0.00942
-0.010553
-0.011913
-0.012535
-0.012632
-0.01276
-0.012725
-0.011897
-0.010098
-0.008218
-0.007349
-0.007124
-0.006112
-0.003884
-0.001669
-0.00045
0.000055
0.000435
0.000991
0.001373
0.001002
0.000536
0.001112
0.00237
0.003012
0.002842
0.002707
0.003166
0.003895
0.004417
0.004655
0.004776
0.004878
0.00492
0.004815
0.004616
0.004137
0.002902
0.001233
0.00026
0.000376
0.000829
0.000864
0.000525
0.000285
0.000115
-0.000238
-0.000262
0.000132
0.000178
-0.000657
-0.002041
-0.003006
-0.003093
-0.00282
-0.002507
-0.002079
-0.001826
-0.002001
-0.002297
-0.002413
-0.002432
-0.002581
-0.002918
-0.003335
-0.003797
-0.004588
-0.00576
-0.007013
-0.007977
-0.008385
-0.008408
-0.008466
-0.008727
-0.009022
-0.009223
-0.009788
-0.01098
-0.011764
-0.011236
-0.010142
-0.009311
-0.008792
-0.008551
-0.008306
-0.00728
-0.005558
-0.004483
-0.004424
-0.004193
-0.003134
-0.001787
-0.000807
-0.000327
-0.000034
0.000639
0.001662
0.002748
0.004054
0.005296
0.006305
0.007643
0.009032
0.00971
0.009997
0.010508
0.010768
0.010419
0.009838
0.009171
0.008349
0.007428
0.006399
0.005145
0.003752
0.00256
0.001418
-0.000198
-0.002236
-0.003836
-0.004375
-0.004457
-0.005039
-0.005845
-0.006061
-0.006053
-0.006557
-0.007109
-0.007105
-0.006786
-0.006657
-0.006869
-0.007166
-0.007353
-0.007816
-0.008647
-0.009194
-0.009071
-0.008649
-0.008483
-0.008564
-0.008515
-0.008309
-0.008203
-0.008712
-0.010098
-0.011438
-0.011613
-0.011544
-0.012725
-0.01434
-0.014796
-0.014593
-0.015188
-0.016386
-0.01676
-0.015857
-0.0146
-0.013956
-0.014187
-0.014816
-0.014988
-0.014773
-0.014742
-0.014795
-0.014889
-0.015406
-0.016001
-0.016051
-0.015699
-0.015227
-0.014661
-0.014228
-0.013641
-0.012305
-0.010601
-0.0093
-0.008567
-0.007958
-0.006967
-0.005588
-0.004083
-0.002439
-0.001042
-0.000883
-0.001504
-0.001355
-0.000267
0.000606
0.000963
0.001328
0.001752
0.001945
0.002454
0.003831
0.005385
0.006369
0.006833
0.007321
0.008248
0.009262
0.009563
0.009111
0.008652
0.008443
0.008194
0.007745
0.007047
0.005677
0.003945
0.003149
0.003226
0.003099
0.002838
0.002849
0.003245
0.003888
0.004277
0.004149
0.004103
0.004775
0.005858
0.006701
0.006963
0.006881
0.007126
0.007694
0.008067
0.008291
0.008449
0.008201
0.007431
0.006614
0.006031
0.004919
0.003235
0.002202
0.002064
0.001755
0.000917
0.00053
0.001079
0.001986
0.003194
0.004416
0.005092
0.005655
0.006584
0.007312
0.007564
0.008033
0.008869
0.009371
0.009269
0.009041
0.009114
0.009399
0.009613
0.009675
0.00973
0.009829
0.009978
0.009954
0.009464
0.008647
0.00791
0.007572
0.00769
0.007982
0.008097
0.007763
0.006989
0.00608
0.005078
0.004128
0.003749
0.003667
0.003234
0.00264
0.002256
0.002019
0.00225
0.002973
0.00352
0.003988
0.005218
0.00708
0.008433
0.008926
0.009531
0.010798
0.012135
0.012787
0.012727
0.012446
0.012418
0.012619
0.012678
0.012243
0.011238
0.010056
0.009167
0.008718
0.008032
0.006504
0.005084
0.004509
0.004106
0.003213
0.001774
0.00038
-0.000094
0.000301
0.000677
0.000595
0.000398
0.000421
0.00066
0.000957
0.001515
0.002453
0.003187
0.003322
0.003542
0.004305
0.004962
0.004784
0.0039
0.003267
0.003496
0.003962
0.003769
0.003021
0.00248
0.002413
0.002564
0.002749
0.003371
0.004887
0.006933
0.008326
0.00861
0.008875
0.009752
0.010705
0.011237
0.011033
0.010222
0.009486
0.00935
0.009233
0.008315
0.006819
0.005414
0.004328
0.003174
0.001568
-0.000175
-0.001756
-0.003414
-0.005136
-0.006733
-0.008253
-0.00906
-0.008901
-0.008877
-0.009259
-0.009115
-0.008223
-0.007102
-0.006079
-0.004887
-0.003457
-0.002479
-0.002434
-0.002894
-0.003166
-0.003136
-0.003179
-0.003649
-0.004665
-0.005453
-0.005265
-0.005128
-0.00625
-0.007654
-0.008103
-0.007944
-0.007805
-0.007855
-0.008028
-0.008017
-0.007569
-0.006909
-0.006488
-0.006068
-0.005126
-0.003948
-0.003016
-0.002103
-0.000852
0.000891
0.002717
0.00381
0.003981
0.003924
0.004261
0.004775
0.00503
0.004708
0.003712
0.002558
0.001915
0.002104
0.002014
0.000439
-0.001611
-0.002574
-0.002371
-0.001756
-0.001103
-0.000331
0.000315
0.000589
0.000689
0.001002
0.001647
0.002184
0.002003
0.001527
0.001407
0.000926
-0.000094
-0.000415
0.000136
0.000422
-0.000328
-0.001653
-0.002694
-0.003174
-0.0032
-0.003149
-0.003432
-0.004425
-0.006208
-0.007892
-0.008579
-0.008656
-0.009366
-0.010899
-0.012124
-0.012384
-0.01209
-0.011606
-0.011038
-0.010746
-0.010625
-0.009693
-0.007792
-0.006386
-0.006336
-0.006226
-0.004786
-0.00297
-0.002389
-0.003162
-0.004228
-0.004637
-0.004633
-0.005062
-0.006206
-0.007958
-0.0094
-0.009525
-0.009201
-0.009757
-0.010641
-0.010547
-0.009788
-0.009284
-0.008579
-0.007055
-0.005565
-0.004838
-0.003954
-0.002391
-0.001206
-0.00075
-0.00024
0.000659
0.001491
0.001686
0.001283
0.000928
0.000746
0.000379
-0.00001
-0.000309
-0.00079
-0.001232
-0.001321
-0.001235
-0.001458
-0.002226
-0.003049
-0.003141
-0.002634
-0.002415
-0.003003
-0.003613
-0.003292
-0.002742
-0.002976
-0.00361
-0.003835
-0.003654
-0.003793
-0.00492
-0.006609
-0.007362
-0.006557
-0.005308
-0.005091
-0.005844
-0.006142
-0.005207
-0.003892
-0.003615
-0.004597
-0.00554
-0.005186
-0.004068
-0.003968
-0.005221
-0.006397
-0.006691
-0.006729
-0.006669
-0.005912
-0.004833
-0.004329
-0.004243
-0.004275
-0.004253
-0.003949
-0.003753
-0.003594
-0.003287
-0.003742
-0.005077
-0.005997
-0.005868
-0.005726
-0.006487
-0.007398
-0.00742
-0.006869
-0.006422
-0.006308
-0.006368
-0.006305
-0.006101
-0.005924
-0.005835
-0.005896
-0.006313
-0.006857
-0.007036
-0.006942
-0.007028
-0.00754
-0.0079
-0.007887
-0.008171
-0.008783
-0.009108
-0.009045
-0.008861
-0.008445
-0.007662
-0.006759
-0.005989
-0.005209
-0.003923
-0.002605
-0.002129
-0.001937
-0.000971
0.000527
0.001548
0.001831
0.001789
0.002115
0.003353
0.004796
0.005489
0.005438
0.005305
0.005672
0.006117
0.006114
0.005665
0.005156
0.004806
0.004325
0.003436
0.002717
0.002636
0.002482
0.002072
0.002153
0.002777
0.003641
0.004531
0.004982
0.00513
0.005695
0.00662
0.007028
0.006658
0.006089
0.005646
0.004947
0.003962
0.003313
0.003282
0.003241
0.002772
0.002397
0.00236
0.002337
0.00255
0.003398
0.00441
0.004713
0.004345
0.004067
0.004192
0.004396
0.004468
0.004676
0.005193
0.005686
0.006155
0.006984
0.008221
0.009307
0.009706
0.009701
0.00992
0.010364
0.010658
0.010469
0.009609
0.008473
0.007594
0.006555
0.004983
0.003687
0.003496
0.003948
0.003658
0.002262
0.001247
0.00141
0.001971
0.00232
0.002488
0.002663
0.002985
0.003381
0.003661
0.003542
0.003285
0.003632
0.004392
0.004777
0.004647
0.004429
0.00458
0.004937
0.005147
0.005187
0.005269
0.005725
0.006403
0.006901
0.007356
0.007822
0.008124
0.008401
0.009056
0.010049
0.010708
0.01065
0.010358
0.010345
0.010505
0.010515
0.010373
0.010185
0.010065
0.010059
0.010106
0.010179
0.010298
0.010421
0.010535
0.010705
0.010872
0.010926
0.010902
0.010823
0.010549
0.009733
0.008627
0.007864
0.007205
0.006296
0.005584
0.005353
0.005401
0.005329
0.005095
0.005009
0.005276
0.00601
0.006992
0.007786
0.008165
0.008102
0.007878
0.007981
0.008668
0.009323
0.009257
0.008494
0.007434
0.006696
0.00662
0.006812
0.006739
0.006293
0.005555
0.004331
0.002835
0.001955
0.001915
0.00165
0.000273
-0.001289
-0.001683
-0.00144
-0.001506
-0.001678
-0.001336
-0.000597
-0.00008
0.000284
0.000775
0.001038
0.000789
0.000405
0.000203
0.000029
-0.000039
-0.000087
-0.000506
-0.000997
-0.000808
-0.00022
-0.000139
-0.000414
-0.000153
0.001138
0.003094
0.00462
0.005326
0.005718
0.006057
0.006287
0.006398
0.006438
0.00644
0.006396
0.006349
0.006319
0.00634
0.006397
0.006322
0.005858
0.005307
0.005235
0.005539
0.005722
0.005585
0.004859
0.003398
0.002077
0.001804
0.002136
0.002099
0.001311
0.000134
-0.000648
-0.000577
0.00006
0.000571
0.000589
0.000647
0.001046
0.001445
0.001767
0.001965
0.001648
0.00098
0.000459
-0.000133
-0.001182
-0.002507
-0.003659
-0.004337
-0.004896
-0.005713
-0.006371
-0.006435
-0.006168
-0.006001
-0.006005
-0.006044
-0.0059
-0.005382
-0.00481
-0.004759
-0.005298
-0.005864
-0.006055
-0.006051
-0.00611
-0.006049
-0.005554
-0.004684
-0.003821
-0.00309
-0.002244
-0.00133
-0.001054
-0.00154
-0.001963
-0.0019
-0.001772
-0.001942
-0.002336
-0.002879
-0.003576
-0.004075
-0.004089
-0.003826
-0.0035
-0.003256
-0.003466
-0.003934
-0.004074
-0.003859
-0.003659
-0.003693
-0.003768
-0.003444
-0.002852
-0.002706
-0.003016
-0.002911
-0.002333
-0.001893
-0.001523
-0.001029
-0.000763
-0.000854
-0.000994
-0.00097
-0.00087
-0.000722
-0.000498
-0.000532
-0.001003
-0.001372
-0.001306
-0.001088
-0.001058
-0.001185
-0.001257
-0.001183
-0.001044
-0.000978
-0.001173
-0.001491
-0.001413
-0.001171
-0.001597
-0.002605
-0.003478
-0.003804
-0.00393
-0.004423
-0.00527
-0.005964
-0.006134
-0.006117
-0.006304
-0.006277
-0.005889
-0.005506
-0.005203
-0.005068
-0.0054
-0.006161
-0.006878
-0.006973
-0.006504
-0.006139
-0.006093
-0.005725
-0.004592
-0.003211
-0.002225
-0.001596
-0.001
-0.000187
0.000631
0.000951
0.000885
0.001024
0.001052
0.00014
-0.001254
-0.001898
-0.001677
-0.001417
-0.001568
-0.001823
-0.001653
-0.00093
-0.000221
-0.000028
-0.000006
0.000403
0.000962
0.001118
0.000868
0.000574
0.000257
-0.00011
-0.000417
-0.000863
-0.001664
-0.002554
-0.003144
-0.003623
-0.004533
-0.00563
-0.006184
-0.006131
-0.006033
-0.006121
-0.006124
-0.005961
-0.005815
-0.005641
-0.005408
-0.005102
-0.004807
-0.004764
-0.004986
-0.005114
-0.004847
-0.004391
-0.004152
-0.003986
-0.003657
-0.003384
-0.003373
-0.003481
-0.003533
-0.003558
-0.003795
-0.004372
-0.005014
-0.005298
-0.00525
-0.005191
-0.005204
-0.004875
-0.003902
-0.002827
-0.002218
-0.001643
-0.000735
0.000065
0.000446
0.0007
0.000958
0.000995
0.000769
0.000506
0.000339
0.000264
0.0002
0.000027
-0.000262
-0.000384
-0.000106
0.000568
0.001455
0.002188
0.002451
0.002425
0.00243
0.002399
0.002243
0.002304
0.002661
0.002642
0.001934
0.001317
0.001295
0.001448
0.001342
0.000966
0.000668
0.000836
0.001192
0.001238
0.001086
0.001203
0.001654
0.001982
0.001885
0.001615
0.001395
0.001283
0.001299
0.001367
0.001366
0.001297
0.001157
0.000897
0.000644
0.000553
0.000542
0.000545
0.000388
-0.000052
-0.000441
-0.000445
-0.000343
-0.000529
-0.000847
-0.000896
-0.000677
-0.000452
-0.00036
-0.000313
-0.00022
-0.000178
-0.000348
-0.000551
-0.00046
-0.000113
0.000001
-0.000276
-0.000572
-0.000663
-0.000559
-0.000352
-0.000208
0.000002
0.000293
0.000464
0.000634
0.000875
0.00098
0.000988
0.001008
0.001035
0.001119
0.001292
0.001391
0.001368
0.00143
0.001667
0.001839
0.001783
0.001626
0.001503
0.001312
0.000996
0.000719
0.000598
0.000527
0.000408
0.000255
0.000107
-0.000099
-0.000332
-0.000451
-0.000432
-0.000465
-0.000663
-0.000832
-0.000815
-0.000822
-0.00091
-0.000903
-0.000815
-0.000791
-0.000822
-0.00089
-0.001029
-0.001187
-0.001282
-0.001397
-0.001605
-0.001826
-0.001872
-0.001733
-0.001609
-0.001603
-0.001595
-0.001481
-0.001285
-0.00105
-0.000752
-0.000422
-0.000132
0.000044
0.000117
0.000214
0.000489
0.000872
0.001133
0.001243
0.001417
0.00173
0.002073
0.002296
0.002379
0.002409
0.002469
0.002532
0.002557
0.002534
0.002506
0.002501
0.002525
0.002579
0.002707
0.002894
0.003016
0.003022
0.003066
0.003184
0.003252
0.003207
0.003121
0.003051
0.003008
0.002965
0.002921
0.002886
0.002862
0.002802
0.002705
0.002641
0.00263
0.002565
0.0024
0.002188
0.002022
0.001977
0.002017
0.001999
0.001911
0.001832
0.001838
0.001922
0.001996
0.001947
0.001839
0.001789
0.001805
0.001775
0.001646
0.001465
0.001324
0.001242
0.001192
0.00114
0.001076
0.000982
0.000887
0.000828
0.000783
0.000686
0.000521
0.000315
0.00013
-0.000025
-0.000161
-0.000274
-0.000334
-0.00037
-0.000403
-0.000419
-0.000407
-0.000432
-0.000523
-0.000636
-0.000712
-0.000765
-0.000824
-0.000893
-0.000927
-0.000907
-0.000856
-0.000824
-0.000805
-0.000783
-0.000757
-0.000755
-0.000784
-0.000846
-0.000923
-0.001019
-0.001129
-0.001232
-0.001289
-0.001302
-0.001292
-0.001273
-0.00123
-0.001181
-0.001132
-0.001091
-0.001061
-0.001051
-0.001053
-0.001068
-0.001082
-0.001073
-0.001028
-0.000975
-0.000921
-0.00086
-0.000792
-0.000742
-0.000708
-0.000691
-0.000683
-0.000695
-0.000715
-0.00074
-0.00075
-0.000746
-0.000722
-0.000683
-0.00063
-0.000571
-0.000519
-0.000491
-0.000471
-0.000466
-0.00048
-0.00052
-0.000559
-0.000586
-0.000596
-0.000606
-0.000604
-0.00058
-0.000531
-0.000496
-0.000481
-0.000479
-0.000481
-0.000509
-0.000561
-0.000633
-0.000699
-0.000757
-0.000798
-0.000826
-0.000834
-0.000834
-0.000828
-0.000827
-0.000831
-0.000851
-0.000887
-0.000947
-0.001019
-0.001097
-0.001166
-0.001231
-0.001282
-0.001322
-0.001343
-0.001358
-0.00137
-0.001394
-0.001429
-0.001485
-0.00156
-0.001655
-0.001757
-0.00186
-0.001953
-0.002036
-0.002098
-0.002143
-0.002169
-0.002188
-0.002204
-0.002232
-0.002271
-0.002329
-0.002396
-0.002474
-0.002554
-0.002632
-0.002692
-0.002734
-0.002751
-0.002751
-0.002733
-0.002712
-0.002689
-0.002676
-0.002673
-0.002688
-0.002711
-0.002744
-0.002771
-0.00279
-0.002789
-0.002769
-0.002725
-0.002665
-0.00259
-0.002515
-0.002442
-0.002382
-0.002334
-0.002303
-0.002279
-0.00226
-0.002234
-0.002197
-0.002137
-0.002059
-0.001958
-0.001846
-0.001722
-0.001603
-0.00149
-0.001393
-0.00131
-0.001244
-0.001184
-0.001131
-0.001069
-0.000998
-0.000909
-0.000806
-0.000688
-0.000566
-0.000444
-0.000336
-0.000242
-0.000171
-0.000118
-0.000084
-0.000055
-0.000027
0.000013
0.000066
0.00014
0.000228
0.000331
0.000435
0.000534
0.000614
0.000673
0.000701
0.000706
0.00069
0.000667