-0.003372
-0.003161
-0.002848
-0.00241
-0.001864
-0.001235
-0.000578
0.000058
0.000613
0.001056
0.001364
0.001558
0.001664
0.001739
0.001826
0.00199
0.002257
0.00264
0.003119
0.003678
0.004274
0.004852
0.005338
0.005717
0.005969
0.006068
0.006022
0.005901
0.005726
0.005523
0.005345
0.005224
0.005123
0.005074
0.005114
0.005226
0.005355
0.005502
0.005713
0.00602
0.006336
0.006619
0.0069
0.007219
0.00752
0.007699
0.007725
0.007724
0.007659
0.0074
0.007022
0.006703
0.006457
0.006305
0.006359
0.006653
0.00706
0.007423
0.00771
0.007999
0.008267
0.008436
0.008434
0.008224
0.007738
0.007032
0.006272
0.0057
0.00537
0.005111
0.004866
0.004737
0.004683
0.004638
0.004681
0.004835
0.004958
0.004968
0.00487
0.004713
0.004511
0.004296
0.004088
0.003918
0.003784
0.003687
0.003598
0.003504
0.003375
0.003205
0.002987
0.002752
0.00253
0.002379
0.002344
0.002478
0.002812
0.003448
0.004505
0.005888
0.00731
0.008495
0.009469
0.010474
0.011218
0.011291
0.010986
0.010736
0.010479
0.010058
0.009405
0.008309
0.006691
0.004872
0.003098
0.001448
0.000166
-0.00056
-0.000988
-0.001159
-0.000729
-0.000098
0.00002
-0.000255
-0.000499
-0.000622
-0.000502
-0.000049
0.000046
-0.000643
-0.001633
-0.002339
-0.002632
-0.00251
-0.001884
-0.000639
0.001324
0.004077
0.007249
0.010397
0.013436
0.015889
0.01658
0.014819
0.010736
0.005006
-0.001625
-0.008497
-0.01484
-0.019772
-0.022813
-0.024029
-0.023585
-0.021635
-0.018408
-0.014374
-0.010242
-0.00675
-0.00429
-0.002949
-0.002559
-0.002708
-0.002876
-0.002718
-0.002125
-0.001651
-0.00156
-0.00056
0.001967
0.004916
0.007574
0.010117
0.012295
0.013687
0.014256
0.013949
0.012452
0.009953
0.006764
0.002646
-0.00299
-0.01056
-0.01889
-0.026528
-0.033491
-0.039939
-0.044868
-0.047336
-0.04711
-0.04438
-0.039589
-0.033035
-0.025426
-0.017684
-0.010312
-0.00313
0.004264
0.010927
0.015253
0.017608
0.01858
0.016756
0.01191
0.00561
-0.001829
-0.010555
-0.0189
-0.025033
-0.028255
-0.027916
-0.023616
-0.016772
-0.009468
-0.002852
0.00341
0.009662
0.014846
0.017589
0.017059
0.013813
0.008655
0.001623
-0.007052
-0.016178
-0.024259
-0.030205
-0.034596
-0.037838
-0.038219
-0.035444
-0.031535
-0.027765
-0.024041
-0.020442
-0.017179
-0.013939
-0.010149
-0.005399
0.000279
0.006278
0.011498
0.015793
0.019622
0.02286
0.024594
0.023551
0.02027
0.016318
0.01157
0.005562
-0.000159
-0.004239
-0.006861
-0.008591
-0.00953
-0.009756
-0.009769
-0.010219
-0.010687
-0.010283
-0.009321
-0.008432
-0.007343
-0.00598
-0.004855
-0.004174
-0.003696
-0.003107
-0.002232
-0.000895
0.00106
0.003921
0.008185
0.014038
0.021302
0.029245
0.036851
0.043201
0.047949
0.051155
0.052247
0.050111
0.044495
0.036232
0.026237
0.014988
0.002854
-0.008244
-0.016154
-0.020189
-0.021677
-0.022286
-0.021625
-0.01897
-0.015885
-0.013845
-0.01235
-0.010784
-0.009715
-0.010574
-0.013545
-0.017082
-0.019661
-0.020286
-0.017974
-0.012832
-0.006745
-0.000328
0.007182
0.014146
0.018334
0.020522
0.020997
0.017482
0.010246
0.001899
-0.0066
-0.014559
-0.019566
-0.021106
-0.020502
-0.017975
-0.012995
-0.005617
0.002952
0.011248
0.018188
0.023165
0.025809
0.026201
0.024512
0.021098
0.016249
0.009832
0.002944
-0.002105
-0.004892
-0.006335
-0.006559
-0.00578
-0.005066
-0.005132
-0.006269
-0.009424
-0.014449
-0.018985
-0.021081
-0.019879
-0.014953
-0.00613
0.006377
0.021608
0.038142
0.053762
0.066256
0.074532
0.079072
0.080509
0.078653
0.073375
0.065804
0.057471
0.049174
0.041062
0.033706
0.029234
0.028471
0.029399
0.030199
0.030704
0.031567
0.032923
0.034209
0.03405
0.031038
0.026093
0.021203
0.017295
0.013892
0.010297
0.007004
0.004875
0.003563
0.003449
0.007047
0.014499
0.023514
0.031887
0.038944
0.045154
0.050306
0.053239
0.053503
0.051636
0.048191
0.043674
0.038677
0.034105
0.030465
0.027136
0.02349
0.019757
0.01651
0.013805
0.010852
0.007577
0.005059
0.004461
0.0065
0.011364
0.017983
0.024127
0.029098
0.033327
0.034942
0.032248
0.02707
0.022118
0.018528
0.016524
0.016348
0.017728
0.020954
0.027666
0.03748
0.048244
0.058533
0.068008
0.076081
0.081544
0.082935
0.079956
0.073241
0.063245
0.050528
0.035799
0.019385
0.001723
-0.016041
-0.032462
-0.046088
-0.055667
-0.060364
-0.060321
-0.0561
-0.047275
-0.033843
-0.016984
0.000442
0.015759
0.027491
0.035317
0.038623
0.036741
0.030084
0.019976
0.0086
-0.001416
-0.007514
-0.008519
-0.005517
-0.000275
0.006129
0.013597
0.021766
0.029412
0.035641
0.040131
0.042972
0.044212
0.043667
0.041097
0.036149
0.028847
0.0192
0.007195
-0.006191
-0.018649
-0.028322
-0.034314
-0.037529
-0.038858
-0.037512
-0.03311
-0.026309
-0.018525
-0.010913
-0.003646
0.002643
0.006075
0.007081
0.007516
0.007087
0.004427
-0.000864
-0.007861
-0.015344
-0.022082
-0.027288
-0.030826
-0.033551
-0.036782
-0.040728
-0.044968
-0.049697
-0.054327
-0.05724
-0.058399
-0.05935
-0.061542
-0.065631
-0.072047
-0.079996
-0.088219
-0.09668
-0.105402
-0.113191
-0.118369
-0.119628
-0.117946
-0.114246
-0.106621
-0.095315
-0.083415
-0.072192
-0.060566
-0.047653
-0.033823
-0.019857
-0.00697
0.003452
0.010726
0.014703
0.014956
0.010737
0.001627
-0.01092
-0.025188
-0.041015
-0.056429
-0.067387
-0.072486
-0.072749
-0.068723
-0.061012
-0.05126
-0.040347
-0.0287
-0.017668
-0.009363
-0.006738
-0.010211
-0.018904
-0.032462
-0.050824
-0.07445
-0.10106
-0.127229
-0.152308
-0.175557
-0.192858
-0.203524
-0.210078
-0.212375
-0.209128
-0.201838
-0.193164
-0.183607
-0.172941
-0.161497
-0.149843
-0.138519
-0.127744
-0.118814
-0.113293
-0.110995
-0.111244
-0.114007
-0.116202
-0.11185
-0.097994
-0.074695
-0.041094
0.003005
0.057032
0.119413
0.187925
0.260106
0.3318
0.396084
0.446399
0.478197
0.490499
0.484668
0.458967
0.412344
0.344909
0.259507
0.164279
0.069924
-0.012639
-0.074697
-0.117958
-0.148181
-0.165801
-0.170384
-0.163524
-0.149767
-0.133733
-0.117916
-0.104333
-0.094779
-0.088796
-0.085202
-0.085376
-0.09048
-0.099044
-0.107942
-0.114669
-0.118894
-0.120179
-0.115902
-0.105612
-0.090557
-0.070804
-0.046218
-0.017944
0.011401
0.039205
0.064712
0.087525
0.105595
0.119044
0.130176
0.138657
0.141503
0.137495
0.126382
0.104333
0.06942
0.023582
-0.024905
-0.068426
-0.105268
-0.137623
-0.166371
-0.190449
-0.209315
-0.223492
-0.233245
-0.237339
-0.235109
-0.226661
-0.212266
-0.191592
-0.161613
-0.123499
-0.0827
-0.046278
-0.017072
0.007116
0.029845
0.052655
0.073778
0.09219
0.109993
0.128819
0.148397
0.167477
0.185523
0.203292
0.219581
0.230914
0.238693
0.247583
0.259957
0.276452
0.298739
0.329019
0.367517
0.410248
0.452561
0.490675
0.524551
0.554164
0.577084
0.589738
0.587742
0.569058
0.532129
0.479737
0.418033
0.352555
0.28594
0.219091
0.154961
0.096935
0.045155
-0.001567
-0.042
-0.075004
-0.100588
-0.120083
-0.13519
-0.146167
-0.152176
-0.151567
-0.144288
-0.131973
-0.115782
-0.098729
-0.085027
-0.075263
-0.067613
-0.061451
-0.056603
-0.052127
-0.049508
-0.050766
-0.054123
-0.05597
-0.053848
-0.047764
-0.038476
-0.026448
-0.0125
0.001556
0.015103
0.028317
0.040535
0.050195
0.055585
0.055925
0.050311
0.038307
0.021403
0.003354
-0.013423
-0.028873
-0.043398
-0.057536
-0.073522
-0.091813
-0.108847
-0.122395
-0.132318
-0.138546
-0.140138
-0.135193
-0.122152
-0.099845
-0.070013
-0.037712
-0.009591
0.011539
0.025257
0.03158
0.030041
0.019751
0.001895
-0.02147
-0.049409
-0.081063
-0.112794
-0.141122
-0.165496
-0.187317
-0.207265
-0.223629
-0.236084
-0.247753
-0.261357
-0.276921
-0.292793
-0.30821
-0.323485
-0.34375
-0.375088
-0.404144
-0.413611
-0.40771
-0.392837
-0.359544
-0.313701
-0.272091
-0.232219
-0.18334
-0.12418
-0.064633
-0.01357
0.027724
0.062658
0.095653
0.126762
0.152901
0.174298
0.193807
0.213018
0.231712
0.248896
0.264324
0.278145
0.290479
0.300448
0.305487
0.305366
0.301947
0.297287
0.29305
0.290623
0.290323
0.291958
0.295905
0.302676
0.312165
0.322937
0.332843
0.341346
0.347635
0.348194
0.342111
0.331877
0.320464
0.308818
0.295353
0.279673
0.263627
0.248932
0.235872
0.223975
0.21291
0.202287
0.191612
0.180088
0.166771
0.150882
0.131608
0.1079
0.078116
0.042263
0.001008
-0.046369
-0.098241
-0.150157
-0.19631
-0.233006
-0.261775
-0.285127
-0.302429
-0.313333
-0.318657
-0.318311
-0.313206
-0.306198
-0.298713
-0.289891
-0.280014
-0.270709
-0.262987
-0.256821
-0.251977
-0.248455
-0.246658
-0.24758
-0.250233
-0.2513
-0.250073
-0.248048
-0.245776
-0.242832
-0.238776
-0.233359
-0.225629
-0.213541
-0.195673
-0.171406
-0.1406
-0.102422
-0.057508
-0.009313
0.036899
0.078476
0.114984
0.148044
0.17834
0.203117
0.221266
0.234297
0.241762
0.241017
0.231222
0.213946
0.189724
0.159314
0.123942
0.085737
0.047918
0.014052
-0.013371
-0.033094
-0.047375
-0.059641
-0.071503
-0.082668
-0.092647
-0.101959
-0.111951
-0.124269
-0.139544
-0.156969
-0.173047
-0.183847
-0.189089
-0.190549
-0.188438
-0.184228
-0.18081
-0.179869
-0.181934
-0.187558
-0.197363
-0.211433
-0.229104
-0.249196
-0.270156
-0.290324
-0.307116
-0.315447
-0.31054
-0.292073
-0.262092
-0.220521
-0.172491
-0.125522
-0.080074
-0.035167
0.004559
0.036092
0.059897
0.075357
0.081575
0.079539
0.071142
0.056782
0.037366
0.015456
-0.005835
-0.024711
-0.040879
-0.054437
-0.064883
-0.070892
-0.072261
-0.069702
-0.063909
-0.055293
-0.045113
-0.035129
-0.026598
-0.018025
-0.00661
0.008169
0.024763
0.04162
0.05945
0.080441
0.104578
0.129886
0.154332
0.17707
0.197665
0.214019
0.223284
0.224403
0.2189
0.208854
0.197251
0.187817
0.183683
0.186661
0.198167
0.218392
0.246316
0.278407
0.311496
0.345335
0.377968
0.403904
0.420394
0.428005
0.427294
0.417994
0.398883
0.372265
0.342249
0.311034
0.280237
0.252332
0.227745
0.205147
0.184241
0.16441
0.143122
0.119432
0.094976
0.071598
0.049839
0.029644
0.012179
0.000111
-0.006234
-0.00784
-0.004228
0.004744
0.018122
0.035136
0.054483
0.071973
0.084073
0.090243
0.091403
0.087941
0.08051
0.070958
0.061523
0.054097
0.050131
0.050033
0.053228
0.058789
0.065014
0.069567
0.071368
0.070151
0.065258
0.05648
0.043903
0.028677
0.01264
-0.002142
-0.013782
-0.020536
-0.023001
-0.023142
-0.022132
-0.020374
-0.018526
-0.017128
-0.016394
-0.016384
-0.017411
-0.020086
-0.02468
-0.030776
-0.037423
-0.044169
-0.05194
-0.060928
-0.06983
-0.07724
-0.0824
-0.0851
-0.086067
-0.086398
-0.086883
-0.087721
-0.089179
-0.091528
-0.094569
-0.097539
-0.099366
-0.099451
-0.097125
-0.090873
-0.079658
-0.062611
-0.03987
-0.012619
0.016971
0.046635
0.074272
0.098446
0.117758
0.131232
0.139083
0.141735
0.139132
0.130812
0.118065
0.102422
0.083144
0.060999
0.038562
0.016951
-0.004325
-0.025543
-0.045351
-0.061362
-0.073393
-0.082857
-0.091104
-0.09793
-0.101548
-0.10181
-0.100153
-0.097924
-0.096187
-0.096124
-0.097612
-0.099584
-0.101754
-0.103813
-0.104157
-0.10231
-0.098968
-0.094079
-0.087194
-0.07882
-0.069367
-0.058119
-0.045267
-0.032428
-0.021764
-0.014423
-0.010817
-0.010383
-0.012434
-0.016608
-0.022708
-0.030725
-0.039462
-0.047114
-0.052821
-0.056701
-0.059298
-0.060524
-0.059891
-0.057096
-0.052427
-0.046713
-0.040934
-0.035747
-0.030412
-0.024086
-0.017996
-0.013491
-0.010514
-0.008902
-0.009186
-0.011416
-0.015621
-0.022664
-0.03184
-0.041093
-0.050601
-0.061158
-0.071366
-0.079889
-0.08675
-0.092005
-0.095724
-0.099023
-0.102563
-0.105456
-0.107435
-0.108541
-0.107519
-0.102629
-0.092013
-0.075008
-0.05151
-0.022601
0.009804
0.044007
0.078762
0.112362
0.14278
0.168023
0.185861
0.195538
0.196606
0.188375
0.170231
0.142738
0.108013
0.067669
0.025662
-0.013198
-0.04738
-0.076396
-0.097401
-0.109792
-0.115558
-0.117525
-0.117399
-0.114892
-0.110367
-0.104869
-0.098163
-0.089184
-0.077466
-0.064238
-0.051234
-0.038212
-0.024036
-0.008799
0.005899
0.018115
0.025711
0.027087
0.02336
0.016784
0.008228
-0.000971
-0.008337
-0.011847
-0.010972
-0.006041
0.002009
0.012112
0.022895
0.032855
0.040759
0.046244
0.049121
0.049572
0.04829
0.046545
0.045648
0.04668
0.050215
0.056359
0.06424
0.072545
0.080073
0.086293
0.090864
0.093748
0.094573
0.092131
0.085906
0.07633
0.064712
0.052535
0.040812
0.029813
0.019396
0.00978
0.001196
-0.006518
-0.013842
-0.021478
-0.028999
-0.035339
-0.040224
-0.043873
-0.04618
-0.047631
-0.049811
-0.055588
-0.066455
-0.080839
-0.097103
-0.114971
-0.132521
-0.146672
-0.155999
-0.161145
-0.16238
-0.159899
-0.154688
-0.14891
-0.143388
-0.136641
-0.129101
-0.12316
-0.120009
-0.119061
-0.119441
-0.120979
-0.123666
-0.126277
-0.127461
-0.12703
-0.125306
-0.122308
-0.11805
-0.112836
-0.107202
-0.101639
-0.096574
-0.092299
-0.089194
-0.087768
-0.088761
-0.093516
-0.101936
-0.113089
-0.126369
-0.141786
-0.159948
-0.18001
-0.199854
-0.218032
-0.23393
-0.246731
-0.255472
-0.258649
-0.255651
-0.246181
-0.229306
-0.205713
-0.177357
-0.145458
-0.111146
-0.078086
-0.049666
-0.026834
-0.009522
0.001798
0.008027
0.01066
0.009573
0.005642
0.000975
-0.003555
-0.008159
-0.012602
-0.016163
-0.01842
-0.020217
-0.02252
-0.025031
-0.027184
-0.029136
-0.030314
-0.02962
-0.027035
-0.023267
-0.018717
-0.013313
-0.007255
-0.001804
0.001134
-0.000543
-0.006136
-0.013197
-0.020554
-0.028423
-0.037099
-0.045772
-0.052993
-0.058457
-0.062945
-0.067632
-0.07298
-0.07883
-0.08792
-0.103659
-0.124015
-0.145554
-0.168187
-0.190471
-0.20808
-0.219616
-0.226081
-0.226989
-0.221114
-0.207787
-0.188975
-0.16771
-0.145752
-0.124966
-0.108218
-0.096718
-0.089257
-0.082967
-0.07621
-0.069476
-0.063891
-0.059667
-0.054851
-0.04813
-0.040797
-0.034407
-0.029681
-0.027255
-0.027627
-0.030697
-0.035817
-0.042373
-0.04939
-0.055537
-0.059556
-0.061129
-0.060683
-0.058431
-0.054618
-0.050365
-0.047349
-0.047301
-0.05153
-0.060824
-0.074439
-0.090449
-0.106653
-0.121417
-0.133147
-0.140713
-0.143092
-0.138718
-0.127328
-0.109503
-0.086797
-0.061179
-0.034214
-0.009173
0.008862
0.020059
0.027183
0.028836
0.02381
0.01468
0.004865
-0.004132
-0.012051
-0.018041
-0.020304
-0.017927
-0.010911
-0.000499
0.011824
0.02538
0.039225
0.051991
0.063936
0.075635
0.085568
0.0927
0.098126
0.10311
0.107712
0.110994
0.113667
0.118626
0.125963
0.133378
0.140616
0.148435
0.155993
0.161837
0.165168
0.166345
0.166131
0.165028
0.163087
0.159872
0.155156
0.149121
0.142359
0.135631
0.129271
0.122556
0.114074
0.102769
0.08861
0.071795
0.053506
0.034938
0.015368
-0.005962
-0.027894
-0.048474
-0.066449
-0.082799
-0.098064
-0.109944
-0.116791
-0.118801
-0.118298
-0.116973
-0.113573
-0.107402
-0.099759
-0.091494
-0.081614
-0.068344
-0.051878
-0.0345
-0.017507
-0.000712
0.015659
0.029906
0.0394
0.044615
0.048461
0.051924
0.054559
0.056951
0.060321
0.065442
0.072169
0.080378
0.09098
0.103356
0.114349
0.122853
0.129777
0.134979
0.138263
0.140891
0.143352
0.144892
0.146293
0.149154
0.153762
0.160166
0.168933
0.179575
0.190299
0.198811
0.204284
0.206822
0.205494
0.198485
0.185106
0.166241
0.142573
0.116407
0.090999
0.068308
0.048854
0.032857
0.020113
0.010448
0.003916
-0.00015
-0.003359
-0.006633
-0.00943
-0.011579
-0.01274
-0.01091
-0.00531
0.00307
0.014228
0.029015
0.046563
0.064075
0.078381
0.088896
0.096304
0.100609
0.101755
0.100199
0.096838
0.092374
0.087726
0.083466
0.079046
0.074799
0.072102
0.070674
0.068969
0.066076
0.0625
0.059174
0.055653
0.051063
0.046261
0.041709
0.035694
0.028203
0.021486
0.017531
0.016374
0.016707
0.017273
0.017411
0.01671
0.015209
0.013913
0.013623
0.01458
0.016426
0.019049
0.023
0.028907
0.037214
0.047003
0.056641
0.065154
0.072044
0.076391
0.077581
0.07528
0.069807
0.061984
0.05237
0.041616
0.030069
0.0169
0.001366
-0.015742
-0.033
-0.049457
-0.064327
-0.076662
-0.085934
-0.092204
-0.095201
-0.095255
-0.092626
-0.086319
-0.07626
-0.064138
-0.051669
-0.039631
-0.028972
-0.021378
-0.018933
-0.020479
-0.022728
-0.025354
-0.029412
-0.033538
-0.036
-0.036537
-0.035819
-0.034301
-0.032331
-0.029523
-0.024343
-0.015855
-0.004303
0.008376
0.020558
0.032397
0.042978
0.049764
0.05211
0.051411
0.048835
0.044674
0.038851
0.032226
0.025645
0.018706
0.010741
0.0015
-0.008194
-0.017253
-0.02512
-0.031735
-0.037273
-0.041442
-0.044039
-0.046427
-0.05002
-0.054744
-0.060538
-0.067915
-0.075943
-0.083104
-0.089197
-0.094185
-0.097206
-0.098615
-0.099461
-0.099545
-0.099041
-0.099328
-0.101514
-0.105742
-0.111761
-0.119305
-0.127896
-0.136807
-0.144729
-0.149521
-0.148999
-0.141027
-0.125893
-0.105021
-0.079913
-0.051208
-0.01812
0.01744
0.050871
0.080652
0.107718
0.131877
0.151756
0.165634
0.173938
0.177863
0.177692
0.173677
0.166117
0.155658
0.142599
0.127039
0.109687
0.091874
0.074547
0.057953
0.041896
0.026885
0.014667
0.00627
0.00183
0.001259
0.004497
0.011156
0.019509
0.027194
0.034593
0.043496
0.053505
0.06264
0.069214
0.073655
0.077347
0.081227
0.084868
0.0866
0.085516
0.08148
0.07368
0.061987
0.048654
0.03581
0.023879
0.012343
0.001228
-0.008481
-0.016012
-0.021028
-0.023611
-0.023927
-0.022378
-0.019372
-0.015019
-0.009036
-0.001137
0.008244
0.018384
0.028928
0.039443
0.049048
0.05708
0.06336
0.067947
0.070296
0.069063
0.064234
0.056487
0.045467
0.031771
0.017816
0.004789
-0.007639
-0.019415
-0.030055
-0.03947
-0.048481
-0.058094
-0.068687
-0.080229
-0.092535
-0.104824
-0.115612
-0.124654
-0.131924
-0.135971
-0.134683
-0.125621
-0.108241
-0.083468
-0.052946
-0.019805
0.011617
0.039064
0.062031
0.080731
0.095326
0.105225
0.110371
0.111154
0.108541
0.103188
0.094599
0.083308
0.070802
0.057954
0.044969
0.0322
0.020576
0.011353
0.004175
-0.001326
-0.002955
0.000463
0.007373
0.015576
0.024301
0.03441
0.046123
0.058057
0.070141
0.083817
0.09816
0.111372
0.123987
0.137598
0.152832
0.167766
0.180493
0.191841
0.202445
0.210277
0.214449
0.215377
0.212318
0.204385
0.191515
0.17438
0.153154
0.12783
0.099878
0.072184
0.04726
0.026623
0.010571
-0.000523
-0.005056
-0.003876
0.000028
0.005246
0.012147
0.020744
0.030241
0.040046
0.049551
0.057916
0.064369
0.068515
0.070078
0.06903
0.065081
0.05732
0.045544
0.030788
0.014819
-0.000889
-0.01603
-0.030607
-0.044068
-0.054755
-0.060411
-0.062266
-0.062881
-0.062001
-0.058977
-0.055074
-0.051517
-0.048713
-0.047794
-0.049519
-0.053081
-0.057707
-0.063312
-0.069116
-0.074113
-0.078272
-0.081715
-0.083973
-0.084791
-0.08457
-0.083966
-0.08333
-0.082418
-0.08034
-0.076358
-0.071019
-0.064849
-0.057365
-0.048819
-0.040476
-0.033078
-0.026734
-0.02182
-0.01871
-0.01776
-0.019369
-0.023472
-0.029389
-0.036204
-0.043355
-0.05014
-0.055844
-0.060282
-0.063491
-0.065135
-0.064785
-0.062636
-0.060319
-0.059375
-0.059977
-0.061649
-0.063724
-0.06496
-0.064121
-0.060214
-0.052746
-0.041069
-0.025353
-0.006235
0.01628
0.040727
0.064194
0.085113
0.102815
0.115635
0.123682
0.12928
0.13272
0.132625
0.129666
0.125914
0.122286
0.118952
0.116488
0.116419
0.119445
0.124624
0.131739
0.141518
0.152015
0.160544
0.166972
0.172109
0.175313
0.176023
0.174712
0.172333
0.168732
0.162619
0.153542
0.142118
0.129339
0.115503
0.09995
0.083657
0.069099
0.058128
0.0511
0.047812
0.047679
0.05008
0.054079
0.058585
0.062574
0.065933
0.068825
0.071505
0.07317
0.071123
0.064094
0.052662
0.038439
0.022136
0.002778
-0.019874
-0.044593
-0.069493
-0.093378
-0.11666
-0.139246
-0.158911
-0.175218
-0.189805
-0.203212
-0.21482
-0.224635
-0.23414
-0.244755
-0.255824
-0.265758
-0.27395
-0.280675
-0.285222
-0.285936
-0.280195
-0.265372
-0.23951
-0.199907
-0.149792
-0.09565
-0.040699
0.013744
0.064898
0.108874
0.141815
0.163488
0.175748
0.179615
0.176135
0.166412
0.153251
0.139895
0.12832
0.118892
0.110995
0.105986
0.105859
0.109438
0.114359
0.120066
0.126444
0.132621
0.137614
0.14169
0.146619
0.152915
0.159278
0.163952
0.16617
0.16649
0.165704
0.163871
0.160579
0.155405
0.147962
0.138688
0.128995
0.11895
0.107867
0.096933
0.087973
0.081503
0.076899
0.073417
0.069919
0.065324
0.05939
0.051704
0.040944
0.026389
0.008444
-0.011874
-0.033178
-0.054165
-0.073022
-0.087888
-0.098124
-0.104095
-0.105783
-0.103545
-0.097863
-0.088892
-0.077729
-0.066839
-0.057515
-0.049426
-0.042281
-0.036348
-0.031822
-0.028583
-0.026486
-0.025744
-0.026474
-0.028163
-0.030209
-0.032434
-0.034817
-0.03722
-0.039447
-0.041154
-0.041681
-0.04112
-0.040052
-0.03875
-0.036728
-0.032875
-0.027372
-0.021463
-0.015884
-0.010406
-0.004248
0.003103
0.011643
0.020949
0.03052
0.040006
0.048956
0.056361
0.062844
0.069173
0.073212
0.07241
0.065941
0.055002
0.040697
0.023331
0.003702
-0.01652
-0.035446
-0.051517
-0.0645
-0.074388
-0.08001
-0.081234
-0.079331
-0.076045
-0.072262
-0.067537
-0.06154
-0.054541
-0.046869
-0.038808
-0.031589
-0.026235
-0.022441
-0.019386
-0.016944
-0.01649
-0.019191
-0.024901
-0.032959
-0.043267
-0.055539
-0.069372
-0.084844
-0.102431
-0.12275
-0.144459
-0.165253
-0.183885
-0.200435
-0.21527
-0.228134
-0.23803
-0.243533
-0.244848
-0.243959
-0.24145
-0.236106
-0.228475
-0.220319
-0.212244
-0.203703
-0.194046
-0.183105
-0.171643
-0.161785
-0.154302
-0.148023
-0.142973
-0.140556
-0.141435
-0.14498
-0.15026
-0.157052
-0.16486
-0.171425
-0.174365
-0.172138
-0.163443
-0.145775
-0.117972
-0.082083
-0.042394
-0.001158
0.041608
0.083794
0.122038
0.155125
0.183741
0.207687
0.225307
0.234729
0.2357
0.230065
0.219307
0.20404
0.184609
0.163898
0.146164
0.134661
0.128604
0.125372
0.123287
0.120992
0.11615
0.10799
0.097087
0.083463
0.067412
0.051674
0.036933
0.020175
0.000226
-0.02133
-0.043435
-0.065758
-0.087024
-0.106285
-0.122702
-0.134548
-0.140663
-0.140952
-0.135895
-0.124597
-0.105717
-0.07935
-0.047327
-0.012924
0.020765
0.052201
0.079871
0.10092
0.114259
0.120687
0.122386
0.121512
0.120058
0.118944
0.117304
0.115434
0.114414
0.113459
0.111436
0.108895
0.106299
0.102756
0.097499
0.090481
0.081567
0.071946
0.064019
0.058025
0.05295
0.049442
0.048457
0.049545
0.05143
0.053443
0.056423
0.059971
0.061022
0.058457
0.053898
0.049513
0.045802
0.041508
0.036528
0.032321
0.02936
0.027176
0.025876
0.025269
0.024252
0.022478
0.020294
0.017449
0.014218
0.012146
0.010607
0.007627
0.003893
0.001417
0.000809
0.002081
0.005899
0.012479
0.021306
0.032082
0.04421
0.057038
0.070195
0.083262
0.095236
0.105889
0.115894
0.12428
0.12921
0.130817
0.130532
0.12916
0.126699
0.122941
0.117359
0.110297
0.103461
0.097414
0.091348
0.085502
0.080824
0.077527
0.07451
0.070317
0.064538
0.057579
0.050026
0.041822
0.032145
0.021675
0.011742
0.002088
-0.007182
-0.014144
-0.018747
-0.023052
-0.028276
-0.034399
-0.041594
-0.049476
-0.057181
-0.065535
-0.075849
-0.087838
-0.100513
-0.113421
-0.126524
-0.139669
-0.152648
-0.16514
-0.176566
-0.186776
-0.195873
-0.203776
-0.210282
-0.215024
-0.218369
-0.220946
-0.222403
-0.221839
-0.218709
-0.213623
-0.207724
-0.201766
-0.195771
-0.189018
-0.181958
-0.176138
-0.171911
-0.168277
-0.164071
-0.158733
-0.1523
-0.145091
-0.137971
-0.132764
-0.131037
-0.133669
-0.141081
-0.153802
-0.171885
-0.194817
-0.221843
-0.251654
-0.281837
-0.307428
-0.322213
-0.32092
-0.30116
-0.260161
-0.202298
-0.136238
-0.067922
-0.000754
0.06138
0.114904
0.156825
0.185148
0.201046
0.207888
0.20848
0.204156
0.197421
0.190628
0.183259
0.174791
0.165638
0.157428
0.151196
0.146109
0.141294
0.136861
0.131336
0.122417
0.109777
0.095034
0.079442
0.064515
0.051674
0.040747
0.030679
0.020807
0.011035
0.000839
-0.012255
-0.029616
-0.049155
-0.068426
-0.086653
-0.104583
-0.122769
-0.140748
-0.157484
-0.171687
-0.183264
-0.192602
-0.199508
-0.204542
-0.20928
-0.214835
-0.220951
-0.225856
-0.228419
-0.229055
-0.227717
-0.223366
-0.216314
-0.208145
-0.20032
-0.193264
-0.187103
-0.18233
-0.180077
-0.182032
-0.188289
-0.197229
-0.206752
-0.215058
-0.220861
-0.223378
-0.221653
-0.214907
-0.202409
-0.184549
-0.162274
-0.135457
-0.105301
-0.074267
-0.044599
-0.017465
0.00679
0.029042
0.050475
0.070314
0.087491
0.103452
0.118504
0.129794
0.13756
0.144375
0.149861
0.152501
0.152365
0.151077
0.150118
0.150813
0.154144
0.16047
0.16865
0.17672
0.18335
0.187964
0.190104
0.190221
0.189184
0.187948
0.187012
0.186088
0.184369
0.180768
0.175205
0.168158
0.160009
0.15088
0.140411
0.128665
0.115992
0.102467
0.087785
0.071552
0.054663
0.038935
0.024437
0.010402
-0.002805
-0.014491
-0.024475
-0.033111
-0.040403
-0.045423
-0.048626
-0.051989
-0.055538
-0.057641
-0.058295
-0.058324
-0.057381
-0.055148
-0.051859
-0.047083
-0.040548
-0.033173
-0.026247
-0.020359
-0.014801
-0.009005
-0.003826
-0.000016
0.00246
0.004108
0.005318
0.006558
0.007734
0.007773
0.007128
0.007102
0.007214
0.006206
0.003616
-0.000124
-0.004638
-0.009474
-0.013919
-0.017111
-0.018712
-0.018597
-0.016791
-0.013313
-0.008182
-0.001349
0.007501
0.017617
0.027416
0.035548
0.042005
0.047767
0.053304
0.05828
0.062021
0.064422
0.065895
0.06621
0.064446
0.061042
0.056564
0.049797
0.040612
0.030709
0.021132
0.012156
0.004674
-0.000474
-0.003069
-0.004663
-0.006787
-0.008556
-0.008418
-0.005804
-0.002311
0.000366
0.002989
0.00635
0.009068
0.010134
0.010038
0.009349
0.00781
0.004745
0.000487
-0.003685
-0.007227
-0.01042
-0.013689
-0.016833
-0.019012
-0.020139
-0.020283
-0.018158
-0.013483
-0.0081
-0.002452
0.004403
0.010941
0.015456
0.019039
0.022057
0.022626
0.020771
0.017903
0.013804
0.008515
0.003607
-0.000166
-0.003219
-0.005759
-0.007496
-0.00819
-0.00763
-0.005574
-0.00206
0.00235
0.006891
0.010877
0.014003
0.016984
0.020089
0.02191
0.022104
0.021865
0.021959
0.022263
0.022664
0.023576
0.025786
0.029502
0.034433
0.040033
0.046394
0.054394
0.062938
0.069997
0.07601
0.081968
0.086921
0.08952
0.089438
0.087754
0.085219
0.081016
0.075238
0.069181
0.063335
0.05764
0.052923
0.049772
0.047885
0.047153
0.047666
0.048607
0.049268
0.049871
0.050996
0.052653
0.053779
0.053801
0.053529
0.052701
0.049752
0.044367
0.037573
0.030205
0.022687
0.015538
0.009103
0.003357
-0.001942
-0.006421
-0.008857
-0.009508
-0.009302
-0.007797
-0.004458
0.000242
0.004896
0.008652
0.012698
0.017593
0.02153
0.0239
0.026083
0.029017
0.032388
0.035378
0.037761
0.039547
0.040977
0.041998
0.041896
0.039842
0.034947
0.026845
0.015857
0.003383
-0.009203
-0.021526
-0.033595
-0.045227
-0.056195
-0.066286
-0.075082
-0.08261
-0.089265
-0.095767
-0.102678
-0.110057
-0.117208
-0.122858
-0.126814
-0.129308
-0.129674
-0.127253
-0.121498
-0.112012
-0.098681
-0.082806
-0.066506
-0.051465
-0.037871
-0.025315
-0.013802
-0.003748
0.00439
0.010781
0.016017
0.020959
0.026559
0.033625
0.042184
0.051477
0.060364
0.068252
0.076082
0.083716
0.088736
0.090853
0.09172
0.091687
0.090139
0.086889
0.082564
0.077773
0.073079
0.069124
0.066575
0.065265
0.064515
0.063947
0.063706
0.064211
0.065291
0.066206
0.066285
0.065632
0.065701
0.066627
0.066376
0.064548
0.062431
0.060185
0.057731
0.056306
0.055853
0.054827
0.052946
0.050812
0.048232
0.045007
0.041548
0.038161
0.034786
0.031317
0.02757
0.023281
0.019447
0.017028
0.014642
0.011601
0.009926
0.010321
0.011515
0.012764
0.01433
0.016402
0.018784
0.021238
0.023695
0.026118
0.028468
0.030707
0.032666
0.033573
0.033249
0.033371
0.034059
0.032583
0.028204
0.022421
0.016303
0.009542
0.001202
-0.009115
-0.021221
-0.034156
-0.046909
-0.059127
-0.070228
-0.079373
-0.087287
-0.09517
-0.102864
-0.109269
-0.113274
-0.114913
-0.114973
-0.114444
-0.11386
-0.113027
-0.111092
-0.107298
-0.101916
-0.095648
-0.08858
-0.081047
-0.073724
-0.066986
-0.060874
-0.055445
-0.050794
-0.046927
-0.043716
-0.040791
-0.037393
-0.033302
-0.028825
-0.024082
-0.018733
-0.012208
-0.004803
0.002369
0.009716
0.018117
0.026167
0.032439
0.037559
0.04226
0.046151
0.048817
0.050667
0.052426
0.054673
0.057504
0.059746
0.06036
0.059935
0.059314
0.058407
0.056501
0.053318
0.049387
0.045519
0.042252
0.038692
0.03388
0.029267
0.025981
0.022745
0.018891
0.015259
0.01166
0.007695
0.004609
0.002962
0.001878
0.00085
0.000369
0.001286
0.003559
0.00666
0.010918
0.016866
0.023729
0.030397
0.036472
0.04147
0.04473
0.046766
0.048537
0.050286
0.051821
0.053248
0.055172
0.057499
0.058723
0.058509
0.057841
0.056898
0.055143
0.052686
0.050021
0.047405
0.045168
0.043554
0.041946
0.039982
0.038162
0.036955
0.036404
0.036723
0.037717
0.038367
0.03861
0.039396
0.040765
0.042069
0.043087
0.043814
0.044026
0.044314
0.045253
0.046083
0.045891
0.044486
0.042403
0.040103
0.037543
0.034369
0.030055
0.024942
0.019581
0.013419
0.006541
0.000995
-0.002514
-0.005216
-0.008242
-0.011189
-0.012407
-0.011705
-0.010306
-0.008524
-0.006069
-0.003591
-0.001442
0.001186
0.004142
0.006422
0.007924
0.009175
0.010195
0.01039
0.009352
0.007871
0.006481
0.004375
0.001229
-0.002209
-0.005382
-0.008079
-0.009844
-0.010609
-0.010791
-0.010348
-0.008911
-0.006367
-0.003747
-0.00277
-0.003022
-0.003037
-0.003205
-0.004209
-0.005259
-0.006387
-0.008537
-0.010574
-0.010972
-0.010179
-0.009256
-0.008228
-0.006402
-0.003717
-0.001268
0.000938
0.004206
0.007756
0.00987
0.011252
0.012687
0.012882
0.011788
0.01075
0.009586
0.007442
0.004458
0.000959
-0.003165
-0.007312
-0.010776
-0.013733
-0.016629
-0.019375
-0.021415
-0.022514
-0.023178
-0.02391
-0.024795
-0.025764
-0.026862
-0.028146
-0.029603
-0.031202
-0.033193
-0.035688
-0.037834
-0.039139
-0.040464
-0.041878
-0.042652
-0.043611
-0.045713
-0.047987
-0.049655
-0.051281
-0.053449
-0.056238
-0.059881
-0.06429
-0.068909
-0.073349
-0.077591
-0.081696
-0.085436
-0.088227
-0.090292
-0.0922
-0.093749
-0.094654
-0.095262
-0.095926
-0.096546
-0.096881
-0.096424
-0.094005
-0.089331
-0.082848
-0.07489
-0.065406
-0.05432
-0.042103
-0.029477
-0.016504
-0.003326
0.008653
0.01837
0.025878
0.031379
0.034809
0.037168
0.039146
0.039532
0.038116
0.036007
0.033215
0.029419
0.025813
0.023306
0.021517
0.019947
0.018676
0.017882
0.017784
0.018798
0.020707
0.022875
0.025087
0.027427
0.0299
0.032379
0.034528
0.035385
0.034968
0.035082
0.035671
0.034722
0.032435
0.030017
0.0266
0.021992
0.01799
0.014658
0.010263
0.003677
-0.004118
-0.011205
-0.017003
-0.022188
-0.027818
-0.033956
-0.039428
-0.043917
-0.04805
-0.052124
-0.055913
-0.059223
-0.06182
-0.063344
-0.064076
-0.064264
-0.063085
-0.060751
-0.058774
-0.057272
-0.055304
-0.052921
-0.05105
-0.050546
-0.051418
-0.053301
-0.055763
-0.05829
-0.060266
-0.062073
-0.064461
-0.06677
-0.068203
-0.069436
-0.07092
-0.072046
-0.072017
-0.070939
-0.069957
-0.069107
-0.067012
-0.064139
-0.06197
-0.06018
-0.058134
-0.056672
-0.056475
-0.057115
-0.05739
-0.056776
-0.055702
-0.054293
-0.052058
-0.049117
-0.045811
-0.041796
-0.036995
-0.031935
-0.026927
-0.021901
-0.016742
-0.011486
-0.006166
-0.000813
0.004853
0.011746
0.019751
0.027264
0.033749
0.039624
0.044327
0.047523
0.050368
0.052907
0.053868
0.053777
0.054094
0.054903
0.055342
0.054886
0.054064
0.053717
0.054416
0.055968
0.057722
0.059044
0.05984
0.060936
0.062803
0.064945
0.066896
0.068554
0.069601
0.070029
0.070658
0.071374
0.070964
0.068839
0.065394
0.061187
0.055897
0.048511
0.039499
0.030164
0.020994
0.012088
0.003979
-0.003571
-0.011105
-0.017953
-0.023383
-0.027672
-0.030765
-0.032301
-0.033684
-0.036141
-0.03862
-0.040293
-0.041645
-0.042834
-0.043872
-0.045911
-0.049004
-0.051626
-0.053304
-0.054798
-0.056522
-0.058331
-0.060043
-0.061433
-0.062274
-0.062887
-0.06368
-0.064571
-0.064706
-0.063314
-0.06132
-0.059636
-0.057376
-0.053922
-0.049583
-0.044093
-0.036839
-0.028016
-0.018801
-0.010414
-0.002771
0.004596
0.011267
0.017122
0.023092
0.029396
0.035174
0.03925
0.042078
0.045836
0.050413
0.053748
0.055817
0.058011
0.060767
0.063381
0.065174
0.066457
0.067821
0.069305
0.070463
0.070664
0.069831
0.06831
0.06661
0.065018
0.063538
0.062089
0.060808
0.06016
0.060257
0.060604
0.060829
0.060935
0.06101
0.061011
0.0609
0.060923
0.061461
0.061889
0.0616
0.061357
0.061776
0.062347
0.062257
0.061265
0.059872
0.058748
0.058431
0.058356
0.057646
0.05656
0.055873
0.055794
0.056168
0.056909
0.058037
0.059458
0.060948
0.061757
0.060663
0.057542
0.052952
0.046918
0.039276
0.029899
0.019041
0.007148
-0.005089
-0.0173
-0.029608
-0.040767
-0.048905
-0.054594
-0.059264
-0.062739
-0.064465
-0.06465
-0.064179
-0.063597
-0.062564
-0.061152
-0.059932
-0.058887
-0.05764
-0.056375
-0.055683
-0.055994
-0.056533
-0.056259
-0.055318
-0.054118
-0.05218
-0.049446
-0.046372
-0.042817
-0.038721
-0.035
-0.032017
-0.02925
-0.026347
-0.023616
-0.021685
-0.020225
-0.01811
-0.015229
-0.012365
-0.010202
-0.008537
-0.006684
-0.004066
-0.000546
0.003423
0.007118
0.009908
0.012268
0.015003
0.017492
0.018667
0.018236
0.017117
0.016181
0.014457
0.011184
0.008091
0.006037
0.003687
0.000493
-0.002533
-0.004324
-0.004909
-0.004846
-0.004027
-0.001867
0.001809
0.006466
0.011389
0.016206
0.020813
0.025072
0.028579
0.030584
0.030789
0.029297
0.026662
0.023098
0.017838
0.01149
0.006368
0.00292
0.000036
-0.00266
-0.004476
-0.00456
-0.002901
-0.000126
0.002692
0.005171
0.008149
0.011785
0.015324
0.018354
0.020653
0.021329
0.020748
0.020373
0.020139
0.019216
0.018182
0.017216
0.01503
0.011888
0.009159
0.006523
0.003398
0.000622
-0.001345
-0.003035
-0.004778
-0.006419
-0.007784
-0.008921
-0.009907
-0.010764
-0.011648
-0.013056
-0.014392
-0.014319
-0.013752
-0.014054
-0.013815
-0.012015
-0.009925
-0.008018
-0.005559
-0.002998
-0.000972
0.001092
0.003096
0.003737
0.002005
-0.001572
-0.005319
-0.008979
-0.013544
-0.018977
-0.024168
-0.02813
-0.031174
-0.03422
-0.036796
-0.0379
-0.037706
-0.036476
-0.033318
-0.028172
-0.022122
-0.016509
-0.011502
-0.006122
-0.000559
0.004095
0.008159
0.012198
0.015398
0.016961
0.017106
0.016954
0.017254
0.017689
0.017876
0.017959
0.018248
0.018855
0.019773
0.021219
0.02367
0.02655
0.02901
0.031587
0.034995
0.038893
0.042776
0.046541
0.04998
0.053173
0.057006
0.061442
0.065287
0.067875
0.069478
0.070514
0.071016
0.070538
0.068195
0.063292
0.056154
0.04751
0.037585
0.026819
0.016113
0.006347
-0.002246
-0.010016
-0.017155
-0.023445
-0.0284
-0.031794
-0.033677
-0.034637
-0.035434
-0.036731
-0.038389
-0.039054
-0.038647
-0.038697
-0.039327
-0.039508
-0.039191
-0.039067
-0.039368
-0.039932
-0.040805
-0.042539
-0.04509
-0.047416
-0.049204
-0.051035
-0.053147
-0.055295
-0.057234
-0.058928
-0.06034
-0.061408
-0.062044
-0.0622
-0.06135
-0.058355
-0.053177
-0.046793
-0.040334
-0.03361
-0.025052
-0.015111
-0.005581
0.003532
0.012536
0.01984
0.02449
0.02698
0.028151
0.027962
0.025388
0.020934
0.01647
0.012295
0.007739
0.003147
-0.000345
-0.001839
-0.001345
0.000835
0.004582
0.009725
0.016097
0.022759
0.028609
0.033705
0.03843
0.042326
0.045293
0.047871
0.050403
0.052804
0.054971
0.056656
0.057418
0.057402
0.057265
0.057588
0.058007
0.057425
0.05584
0.054029
0.052361
0.050511
0.047926
0.045166
0.043425
0.043049
0.043317
0.043064
0.042203
0.041397
0.040939
0.040483
0.039423
0.038096
0.037512
0.037334
0.036743
0.036293
0.036371
0.035968
0.034675
0.032854
0.03032
0.026532
0.021204
0.01483
0.008074
0.001101
-0.006324
-0.01465
-0.023595
-0.032321
-0.04008
-0.04671
-0.052613
-0.058131
-0.063143
-0.067202
-0.070074
-0.072219
-0.074132
-0.075764
-0.076321
-0.07516
-0.072945
-0.070858
-0.069531
-0.06829
-0.065996
-0.062449
-0.058415
-0.05501
-0.051821
-0.047546
-0.043196
-0.040353
-0.038141
-0.035403
-0.032556
-0.03062
-0.029859
-0.029677
-0.029557
-0.029495
-0.029576
-0.029603
-0.028975
-0.027483
-0.025499
-0.023311
-0.020917
-0.01864
-0.016319
-0.012592
-0.007243
-0.001496
0.003943
0.009194
0.014399
0.019151
0.022765
0.025368
0.027527
0.029368
0.030504
0.030303
0.029028
0.027255
0.024785
0.021369
0.017488
0.013926
0.010968
0.007455
0.002922
-0.000788
-0.003273
-0.006317
-0.009466
-0.010884
-0.010696
-0.01012
-0.009459
-0.008421
-0.006948
-0.005319
-0.003517
-0.001078
0.001774
0.004147
0.005353
0.004986
0.002525
-0.000981
-0.00377
-0.00679
-0.011327
-0.015833
-0.019579
-0.024232
-0.029757
-0.03454
-0.038238
-0.041315
-0.043595
-0.045703
-0.048429
-0.050454
-0.050569
-0.049544
-0.04838
-0.047131
-0.045517
-0.043591
-0.041555
-0.039529
-0.037661
-0.036446
-0.036175
-0.036521
-0.036859
-0.036813
-0.037075
-0.038466
-0.040678
-0.043063
-0.045476
-0.048058
-0.05066
-0.052687
-0.054144
-0.05592
-0.057515
-0.057525
-0.056525
-0.05559
-0.053964
-0.050683
-0.045556
-0.038516
-0.02999
-0.021805
-0.014235
-0.005603
0.003498
0.010962
0.016728
0.02165
0.025319
0.027131
0.027095
0.025458
0.022428
0.01796
0.012281
0.005751
-0.001054
-0.007647
-0.013884
-0.019799
-0.025278
-0.029882
-0.033533
-0.037132
-0.040616
-0.042566
-0.04336
-0.044413
-0.045396
-0.045294
-0.043902
-0.04234
-0.041531
-0.040789
-0.03937
-0.037708
-0.036414
-0.035535
-0.034897
-0.034302
-0.033282
-0.032155
-0.031773
-0.031734
-0.031099
-0.030002
-0.029026
-0.028273
-0.027526
-0.026563
-0.024918
-0.022721
-0.020884
-0.019188
-0.016554
-0.012968
-0.0091
-0.005236
-0.001541
0.001667
0.0049
0.008531
0.011668
0.013761
0.015214
0.016084
0.016122
0.01563
0.015406
0.016091
0.017123
0.017777
0.018771
0.020791
0.023343
0.025444
0.026699
0.027868
0.029072
0.028698
0.026641
0.0244
0.022019
0.0188
0.015471
0.012545
0.009346
0.005754
0.002784
0.001752
0.00231
0.002842
0.00359
0.00588
0.009347
0.012747
0.01566
0.017751
0.018637
0.019655
0.021679
0.02297
0.022707
0.022108
0.022387
0.023331
0.023715
0.023191
0.022333
0.021137
0.019203
0.01673
0.014209
0.011748
0.009254
0.006712
0.004211
0.001778
-0.000597
-0.002955
-0.005314
-0.007727
-0.010036
-0.011726
-0.012841
-0.013921
-0.015129
-0.016255
-0.017106
-0.017413
-0.016587
-0.01445
-0.011299
-0.007697
-0.003998
-0.000151
0.004537
0.010353
0.015706
0.019183
0.021028
0.022337
0.023749
0.025192
0.026571
0.02799
0.029605
0.03136
0.032863
0.033867
0.034719
0.035748
0.036726
0.03669
0.035146
0.033246
0.031949
0.03079
0.02891
0.026319
0.024551
0.024022
0.022858
0.021051
0.020554
0.021078
0.021048
0.020319
0.01986
0.020258
0.021025
0.021349
0.020724
0.019628
0.019276
0.020117
0.021656
0.022865
0.023417
0.023793
0.024303
0.024739
0.024863
0.024384
0.022728
0.019953
0.016551
0.012404
0.00732
0.001752
-0.003957
-0.009981
-0.015706
-0.020099
-0.022785
-0.024553
-0.026438
-0.027766
-0.027321
-0.025706
-0.024175
-0.022988
-0.02154
-0.019424
-0.017042
-0.015126
-0.014194
-0.013677
-0.012507
-0.01077
-0.009151
-0.007863
-0.006715
-0.005654
-0.004751
-0.004058
-0.003529
-0.003357
-0.004015
-0.005271
-0.006437
-0.007272
-0.007859
-0.008161
-0.007734
-0.006147
-0.003663
-0.000999
0.00122
0.003435
0.006491
0.009778
0.012083
0.012936
0.013082
0.013422
0.013375
0.011899
0.009203
0.005775
0.001396
-0.003475
-0.007777
-0.011414
-0.014595
-0.0167
-0.017228
-0.016156
-0.013589
-0.009803
-0.005248
0.000236
0.007182
0.014218
0.019693
0.024006
0.02847
0.033606
0.038528
0.042217
0.044609
0.046604
0.049322
0.052375
0.054696
0.056321
0.057858
0.059351
0.060499
0.060899
0.05972
0.056825
0.053554
0.050097
0.04519
0.039355
0.034188
0.029887
0.025597
0.020865
0.01692
0.015022
0.014564
0.014407
0.014376
0.014724
0.015583
0.017193
0.01956
0.022152
0.024277
0.025494
0.026116
0.026576
0.026841
0.026419
0.024774
0.022173
0.019026
0.014961
0.009617
0.003034
-0.004146
-0.011273
-0.018183
-0.024684
-0.030097
-0.034415
-0.03802
-0.04062
-0.041902
-0.04221
-0.041711
-0.039985
-0.036849
-0.032742
-0.02831
-0.023642
-0.018289
-0.012478
-0.006851
-0.001636
0.003055
0.006809
0.010098
0.013761
0.017672
0.02103
0.023169
0.024456
0.025746
0.027662
0.029791
0.030546
0.029825
0.028863
0.028212
0.027567
0.026729
0.025828
0.024862
0.023118
0.020301
0.017703
0.016299
0.015736
0.015826
0.016629
0.017019
0.016668
0.017411
0.019623
0.021742
0.022523
0.022031
0.020847
0.018909
0.015748
0.011979
0.008299
0.0041
-0.000757
-0.005147
-0.008678
-0.011842
-0.014861
-0.017512
-0.019545
-0.020338
-0.019497
-0.018144
-0.017358
-0.016844
-0.016055
-0.015017
-0.013988
-0.013018
-0.012059
-0.011108
-0.010412
-0.010821
-0.012461
-0.013572
-0.013639
-0.01422
-0.015917
-0.017971
-0.019935
-0.022229
-0.025526
-0.029263
-0.032434
-0.035178
-0.038157
-0.041467
-0.044846
-0.04802
-0.050535
-0.052326
-0.054166
-0.055687
-0.055326
-0.053124
-0.050252
-0.047076
-0.042557
-0.035108
-0.025537
-0.016242
-0.009278
-0.004052
0.001967
0.008741
0.014127
0.017279
0.018972
0.020021
0.020291
0.019326
0.01751
0.015411
0.012777
0.009884
0.007687
0.005934
0.003932
0.002331
0.001733
0.001885
0.00303
0.005505
0.007834
0.009406
0.01204
0.015637
0.018397
0.021055
0.0251
0.030014
0.034643
0.038592
0.041305
0.0426
0.043591
0.044657
0.044741
0.043579
0.041503
0.037889
0.032825
0.027762
0.022905
0.017379
0.011264
0.005353
-0.000027
-0.004979
-0.009427
-0.012841
-0.015057
-0.016529
-0.017409
-0.017413
-0.017172
-0.017308
-0.017141
-0.016216
-0.015151
-0.014805
-0.014918
-0.013486
-0.010472
-0.008491
-0.008233
-0.008134
-0.007065
-0.005574
-0.005058
-0.005619
-0.006479
-0.007309
-0.008464
-0.010482
-0.012821
-0.014391
-0.015536
-0.01689
-0.017715
-0.017668
-0.017636
-0.017547
-0.016767
-0.015932
-0.015798
-0.01611
-0.01645
-0.016847
-0.017457
-0.018458
-0.020308
-0.022811
-0.025217
-0.026849
-0.027871
-0.029264
-0.030731
-0.03097
-0.030953
-0.032009
-0.032736
-0.032233
-0.031787
-0.031715
-0.0309
-0.028685
-0.02584
-0.023561
-0.0215
-0.018705
-0.015796
-0.013451
-0.010901
-0.007746
-0.004712
-0.002632
-0.001375
0.000143
0.001668
0.00189
0.001724
0.002711
0.003967
0.004329
0.004117
0.003994
0.003821
0.002895
0.001363
0.000396
0.000213
0.000031
-0.000857
-0.002339
-0.003799
-0.004658
-0.004881
-0.00574
-0.007788
-0.009291
-0.010024
-0.011835
-0.014259
-0.015785
-0.01755
-0.020469
-0.023218
-0.025018
-0.026526
-0.028262
-0.030135
-0.031956
-0.033502
-0.03467
-0.036221
-0.038714
-0.04169
-0.044272
-0.046049
-0.04776
-0.04968
-0.050327
-0.049459
-0.048439
-0.04702
-0.04401
-0.039839
-0.035644
-0.031791
-0.028375
-0.025637
-0.023393
-0.021033
-0.017927
-0.014637
-0.012161
-0.010354
-0.008533
-0.006618
-0.005148
-0.004681
-0.004927
-0.005531
-0.006903
-0.008894
-0.010533
-0.012006
-0.01393
-0.015596
-0.016257
-0.016228
-0.015971
-0.015377
-0.013866
-0.011662
-0.009944
-0.008727
-0.007148
-0.005679
-0.004961
-0.004236
-0.003227
-0.002679
-0.00225
-0.001033
0.000898
0.002715
0.003966
0.005725
0.00892
0.01233
0.014774
0.016557
0.018273
0.01988
0.021187
0.021991
0.021812
0.020509
0.018579
0.017401
0.0175
0.017517
0.016712
0.015709
0.015042
0.014591
0.014162
0.013765
0.013554
0.013885
0.014993
0.016508
0.01776
0.018193
0.018421
0.01936
0.020816
0.021896
0.021899
0.021135
0.020408
0.020311
0.020675
0.020507
0.019591
0.018564
0.017792
0.017128
0.016426
0.015694
0.014973
0.014228
0.013438
0.012598
0.01174
0.010946
0.010594
0.010919
0.011204
0.01086
0.010329
0.010392
0.011436
0.012997
0.014533
0.01599
0.017531
0.019178
0.020872
0.022588
0.024352
0.026399
0.029084
0.031467
0.032516
0.033194
0.034625
0.036409
0.037571
0.037738
0.037456
0.037262
0.037178
0.037051
0.036777
0.035993
0.034699
0.033767
0.033251
0.032098
0.030126
0.028124
0.02686
0.025932
0.024288
0.022262
0.020948
0.020318
0.019766
0.019213
0.019211
0.020206
0.021832
0.02372
0.026262
0.028888
0.030388
0.031761
0.034552
0.038229
0.041139
0.042354
0.043448
0.045981
0.048903
0.050722
0.051277
0.051406
0.051694
0.052025
0.052185
0.052103
0.051535
0.050104
0.048093
0.045805
0.042799
0.039007
0.034982
0.031018
0.027033
0.022942
0.018827
0.014694
0.01021
0.005447
0.001794
-0.000421
-0.002607
-0.004968
-0.00643
-0.006903
-0.007088
-0.007301
-0.007421
-0.007331
-0.006727
-0.005961
-0.006557
-0.008512
-0.010245
-0.011402
-0.012917
-0.01561
-0.019175
-0.022859
-0.026391
-0.029743
-0.032462
-0.034651
-0.037174
-0.039516
-0.040472
-0.040853
-0.041696
-0.042238
-0.0419
-0.041093
-0.039796
-0.037899
-0.036101
-0.03418
-0.030716
-0.025821
-0.020702
-0.015795
-0.010811
-0.005661
-0.00053
0.004401
0.00909
0.013271
0.01633
0.018387
0.019936
0.020731
0.020532
0.019714
0.018443
0.016369
0.013692
0.010956
0.008334
0.005433
0.001766
-0.002388
-0.006257
-0.009209
-0.011601
-0.014415
-0.017287
-0.0192
-0.020232
-0.021059
-0.021807
-0.02201
-0.021308
-0.020155
-0.019148
-0.018423
-0.017872
-0.0175
-0.017364
-0.017474
-0.01777
-0.018202
-0.018707
-0.019243
-0.0196
-0.019264
-0.018442
-0.018125
-0.018077
-0.017497
-0.016941
-0.017169
-0.017875
-0.018542
-0.018989
-0.018896
-0.018264
-0.017917
-0.01775
-0.016713
-0.014694
-0.012386
-0.0101
-0.008004
-0.006387
-0.00444
-0.001386
0.001644
0.00337
0.003717
0.003867
0.004628
0.005238
0.005026
0.004527
0.00464
0.005638
0.00661
0.00708
0.007917
0.008957
0.008912
0.008645
0.009541
0.010667
0.010896
0.010534
0.009844
0.008727
0.007805
0.007323
0.006413
0.005189
0.004468
0.00381
0.002484
0.000823
-0.000328
-0.000648
-0.001026
-0.001943
-0.002454
-0.002069
-0.00137
-0.000772
-0.000363
-0.000515
-0.001049
-0.001038
-0.000452
0.000033
0.000156
0.000123
0.000075
0.000011
-0.000076
-0.000129
-0.000128
-0.000076
-0.000022
0.000105
0.00068
0.001638
0.001992
0.00168
0.00164
0.001644
0.001015
0.000466
0.000696
0.001408
0.002218
0.003075
0.003664
0.004121
0.005359
0.007438
0.017611
0.019558
0.021353
0.023004
0.024088
0.024241
0.024167
0.024442
0.024279
0.023287
0.022164
0.021818
0.022105
0.021515
0.019844
0.018638
0.018338
0.017973
0.016611
0.014374
0.011858
0.009021
0.005681
0.003017
0.001697
0.000492
-0.001304
-0.002942
-0.003519
-0.003185
-0.0031
-0.003123
-0.001887
0.000097
0.001279
0.001586
0.001527
0.000941
0.00048
0.001105
0.001959
0.001974
0.00144
0.001002
0.00082
0.001131
0.001839
0.002068
0.001579
0.001095
0.001367
0.002497
0.003988
0.005525
0.007251
0.009658
0.012796
0.015748
0.017998
0.019966
0.021994
0.023956
0.025667
0.026942
0.027352
0.027391
0.027918
0.02848
0.028347
0.02784
0.027789
0.028548
0.029299
0.029115
0.02781
0.026165
0.025081
0.024074
0.022375
0.020655
0.019378
0.017725
0.015425
0.013109
0.01112
0.009326
0.007584
0.00593
0.004397
0.002965
0.001602
0.000343
-0.000539
-0.000634
-0.000163
0.000233
-0.000032
-0.000598
-0.00054
0.000095
0.000449
-0.000181
-0.001489
-0.002481
-0.003377
-0.004943
-0.006646
-0.007677
-0.0082
-0.008628
-0.008948
-0.008983
-0.008575
-0.007386
-0.005822
-0.004665
-0.003291
-0.000771
0.002372
0.004834
0.005806
0.006605
0.008577
0.010475
0.011496
0.013279
0.016388
0.019562
0.021733
0.023015
0.023944
0.024449
0.02414
0.023561
0.023236
0.022572
0.021236
0.019828
0.019093
0.019192
0.019675
0.019989
0.019695
0.018998
0.018415
0.018374
0.018576
0.018178
0.017403
0.017088
0.016933
0.016371
0.015656
0.015259
0.015355
0.016413
0.018307
0.019519
0.019419
0.018807
0.01821
0.01743
0.016246
0.014394
0.011352
0.008064
0.005842
0.004156
0.002069
-0.000146
-0.001707
-0.002495
-0.003644
-0.005517
-0.006706
-0.006737
-0.006647
-0.007297
-0.008492
-0.009314
-0.009721
-0.010435
-0.011268
-0.011508
-0.011232
-0.010902
-0.010614
-0.01001
-0.008974
-0.008154
-0.007858
-0.007428
-0.006865
-0.006865
-0.007471
-0.008194
-0.008853
-0.009534
-0.010274
-0.010978
-0.011573
-0.012009
-0.012097
-0.01149
-0.010325
-0.009081
-0.008204
-0.007495
-0.006296
-0.004617
-0.003074
-0.002161
-0.001837
-0.001728
-0.001662
-0.001675
-0.001801
-0.001971
-0.002126
-0.002225
-0.002383
-0.00309
-0.004415
-0.005293
-0.005308
-0.005139
-0.00528
-0.005696
-0.006475
-0.007619
-0.008822
-0.00966
-0.009942
-0.009884
-0.009757
-0.009575
-0.009294
-0.00894
-0.008611
-0.008363
-0.00824
-0.008255
-0.008474
-0.009087
-0.01018
-0.011478
-0.012579
-0.013165
-0.013382
-0.01367
-0.014593
-0.015889
-0.016483
-0.016297
-0.016176
-0.016647
-0.017579
-0.018601
-0.019589
-0.02058
-0.021595
-0.022485
-0.022967
-0.023189
-0.023651
-0.024361
-0.025015
-0.025526
-0.025796
-0.025454
-0.024836
-0.024578
-0.024647
-0.024655
-0.024472
-0.024039
-0.023251
-0.022209
-0.021046
-0.019599
-0.018026
-0.016752
-0.01581
-0.01487
-0.013673
-0.012538
-0.012028
-0.011692
-0.010943
-0.010309
-0.010267
-0.010457
-0.01051
-0.01045
-0.010423
-0.010424
-0.010413
-0.010372
-0.010319
-0.010234
-0.010174
-0.010295
-0.010463
-0.010364
-0.010172
-0.010124
-0.010002
-0.009636
-0.0092
-0.008838
-0.008536
-0.008226
-0.007913
-0.007601
-0.007296
-0.006981
-0.006677
-0.006274
-0.00551
-0.00466
-0.00429
-0.004332
-0.004422
-0.004458
-0.004546
-0.004654
-0.004524
-0.004142
-0.004079
-0.004418
-0.004617
-0.004387
-0.003952
-0.003647
-0.003545
-0.003489
-0.003419
-0.003363
-0.003358
-0.003376
-0.003395
-0.003396
-0.003379
-0.00333
-0.00326
-0.003172
-0.003092
-0.003067
-0.003262
-0.003684
-0.004029
-0.004155
-0.004243
-0.004394
-0.004601
-0.004931
-0.005318
-0.005451
-0.005315
-0.005125
-0.004988
-0.004862
-0.004736
-0.004626
-0.004552
-0.004496
-0.004445
-0.004374
-0.00424
-0.003985
-0.003686
-0.003422
-0.003178
-0.002902
-0.002609
-0.002297
-0.00198
-0.00173
-0.00159
-0.001495
-0.001391
-0.001255
-0.001093
-0.000856
-0.000464
0.000009
0.000382
0.000658
0.000916
0.001171
0.001373
0.001515
0.001609
0.001683
0.001751
0.00184
0.001961
0.002132
0.002344
0.002589
0.002841
0.003083
0.003282
0.00343
0.00351
0.003533
0.0035
0.003416
0.003274
0.003162
0.003128
0.003118
0.003086
0.003067
0.003063
0.003053
0.003003
0.00291
0.002773
0.002612
0.002447
0.002333
0.002278
0.002263
0.002297
0.002436
0.002654
0.002905
0.003145
0.003365
0.003545
0.003688
0.003785
0.003824
0.00381
0.003793
0.003813
0.00389
0.004
0.004138
0.004299
0.00448
0.004646
0.004783
0.004868
0.004908
0.004901
0.004871
0.004831
0.004812
0.004823
0.00488
0.004973
0.005092
0.005206
0.005299
0.005342
0.00533
0.005248
0.00511
0.00493
0.004745
0.004581
0.004476
0.004438
0.004481
0.004589
0.004748
0.004922
0.00509
0.005221
0.005309
0.005345
0.005341
0.005304
0.005262
0.005231
0.005236
0.00528
0.005366
0.005469
0.005564
0.005609
0.00558
0.005451
0.005226
0.004916
0.004558
0.00419
0.003864
0.00362
0.003493
0.003485
0.003577
0.003714
0.003844
0.003906
0.003868
0.003705
0.003433
0.003084
0.002724
0.002422
0.002262
0.0023
0.002564
0.003036
0.003672
0.004381
0.005057
0.005573
0.00584
0.005788
0.005409
0.004729
0.003827
0.002803