0.001445
0.001574
0.001852
0.002234
0.002647
0.002994
0.003197
0.003211
0.003032
0.002686
0.002226
0.001731
0.0013
0.001021
0.000946
0.001071
0.001356
0.001725
0.002096
0.002377
0.002492
0.002389
0.002072
0.001592
0.001049
0.000548
0.000195
0.000061
0.000181
0.000528
0.001034
0.001593
0.002104
0.002469
0.002624
0.00253
0.002211
0.001742
0.001236
0.000805
0.000552
0.000546
0.000821
0.001342
0.002028
0.002757
0.003407
0.003864
0.00404
0.00389
0.003442
0.002787
0.002057
0.001377
0.00086
0.000589
0.000626
0.000966
0.001537
0.002214
0.002867
0.003386
0.003695
0.003757
0.003582
0.003214
0.002737
0.002256
0.001884
0.001699
0.001729
0.001944
0.002301
0.002733
0.003155
0.003484
0.003692
0.00377
0.003731
0.003611
0.003476
0.00338
0.00336
0.003428
0.003582
0.003781
0.003974
0.004097
0.004108
0.00399
0.003763
0.003466
0.003171
0.002948
0.002856
0.002939
0.003233
0.00369
0.00421
0.004699
0.005085
0.005297
0.005292
0.005059
0.004634
0.004088
0.0035
0.00296
0.002627
0.002593
0.002817
0.003202
0.003701
0.004265
0.004789
0.005098
0.005056
0.004665
0.004051
0.003335
0.002603
0.001915
0.001394
0.001161
0.001239
0.001508
0.001865
0.002268
0.002683
0.002983
0.003022
0.002721
0.002185
0.001606
0.001069
0.000638
0.00049
0.000694
0.001172
0.001833
0.002586
0.00323
0.003585
0.00363
0.00348
0.003191
0.002727
0.002142
0.001676
0.001458
0.001425
0.001521
0.001817
0.002338
0.002978
0.003595
0.004104
0.00432
0.004042
0.003396
0.002614
0.001695
0.000739
0.000061
-0.000189
-0.000177
0.000143
0.000961
0.001993
0.0026
0.002631
0.002585
0.002803
0.00295
0.002665
0.00222
0.001918
0.001782
0.001872
0.002106
0.002183
0.001918
0.001661
0.001889
0.002344
0.002482
0.002296
0.002059
0.001834
0.001556
0.001316
0.001287
0.001584
0.002024
0.002313
0.002271
0.001825
0.000953
-0.000059
-0.000781
-0.001327
-0.001814
-0.002113
-0.002305
-0.002278
-0.001569
-0.000314
0.000565
0.000835
0.001052
0.001328
0.001206
0.000567
-0.000533
-0.001943
-0.003115
-0.003686
-0.00385
-0.003394
-0.002205
-0.0009
0.000384
0.002612
0.005484
0.006935
0.006697
0.005544
0.00335
0.00029
-0.002459
-0.004282
-0.005229
-0.005094
-0.004279
-0.003209
-0.001183
0.001936
0.004523
0.005329
0.00496
0.004219
0.00282
0.000747
-0.001478
-0.003586
-0.005044
-0.005175
-0.004678
-0.004256
-0.002916
-0.000261
0.002595
0.005011
0.006871
0.007654
0.007309
0.006188
0.004269
0.002153
-0.000008
-0.002624
-0.004356
-0.00334
-0.000854
0.000689
0.002523
0.006357
0.010083
0.01138
0.010757
0.009471
0.007962
0.00598
0.002896
-0.001077
-0.004627
-0.006238
-0.005493
-0.003656
-0.00251
-0.002201
-0.001572
-0.000299
0.000591
0.001353
0.003162
0.004926
0.004974
0.004326
0.004468
0.004138
0.002225
0.000578
0.000553
0.000719
0.000039
-0.000172
0.001595
0.004737
0.006369
0.005365
0.003142
0.002054
0.00247
0.002004
-0.000211
-0.003007
-0.006119
-0.008612
-0.009061
-0.008212
-0.007936
-0.007786
-0.006968
-0.006169
-0.004963
-0.00188
0.002058
0.005133
0.007368
0.008548
0.008091
0.007097
0.006339
0.00522
0.003798
0.002675
0.001297
-0.00077
-0.00262
-0.003995
-0.004855
-0.003543
-0.000332
0.001982
0.00143
-0.001425
-0.005124
-0.006369
-0.002174
0.004107
0.006912
0.007907
0.010854
0.013776
0.013148
0.01
0.006089
0.002415
0.002571
0.006296
0.009796
0.009731
0.00372
-0.006104
-0.014333
-0.016883
-0.015058
-0.013593
-0.013051
-0.011093
-0.00669
0.000176
0.005931
0.005114
0.000574
0.001346
0.00792
0.012672
0.012307
0.009692
0.007951
0.007885
0.008179
0.007208
0.005294
0.004597
0.005987
0.008251
0.008409
0.003434
-0.00858
-0.02168
-0.024571
-0.018622
-0.012011
-0.00908
-0.00911
-0.009448
-0.009963
-0.012123
-0.013697
-0.012139
-0.009537
-0.00634
-0.000837
0.004532
0.004962
0.001101
-0.001125
0.00039
0.004345
0.009229
0.01357
0.016465
0.017828
0.018178
0.017126
0.013844
0.007542
-0.002384
-0.011891
-0.013983
-0.00973
-0.009572
-0.01719
-0.02171
-0.014894
-0.004096
0.000236
-0.001007
0.001669
0.013253
0.024701
0.024347
0.019019
0.016655
0.014023
0.009297
0.005358
0.001865
-0.002921
-0.006802
-0.007653
-0.00736
-0.00642
-0.002509
0.003913
0.011533
0.023202
0.039355
0.051394
0.052089
0.043089
0.029752
0.016274
0.003608
-0.011851
-0.031625
-0.05066
-0.063713
-0.067156
-0.059309
-0.042817
-0.02362
-0.007044
0.008788
0.029553
0.050924
0.064385
0.064316
0.052712
0.035823
0.016655
-0.005944
-0.028908
-0.045849
-0.06035
-0.074549
-0.079465
-0.066487
-0.038116
-0.003258
0.028408
0.049725
0.068
0.084079
0.087299
0.073414
0.048235
0.016095
-0.0198
-0.050742
-0.070863
-0.088843
-0.10559
-0.106157
-0.081997
-0.040081
0.011053
0.063137
0.09872
0.109252
0.102995
0.087797
0.064673
0.034558
0.000603
-0.032464
-0.058213
-0.077642
-0.091502
-0.097033
-0.090219
-0.067242
-0.030229
0.006591
0.030143
0.047934
0.071717
0.091441
0.091073
0.072189
0.045731
0.016144
-0.01703
-0.046773
-0.064488
-0.070665
-0.070937
-0.06359
-0.041963
-0.007466
0.024817
0.038585
0.044512
0.052478
0.052341
0.035824
0.011541
-0.010427
-0.028035
-0.042038
-0.051202
-0.051777
-0.036457
-0.010176
0.013261
0.02814
0.040886
0.055782
0.064025
0.05604
0.035869
0.013834
-0.00115
-0.007138
-0.010874
-0.017396
-0.023566
-0.02396
-0.017786
-0.01069
-0.006652
-0.001217
0.008194
0.012788
0.007908
0.003843
0.002534
-0.009613
-0.034578
-0.060812
-0.080558
-0.090153
-0.081666
-0.052841
-0.019061
0.004909
0.020166
0.032568
0.043973
0.050921
0.046503
0.031387
0.01695
0.009488
0.00462
-0.00483
-0.019019
-0.032248
-0.035506
-0.025308
-0.013665
-0.009877
-0.007777
0.001274
0.011439
0.01001
-0.001213
-0.008121
-0.011953
-0.026476
-0.047208
-0.058751
-0.0587
-0.055195
-0.052956
-0.050298
-0.039871
-0.018638
0.00728
0.028457
0.045104
0.064612
0.086262
0.093829
0.076399
0.050135
0.028741
0.011049
-0.003491
-0.013373
-0.022187
-0.028272
-0.022394
-0.009343
-0.00073
0.007337
0.020171
0.029004
0.027638
0.022855
0.017656
0.008605
-0.001605
-0.008208
-0.013105
-0.020916
-0.029336
-0.033891
-0.025658
0.001236
0.030299
0.047036
0.052064
0.051398
0.045202
0.034527
0.024175
0.010581
-0.011561
-0.034216
-0.044234
-0.039131
-0.024195
-0.006263
0.010515
0.025677
0.0389
0.051965
0.063426
0.065867
0.054924
0.035601
0.013021
-0.012807
-0.036656
-0.047862
-0.050389
-0.05343
-0.053259
-0.042896
-0.024092
-0.000457
0.026305
0.048845
0.061706
0.067041
0.06668
0.057768
0.039406
0.013228
-0.016505
-0.037123
-0.045952
-0.051996
-0.059916
-0.060437
-0.042557
-0.010729
0.021181
0.043985
0.056694
0.063388
0.063962
0.056916
0.042802
0.02354
-0.000572
-0.029271
-0.053544
-0.065187
-0.06848
-0.071291
-0.073244
-0.067202
-0.049723
-0.028429
-0.014629
-0.005435
0.00481
0.013215
0.013832
0.004107
-0.013087
-0.031994
-0.04851
-0.060905
-0.067774
-0.065072
-0.055529
-0.046724
-0.039265
-0.023967
0.003124
0.029651
0.045453
0.053582
0.055557
0.047578
0.031619
0.016118
0.005382
-0.003338
-0.015419
-0.032235
-0.047621
-0.050929
-0.041586
-0.032332
-0.02824
-0.017899
0.002711
0.021464
0.025551
0.017304
0.005597
-0.006772
-0.02034
-0.02948
-0.027209
-0.021797
-0.025403
-0.034484
-0.03524
-0.021539
0.000321
0.019093
0.02528
0.026211
0.03245
0.040603
0.037652
0.021175
0.002572
-0.010036
-0.017857
-0.019457
-0.013097
-0.006086
-0.00561
-0.006538
-0.00178
0.004408
0.003371
-0.003853
-0.009411
-0.010112
-0.006335
-0.001161
-0.001651
-0.010402
-0.017706
-0.011343
0.002031
0.014595
0.028273
0.039692
0.041098
0.036603
0.035599
0.033769
0.020166
0.000747
-0.010672
-0.014353
-0.016567
-0.016567
-0.014239
-0.014829
-0.017133
-0.014349
-0.009152
-0.008716
-0.012991
-0.016302
-0.013921
-0.010327
-0.017831
-0.03341
-0.045779
-0.053537
-0.059938
-0.060375
-0.049498
-0.030567
-0.013792
-0.005851
0.000949
0.014342
0.026704
0.026111
0.013364
0.001265
-0.002204
-0.003055
-0.010743
-0.022174
-0.027887
-0.026165
-0.023868
-0.025326
-0.025596
-0.017827
-0.006006
0.00411
0.013636
0.024879
0.034456
0.038789
0.035617
0.026777
0.022159
0.025061
0.027755
0.023569
0.016378
0.012076
0.009618
0.011118
0.022875
0.037035
0.039749
0.03464
0.035559
0.044215
0.050329
0.04781
0.035822
0.018885
0.002918
-0.006466
-0.007645
-0.003787
0.003221
0.018795
0.043341
0.061731
0.068921
0.071556
0.07258
0.069036
0.059817
0.046423
0.028795
0.007248
-0.014183
-0.029762
-0.037359
-0.039306
-0.038987
-0.038388
-0.037609
-0.035375
-0.029929
-0.017673
-0.000405
0.008602
0.000224
-0.019365
-0.036869
-0.044025
-0.045934
-0.052805
-0.065024
-0.072302
-0.066286
-0.047263
-0.025957
-0.016577
-0.018981
-0.014886
0.003142
0.021705
0.022293
0.001687
-0.023565
-0.03868
-0.043825
-0.051149
-0.063693
-0.075793
-0.083363
-0.08451
-0.079983
-0.073195
-0.06487
-0.053353
-0.040003
-0.02685
-0.012467
0.001535
0.008915
0.006985
-0.003015
-0.017752
-0.027274
-0.024882
-0.018143
-0.019525
-0.028763
-0.035202
-0.03167
-0.01709
0.001138
0.015072
0.022479
0.027557
0.036564
0.04979
0.059969
0.058686
0.04564
0.027599
0.00932
-0.007395
-0.020863
-0.029507
-0.033779
-0.036409
-0.034016
-0.018933
0.003738
0.02237
0.035543
0.046852
0.050569
0.041469
0.029988
0.025025
0.020341
0.006577
-0.01381
-0.027999
-0.029388
-0.022568
-0.015568
-0.011049
-0.004174
0.009211
0.029004
0.05415
0.07794
0.086828
0.078651
0.070983
0.073924
0.071124
0.049066
0.018853
-0.002318
-0.014246
-0.023
-0.027606
-0.027835
-0.028992
-0.031256
-0.027474
-0.017625
-0.010138
-0.004776
0.004172
0.008672
-0.000544
-0.01645
-0.023873
-0.023587
-0.030572
-0.048886
-0.062862
-0.061443
-0.055187
-0.056306
-0.059666
-0.052102
-0.032772
-0.016375
-0.011775
-0.013332
-0.012874
-0.011841
-0.013014
-0.015397
-0.017239
-0.017435
-0.015843
-0.013551
-0.011482
-0.009648
-0.006998
-0.002957
0.000033
-0.001257
-0.005014
-0.007734
-0.011894
-0.01959
-0.023378
-0.017312
-0.006398
0.002066
0.011711
0.030063
0.053301
0.072529
0.085616
0.094202
0.099506
0.102876
0.103448
0.098001
0.089313
0.083545
0.076864
0.067395
0.062279
0.0614
0.057921
0.055597
0.064661
0.077428
0.075843
0.062188
0.052021
0.046744
0.035443
0.018719
0.006081
-0.003987
-0.018566
-0.030893
-0.032909
-0.031084
-0.031413
-0.029453
-0.026091
-0.026145
-0.02256
-0.011035
-0.00339
-0.007189
-0.013411
-0.016357
-0.023504
-0.03622
-0.045137
-0.050432
-0.059421
-0.07089
-0.079029
-0.082501
-0.083985
-0.082918
-0.075036
-0.061282
-0.047459
-0.038796
-0.038451
-0.045991
-0.058453
-0.066112
-0.062121
-0.06152
-0.078309
-0.101558
-0.11121
-0.10872
-0.106621
-0.101155
-0.080355
-0.051863
-0.029535
-0.007848
0.019685
0.044556
0.061434
0.076609
0.083995
0.069849
0.046872
0.030622
0.015756
-0.002714
-0.012836
-0.002836
0.020583
0.036367
0.039406
0.04965
0.075758
0.101224
0.115538
0.119448
0.110688
0.094146
0.085112
0.081385
0.066797
0.044321
0.034493
0.041665
0.046384
0.038733
0.029795
0.027437
0.024983
0.017555
0.008219
-0.001206
-0.010906
-0.017488
-0.02001
-0.027072
-0.041884
-0.055696
-0.05989
-0.056686
-0.050463
-0.036444
-0.007715
0.026832
0.050176
0.057947
0.057378
0.054639
0.050274
0.041899
0.028896
0.013631
0.000654
-0.003821
-0.004268
-0.013328
-0.025946
-0.025794
-0.014249
-0.011041
-0.022193
-0.031622
-0.030315
-0.028296
-0.036449
-0.057556
-0.085932
-0.104827
-0.0988
-0.082265
-0.08218
-0.097449
-0.098803
-0.071346
-0.041665
-0.037677
-0.046041
-0.036637
-0.007734
0.022924
0.041698
0.045556
0.041327
0.040563
0.046171
0.046847
0.040421
0.03934
0.047696
0.055887
0.057684
0.05453
0.048481
0.038461
0.021746
-0.003064
-0.030808
-0.053638
-0.071062
-0.091714
-0.116521
-0.136789
-0.149089
-0.150798
-0.134418
-0.104848
-0.077647
-0.056399
-0.017577
0.053339
0.118014
0.148565
0.159036
0.173452
0.192644
0.202191
0.188616
0.15138
0.116179
0.108885
0.116332
0.109864
0.091776
0.091359
0.11633
0.136061
0.125169
0.10842
0.107964
0.108189
0.082783
0.031818
-0.023893
-0.060809
-0.073783
-0.089455
-0.124186
-0.15174
-0.140048
-0.10024
-0.073222
-0.076513
-0.08509
-0.077647
-0.063339
-0.053995
-0.04974
-0.052513
-0.061227
-0.063238
-0.055131
-0.049144
-0.043872
-0.024833
0.003032
0.01632
0.013068
0.015738
0.036447
0.053362
0.040456
0.013095
-0.010115
-0.041636
-0.088037
-0.123772
-0.132043
-0.141266
-0.173739
-0.200924
-0.191167
-0.158147
-0.13358
-0.120481
-0.106514
-0.10175
-0.102929
-0.078011
-0.028847
-0.00841
-0.035998
-0.055029
-0.02566
0.017955
0.02978
0.024232
0.032978
0.051428
0.066245
0.084501
0.105326
0.10908
0.095752
0.088368
0.088218
0.077113
0.05766
0.04826
0.050881
0.052999
0.050275
0.042441
0.030722
0.019408
0.014863
0.017243
0.017296
0.00905
0.001802
0.004714
0.004493
-0.015484
-0.046756
-0.057733
-0.031058
0.012036
0.032596
0.030085
0.042464
0.077158
0.10404
0.118147
0.139527
0.168576
0.181565
0.162339
0.123948
0.093285
0.075823
0.063021
0.057546
0.065471
0.080211
0.086285
0.079355
0.07617
0.084398
0.082401
0.05281
0.013388
-0.013319
-0.034621
-0.063124
-0.088509
-0.104111
-0.115188
-0.11686
-0.108259
-0.105562
-0.109971
-0.098342
-0.06612
-0.042876
-0.037407
-0.030048
-0.018248
-0.021855
-0.043666
-0.067587
-0.084459
-0.096786
-0.104851
-0.098954
-0.079049
-0.059239
-0.050668
-0.047322
-0.034274
-0.016495
-0.013665
-0.026897
-0.04211
-0.051753
-0.056346
-0.062101
-0.082494
-0.118842
-0.143952
-0.136531
-0.11315
-0.104709
-0.105579
-0.086998
-0.045148
-0.008922
0.003409
0.012559
0.033068
0.051676
0.058643
0.057936
0.057071
0.063818
0.074948
0.072151
0.04697
0.012112
-0.009094
-0.007008
-0.000783
-0.006314
-0.011814
-0.002962
0.013712
0.023264
0.023568
0.024793
0.026484
0.021332
0.019391
0.031612
0.039889
0.028893
0.021187
0.039223
0.073087
0.102827
0.127341
0.148611
0.157235
0.152732
0.152092
0.164791
0.177711
0.17128
0.150377
0.148479
0.176503
0.208589
0.215991
0.201322
0.19127
0.196687
0.208678
0.209531
0.184653
0.145296
0.113808
0.088847
0.053792
0.010253
-0.02616
-0.05646
-0.089678
-0.117373
-0.125303
-0.11937
-0.117602
-0.123149
-0.123975
-0.124289
-0.145392
-0.184631
-0.221208
-0.245299
-0.264156
-0.287736
-0.316606
-0.332977
-0.31702
-0.286769
-0.272888
-0.274514
-0.263247
-0.228403
-0.182635
-0.133824
-0.07722
-0.026317
-0.004557
-0.002692
0.012067
0.041418
0.049975
0.019289
-0.030343
-0.070056
-0.09841
-0.118381
-0.124111
-0.116225
-0.106112
-0.105195
-0.109569
-0.094517
-0.046258
0.011213
0.042953
0.052929
0.072454
0.108676
0.136486
0.146837
0.16043
0.173449
0.151364
0.101941
0.079423
0.096765
0.093878
0.054122
0.049207
0.100307
0.155393
0.179312
0.182803
0.182373
0.170603
0.14165
0.114819
0.106017
0.101024
0.086645
0.067963
0.043468
0.001884
-0.048594
-0.080173
-0.0861
-0.084178
-0.078807
-0.065983
-0.067193
-0.100033
-0.127968
-0.101573
-0.033246
0.011411
0.006526
-0.012161
-0.002374
0.031521
0.05408
0.048671
0.040624
0.055189
0.065495
0.041326
0.014694
0.02926
0.072289
0.097631
0.096915
0.091988
0.082147
0.055531
0.026586
0.012722
0.000355
-0.028589
-0.060715
-0.083285
-0.112839
-0.15369
-0.18063
-0.174478
-0.147212
-0.12273
-0.114052
-0.109506
-0.091191
-0.065271
-0.041646
-0.021879
-0.011301
-0.007358
0.004361
0.018046
0.018993
0.024508
0.055575
0.095516
0.112425
0.104322
0.107021
0.131705
0.133748
0.092725
0.048969
0.048326
0.080229
0.089754
0.060476
0.030383
0.025481
0.02096
0.001355
-0.007646
0.006404
0.017044
0.002483
-0.020119
-0.011332
0.03367
0.072997
0.079072
0.064396
0.041801
0.013592
-0.011851
-0.031336
-0.054695
-0.083863
-0.104614
-0.10585
-0.092577
-0.07575
-0.058548
-0.036019
-0.007501
0.018437
0.035856
0.047157
0.063665
0.092705
0.109065
0.072211
0.006223
-0.010695
0.022692
0.023471
-0.047122
-0.132586
-0.157798
-0.122185
-0.083148
-0.081862
-0.091218
-0.084286
-0.073447
-0.067054
-0.052603
-0.035092
-0.04998
-0.09436
-0.099495
-0.05924
-0.029908
-0.016168
0.023444
0.073258
0.079706
0.073609
0.125125
0.193339
0.192454
0.13749
0.102495
0.104919
0.103452
0.081217
0.066904
0.076551
0.09336
0.088707
0.063028
0.051836
0.059706
0.039727
-0.009931
-0.017044
0.01364
0.002956
-0.047027
-0.065902
-0.049134
-0.057512
-0.094899
-0.113158
-0.116525
-0.138382
-0.163302
-0.170496
-0.182408
-0.219384
-0.2498
-0.23505
-0.210925
-0.223076
-0.240656
-0.204927
-0.134547
-0.099797
-0.111478
-0.101268
-0.04384
-0.011027
-0.047476
-0.088351
-0.083652
-0.078969
-0.120331
-0.161603
-0.149886
-0.115239
-0.096245
-0.080312
-0.046321
0.00531
0.06583
0.123744
0.161021
0.181482
0.193007
0.199867
0.204234
0.199332
0.179919
0.156847
0.144263
0.142314
0.143456
0.141243
0.126349
0.095812
0.064845
0.054723
0.060973
0.069421
0.085727
0.116423
0.136856
0.12381
0.104493
0.131615
0.182901
0.17625
0.121474
0.088262
0.099557
0.12985
0.146887
0.14312
0.116175
0.071276
0.048042
0.068797
0.11122
0.126594
0.100271
0.077456
0.102793
0.132731
0.093268
0.022541
0.016859
0.061768
0.064242
0.013102
-0.011586
0.003442
-0.002564
-0.027792
-0.018755
0.019074
0.035638
0.03423
0.061447
0.121689
0.155742
0.118202
0.048283
0.02333
0.062019
0.100509
0.083436
0.058421
0.107723
0.184259
0.1893
0.159802
0.173784
0.202518
0.19075
0.1711
0.174949
0.156617
0.103485
0.080256
0.122427
0.163636
0.128729
0.046572
-0.005701
-0.021593
-0.049244
-0.082698
-0.081522
-0.066454
-0.078092
-0.118264
-0.162748
-0.17038
-0.122177
-0.086836
-0.139374
-0.248024
-0.290137
-0.207536
-0.110549
-0.111025
-0.154652
-0.120458
-0.030254
-0.026375
-0.155976
-0.2639
-0.21859
-0.095575
-0.066778
-0.161531
-0.255154
-0.262645
-0.223663
-0.198909
-0.201998
-0.220239
-0.232049
-0.219619
-0.194275
-0.180607
-0.167534
-0.131423
-0.100307
-0.127842
-0.184874
-0.186467
-0.158752
-0.16222
-0.181885
-0.18092
-0.170702
-0.160131
-0.140904
-0.142112
-0.187667
-0.218435
-0.16282
-0.062625
-0.005757
0.002681
0.038895
0.140693
0.231622
0.236799
0.198305
0.187411
0.214893
0.253554
0.273401
0.232707
0.121514
0.037178
0.082239
0.220618
0.309323
0.284324
0.209352
0.174813
0.207609
0.261681
0.309496
0.346977
0.338206
0.250877
0.143442
0.12238
0.162402
0.133072
0.024904
-0.048743
-0.055686
-0.0632
-0.109633
-0.155498
-0.150567
-0.091463
-0.032371
-0.01128
-0.025079
-0.050197
-0.069468
-0.080407
-0.097372
-0.133426
-0.171441
-0.169499
-0.091497
0.025822
0.105335
0.105009
0.044172
0.002098
0.029374
0.080309
0.096782
0.097472
0.101752
0.071233
-0.028784
-0.130605
-0.115323
-0.034332
-0.022963
-0.103511
-0.175809
-0.162966
-0.106618
-0.064907
-0.026852
0.018389
0.03733
0.008004
-0.027454
-0.026249
-0.007232
-0.017092
-0.052991
-0.075189
-0.099184
-0.170628
-0.260636
-0.274842
-0.186591
-0.07552
-0.008388
0.016147
0.043965
0.056587
0.012058
-0.040271
-0.013924
0.081903
0.155665
0.148421
0.095663
0.04578
0.016212
0.023434
0.066269
0.094707
0.074179
0.057182
0.096325
0.156033
0.18579
0.198662
0.217504
0.216052
0.142129
0.022875
-0.020503
0.011419
0.014476
-0.043252
-0.080175
-0.041137
0.027377
0.054233
0.024156
-0.015515
-0.017463
0.034152
0.092707
0.088717
0.013277
-0.073197
-0.129488
-0.186317
-0.264055
-0.307772
-0.269749
-0.18202
-0.112772
-0.081603
-0.043391
0.035784
0.120753
0.172711
0.198816
0.208116
0.18113
0.113538
0.044491
0.011618
-0.001515
-0.030142
-0.067051
-0.091591
-0.113363
-0.137067
-0.128743
-0.078797
-0.063409
-0.134311
-0.211323
-0.21192
-0.17653
-0.182651
-0.213842
-0.213016
-0.197381
-0.211637
-0.22173
-0.163687
-0.056044
0.01002
0.001578
-0.044533
-0.07924
-0.071949
-0.034607
0.014377
0.057301
0.085477
0.11943
0.185472
0.26832
0.327879
0.362102
0.398603
0.45044
0.506831
0.53664
0.517051
0.488996
0.526963
0.597317
0.617016
0.567055
0.479306
0.374083
0.248779
0.117939
0.029096
0.004373
0.001965
-0.015503
-0.034661
-0.025468
0.02085
0.077665
0.118295
0.152278
0.196372
0.22819
0.225098
0.173848
0.066175
-0.095857
-0.272124
-0.382136
-0.428359
-0.425977
-0.366581
-0.297575
-0.29193
-0.352881
-0.397281
-0.345785
-0.241094
-0.182377
-0.208517
-0.260399
-0.274782
-0.247235
-0.214521
-0.208539
-0.212997
-0.183267
-0.126643
-0.086067
-0.074646
-0.068863
-0.052652
-0.038847
-0.040124
-0.050332
-0.057688
-0.060312
-0.061224
-0.068042
-0.096139
-0.15057
-0.204682
-0.229408
-0.244501
-0.26604
-0.279596
-0.284843
-0.307713
-0.363211
-0.432679
-0.488228
-0.531196
-0.559999
-0.551241
-0.487278
-0.383524
-0.263887
-0.14842
-0.065097
0.004815
0.084434
0.158273
0.202431
0.212621
0.190444
0.138148
0.077137
0.028538
-0.033664
-0.120958
-0.185954
-0.196667
-0.188416
-0.210445
-0.255654
-0.284795
-0.296462
-0.312433
-0.325442
-0.299871
-0.229284
-0.161354
-0.138813
-0.155262
-0.165212
-0.149342
-0.118355
-0.090288
-0.089425
-0.125067
-0.183393
-0.247717
-0.313352
-0.3776
-0.412226
-0.417632
-0.43357
-0.467248
-0.470165
-0.417404
-0.351827
-0.308031
-0.262859
-0.192694
-0.104582
-0.020695
0.040537
0.078045
0.107635
0.146837
0.19384
0.238227
0.274394
0.302535
0.324582
0.34724
0.374753
0.392637
0.377917
0.313023
0.224365
0.163221
0.148821
0.151756
0.132932
0.095909
0.074129
0.070943
0.06068
0.037027
0.023111
0.036186
0.057728
0.048518
0.008109
-0.031925
-0.041345
-0.017966
0.003128
-0.002938
-0.036036
-0.082993
-0.119488
-0.138976
-0.133761
-0.102197
-0.053016
0.012334
0.095843
0.160894
0.143313
0.053769
-0.018238
-0.020536
0.021256
0.052749
0.066832
0.100926
0.147057
0.153639
0.095927
0.020076
0.005387
0.055582
0.105549
0.113547
0.100422
0.108894
0.134199
0.144921
0.140394
0.138611
0.145751
0.156501
0.14865
0.093837
0.008226
-0.056392
-0.085249
-0.106494
-0.130991
-0.122686
-0.069059
-0.033576
-0.047694
-0.075137
-0.069631
-0.024023
0.029148
0.072754
0.111054
0.123577
0.084775
0.021336
-0.021116
-0.043458
-0.073129
-0.109097
-0.12043
-0.093016
-0.054643
-0.045211
-0.063673
-0.078624
-0.054057
0.015886
0.095418
0.156116
0.198187
0.24596
0.298892
0.323318
0.296882
0.259169
0.275415
0.348473
0.392107
0.352728
0.304499
0.312644
0.321142
0.264757
0.181905
0.154953
0.175292
0.175495
0.161516
0.193395
0.252754
0.269056
0.253767
0.296343
0.390026
0.424141
0.391635
0.364405
0.356817
0.335484
0.28371
0.20646
0.085381
-0.074593
-0.192715
-0.251037
-0.296412
-0.352385
-0.399446
-0.427437
-0.457064
-0.491985
-0.492147
-0.438793
-0.359899
-0.273483
-0.195482
-0.163542
-0.191152
-0.235364
-0.230195
-0.188454
-0.151029
-0.135395
-0.147015
-0.176858
-0.20069
-0.20816
-0.20665
-0.186753
-0.122309
-0.015296
0.087736
0.161576
0.230738
0.323109
0.421435
0.475147
0.487444
0.511784
0.567063
0.607817
0.581804
0.487427
0.38028
0.32429
0.285338
0.217539
0.133878
0.056621
-0.018426
-0.098079
-0.177336
-0.240213
-0.264718
-0.254339
-0.22801
-0.198151
-0.157037
-0.103347
-0.064849
-0.055828
-0.043023
-0.005623
0.018022
-0.000141
-0.030918
-0.039631
-0.048042
-0.098447
-0.165187
-0.178267
-0.106815
0.000135
0.059942
0.053087
0.025654
0.022408
0.046783
0.070361
0.082937
0.092754
0.106262
0.125597
0.148851
0.165819
0.171137
0.171568
0.179007
0.192208
0.202565
0.194024
0.152682
0.080242
0.004244
-0.031704
-0.040023
-0.051587
-0.068814
-0.083819
-0.098481
-0.121123
-0.140283
-0.120103
-0.045454
0.049912
0.104694
0.096057
0.070509
0.08877
0.14227
0.149613
0.090496
0.046973
0.066873
0.11542
0.169128
0.243954
0.341268
0.412457
0.404934
0.361645
0.336222
0.3221
0.285156
0.213602
0.131599
0.070985
0.02837
-0.031228
-0.113575
-0.179129
-0.200844
-0.200887
-0.213146
-0.236787
-0.24071
-0.215075
-0.189146
-0.183709
-0.188191
-0.191478
-0.198795
-0.216099
-0.226185
-0.201613
-0.158138
-0.12888
-0.117313
-0.097092
-0.048373
0.022221
0.087925
0.118323
0.111528
0.100488
0.113365
0.1395
0.147143
0.111211
0.033993
-0.036863
-0.050197
-0.017064
0.018089
0.046168
0.076908
0.100828
0.102338
0.100114
0.139547
0.210241
0.257562
0.240947
0.172276
0.115755
0.112329
0.14124
0.147095
0.102255
0.046015
0.020838
0.019684
0.020625
0.021258
0.034921
0.063462
0.076522
0.053601
0.021454
0.012178
0.032263
0.066059
0.084193
0.063273
0.013182
-0.018232
-0.001804
0.030445
0.025719
-0.005958
-0.015139
0.009576
0.033624
0.03518
0.036968
0.051836
0.057744
0.043221
0.02588
0.015592
-0.01157
-0.069662
-0.123998
-0.134944
-0.108873
-0.091161
-0.111696
-0.141972
-0.132363
-0.072612
-0.010358
0.027004
0.057795
0.111819
0.186716
0.24982
0.25039
0.18854
0.153723
0.183001
0.232052
0.243248
0.191552
0.097246
0.024904
0.032643
0.094888
0.116456
0.068114
0.00983
-0.001363
0.029851
0.061889
0.068288
0.046187
0.02466
0.029948
0.05538
0.072288
0.070158
0.066077
0.076851
0.0952
0.102103
0.100093
0.105973
0.12379
0.14022
0.122401
0.052931
-0.004071
0.031118
0.113359
0.135744
0.08569
0.044031
0.057492
0.073742
0.04655
0.008165
-0.011742
-0.053236
-0.159399
-0.285517
-0.343892
-0.324596
-0.294714
-0.299625
-0.304221
-0.262304
-0.187214
-0.122359
-0.074528
-0.025164
0.029021
0.074709
0.10909
0.143587
0.169827
0.157923
0.103677
0.053436
0.058897
0.093715
0.072011
-0.007361
-0.067684
-0.043989
0.058682
0.160692
0.207244
0.208978
0.200974
0.205259
0.206937
0.172073
0.098043
0.019138
-0.024543
-0.019234
0.015282
0.061238
0.110998
0.144887
0.144377
0.123962
0.11282
0.102349
0.066709
0.02517
0.004079
-0.000439
0.003164
0.019308
0.041178
0.053103
0.033626
-0.020031
-0.060578
-0.049504
0.010723
0.072739
0.094548
0.084593
0.090665
0.137116
0.185217
0.181313
0.121813
0.048229
0.014475
0.025349
0.014266
-0.042848
-0.083927
-0.08685
-0.104407
-0.160773
-0.206093
-0.198955
-0.161085
-0.14027
-0.146827
-0.129234
-0.051308
0.059027
0.14056
0.16855
0.159426
0.142498
0.139598
0.14993
0.148617
0.129569
0.119913
0.148827
0.206012
0.259526
0.306693
0.357855
0.403918
0.429931
0.441476
0.458022
0.470829
0.451909
0.356248
0.187353
0.061972
0.035123
0.048645
0.023143
-0.039169
-0.076637
-0.065142
-0.05127
-0.060781
-0.051787
-0.008239
0.019481
-0.004485
-0.052794
-0.092194
-0.129975
-0.164738
-0.183214
-0.196871
-0.235572
-0.29443
-0.32686
-0.311768
-0.27381
-0.237321
-0.195969
-0.134254
-0.08061
-0.079792
-0.131375
-0.181162
-0.176229
-0.133597
-0.110337
-0.112711
-0.103968
-0.083177
-0.092486
-0.147077
-0.214223
-0.261212
-0.273737
-0.281102
-0.308612
-0.34534
-0.35709
-0.322741
-0.256952
-0.193534
-0.145131
-0.09093
-0.013716
0.064985
0.113663
0.13697
0.178864
0.264469
0.345697
0.37011
0.370564
0.389019
0.409495
0.401043
0.358597
0.270617
0.13664
0.02875
-0.016899
-0.02606
-0.026403
-0.029652
-0.044298
-0.079239
-0.115857
-0.108254
-0.053564
-0.005398
-0.003413
-0.016372
-0.000559
0.026598
0.004904
-0.071963
-0.131221
-0.131589
-0.119544
-0.137567
-0.174617
-0.196974
-0.186336
-0.148666
-0.099338
-0.04838
-0.011721
-0.004173
-0.006595
0.017717
0.060921
0.070413
0.026689
-0.019051
-0.049621
-0.121943
-0.254902
-0.382958
-0.443793
-0.451243
-0.456669
-0.451464
-0.402737
-0.340624
-0.316906
-0.31262
-0.265411
-0.155441
-0.027887
0.044106
0.057714
0.047782
0.042056
0.049565
0.042902
-0.004941
-0.081031
-0.134809
-0.126488
-0.083769
-0.061559
-0.06933
-0.069979
-0.019703
0.084222
0.18087
0.224805
0.24975
0.286762
0.300105
0.241747
0.130646
0.027757
-0.044695
-0.083156
-0.090203
-0.064459
-0.025095
0.00295
0.039255
0.115277
0.20777
0.254867
0.24114
0.218712
0.222847
0.231437
0.220041
0.18973
0.13595
0.053275
-0.025454
-0.056524
-0.032593
0.033831
0.125025
0.208806
0.269916
0.323224
0.358006
0.347957
0.271598
0.146457
0.030867
-0.030365
-0.047809
-0.041436
-0.017805
0.001495
-0.002952
-0.035143
-0.060394
-0.038205
0.002512
-0.019463
-0.113292
-0.193853
-0.21779
-0.2219
-0.218484
-0.174077
-0.092099
-0.022703
0.019309
0.070892
0.146882
0.193919
0.163309
0.085671
0.014055
-0.063751
-0.188251
-0.325729
-0.394163
-0.418184
-0.464515
-0.524049
-0.545457
-0.500531
-0.392704
-0.260059
-0.165505
-0.14101
-0.163867
-0.191213
-0.184262
-0.146532
-0.130525
-0.143819
-0.134837
-0.095466
-0.065483
-0.051934
-0.019747
0.03706
0.076937
0.065091
0.042088
0.091149
0.182817
0.203688
0.129041
0.0404
0.010811
0.043819
0.089285
0.106908
0.103359
0.103312
0.107398
0.11928
0.154123
0.195321
0.197386
0.153664
0.115343
0.103577
0.080392
0.019578
-0.046959
-0.084636
-0.101817
-0.117739
-0.131664
-0.132801
-0.108618
-0.057387
0.004213
0.042831
0.029019
-0.014948
-0.034121
-0.012628
0.01716
0.04253
0.064653
0.061771
-0.00575
-0.116539
-0.157602
-0.108183
-0.045595
-0.021162
-0.014608
0.024397
0.103295
0.202329
0.303498
0.381629
0.42788
0.419088
0.350915
0.266207
0.213389
0.177984
0.097537
-0.013655
-0.070367
-0.05771
-0.044076
-0.082478
-0.142563
-0.152006
-0.094582
-0.010852
0.055389
0.091305
0.10506
0.111274
0.101529
0.052106
-0.064636
-0.229213
-0.345585
-0.376813
-0.349264
-0.317328
-0.325345
-0.367928
-0.393926
-0.361849
-0.279183
-0.187578
-0.123238
-0.099052
-0.12193
-0.189128
-0.274728
-0.344069
-0.374596
-0.396195
-0.428371
-0.433574
-0.368276
-0.248351
-0.116998
0.011901
0.132906
0.209524
0.234733
0.224112
0.189211
0.121516
0.02672
-0.041839
-0.028928
0.02696
0.027835
-0.021308
-0.028038
0.045034
0.143861
0.204427
0.219135
0.212261
0.209151
0.212356
0.206947
0.170077
0.10717
0.053007
0.050438
0.089434
0.087598
0.012136
-0.101107
-0.191729
-0.224124
-0.19866
-0.14289
-0.101186
-0.100235
-0.12225
-0.135401
-0.128557
-0.106823
-0.083966
-0.076565
-0.102242
-0.171646
-0.253501
-0.304038
-0.30869
-0.28544
-0.252121
-0.200588
-0.113825
-0.005111
0.086315
0.165541
0.244805
0.306415
0.330315
0.324006
0.313753
0.304667
0.262424
0.172919
0.077457
0.011432
-0.038977
-0.101614
-0.180285
-0.241893
-0.234652
-0.167865
-0.080425
-0.011748
0.006559
-0.00154
0.017122
0.073413
0.125111
0.145562
0.167663
0.207692
0.237019
0.251172
0.28595
0.351788
0.405507
0.412406
0.398393
0.394677
0.396912
0.378489
0.317199
0.216964
0.132064
0.130678
0.164442
0.152545
0.08592
0.008594
-0.03522
-0.043473
-0.050818
-0.084229
-0.135482
-0.194441
-0.257012
-0.302322
-0.307476
-0.28181
-0.257308
-0.253163
-0.268405
-0.294484
-0.320453
-0.341195
-0.333369
-0.264928
-0.135503
-0.011936
-0.003261
-0.075994
-0.139991
-0.164325
-0.159825
-0.152307
-0.156651
-0.164234
-0.167528
-0.17771
-0.193394
-0.190112
-0.164687
-0.143388
-0.144881
-0.163947
-0.187959
-0.201204
-0.189967
-0.161952
-0.144831
-0.158042
-0.184271
-0.191374
-0.190218
-0.216888
-0.257893
-0.264408
-0.205854
-0.10203
-0.000749
0.083903
0.184304
0.307678
0.388134
0.393252
0.350855
0.304875
0.264617
0.217266
0.164601
0.121859
0.083816
0.030971
-0.022504
-0.039086
-0.000833
0.070401
0.133281
0.168993
0.176837
0.172114
0.157526
0.128736
0.078529
-0.005653
-0.125116
-0.239754
-0.289161
-0.266219
-0.221688
-0.181579
-0.124472
-0.032893
0.063639
0.126128
0.171157
0.241381
0.324548
0.363911
0.330803
0.252213
0.182771
0.174739
0.215591
0.192136
0.060981
-0.10915
-0.227019
-0.25539
-0.225386
-0.169297
-0.084219
0.017907
0.077876
0.08677
0.05962
-0.001572
-0.089762
-0.157097
-0.143868
-0.065767
-0.00407
-0.000272
-0.02702
-0.049975
-0.05467
-0.045332
-0.056476
-0.109647
-0.165896
-0.183692
-0.169076
-0.150725
-0.131492
-0.08568
-0.006957
0.072224
0.107961
0.09211
0.052221
0.009624
-0.025983
-0.048308
-0.054637
-0.049729
-0.057261
-0.10169
-0.162578
-0.195549
-0.193384
-0.189831
-0.211297
-0.237471
-0.222952
-0.151258
-0.066588
-0.003036
0.038725
0.071362
0.105446
0.134788
0.136656
0.11094
0.092044
0.079546
0.050158
0.023285
0.040897
0.102211
0.158396
0.167468
0.125031
0.062404
0.018799
0.009921
0.024491
0.043791
0.057351
0.059467
0.049732
0.053079
0.09063
0.143825
0.163688
0.129534
0.071306
0.040336
0.051574
0.066253
0.067034
0.078365
0.106757
0.127487
0.127854
0.123603
0.124552
0.119527
0.110496
0.120545
0.149044
0.153235
0.108764
0.05933
0.052704
0.080673
0.0976
0.098272
0.10381
0.111311
0.103488
0.084298
0.063391
0.034086
-0.011822
-0.069502
-0.131372
-0.188464
-0.226972
-0.223657
-0.167831
-0.090569
-0.037636
-0.008275
0.025605
0.071353
0.117881
0.151731
0.158887
0.132698
0.074307
-0.001701
-0.088717
-0.171435
-0.216378
-0.200964
-0.131329
-0.008629
0.130295
0.183769
0.133326
0.047661
-0.003694
-0.006388
0.014093
0.015407
-0.042331
-0.141686
-0.219213
-0.25259
-0.273857
-0.300835
-0.308611
-0.261061
-0.184495
-0.164064
-0.197982
-0.241033
-0.291742
-0.344155
-0.354019
-0.302046
-0.239868
-0.238331
-0.292407
-0.332316
-0.323013
-0.295759
-0.280656
-0.267069
-0.235819
-0.189117
-0.132295
-0.061023
0.018506
0.094012
0.151448
0.17307
0.153623
0.122425
0.124292
0.144695
0.145494
0.11769
0.064711
-0.005491
-0.075569
-0.11071
-0.092917
-0.065093
-0.066049
-0.079905
-0.064178
-0.005937
0.071031
0.133804
0.16422
0.163136
0.150322
0.148278
0.165911
0.190046
0.195856
0.180038
0.169953
0.191037
0.223606
0.231532
0.195999
0.137783
0.101053
0.097323
0.086825
0.037751
-0.011779
-0.015969
0.02405
0.074066
0.117409
0.151303
0.157557
0.11658
0.042961
-0.021796
-0.062581
-0.095093
-0.139105
-0.198999
-0.257366
-0.279458
-0.242875
-0.181383
-0.138277
-0.126101
-0.125822
-0.105009
-0.056635
0.003544
0.038891
0.003543
-0.087415
-0.171063
-0.207954
-0.220522
-0.256972
-0.314511
-0.320815
-0.234628
-0.114279
-0.036349
-0.01582
-0.031587
-0.058205
-0.073514
-0.070841
-0.06617
-0.083639
-0.14015
-0.235498
-0.336628
-0.391474
-0.383604
-0.325891
-0.233258
-0.122694
0.007443
0.13327
0.209336
0.220922
0.197848
0.185129
0.207491
0.250501
0.275275
0.256947
0.198551
0.112521
0.018661
-0.062746
-0.098205
-0.046353
0.06144
0.158121
0.190356
0.150715
0.106436
0.118955
0.199811
0.290751
0.286466
0.187068
0.084001
0.043478
0.05472
0.073058
0.078226
0.078756
0.06932
0.042977
0.025826
0.046607
0.106509
0.181226
0.245023
0.282309
0.276395
0.241693
0.200164
0.162643
0.130994
0.094295
0.040796
-0.025137
-0.074941
-0.079555
-0.057684
-0.044183
-0.038426
-0.023047
-0.011984
-0.040715
-0.107315
-0.162543
-0.178357
-0.175643
-0.171078
-0.15989
-0.143689
-0.136878
-0.136984
-0.113925
-0.056225
0.012464
0.060984
0.075523
0.063604
0.034782
0.011668
0.022427
0.051995
0.06244
0.038662
0.003113
-0.015815
-0.017161
-0.021711
-0.036353
-0.054639
-0.087321
-0.14107
-0.191314
-0.194227
-0.141221
-0.084601
-0.078977
-0.125036
-0.158656
-0.152894
-0.144092
-0.160737
-0.181808
-0.181543
-0.17532
-0.196769
-0.239563
-0.280325
-0.315905
-0.346624
-0.354679
-0.332134
-0.3006
-0.282478
-0.266561
-0.232533
-0.190683
-0.161731
-0.135445
-0.091596
-0.04226
-0.008188
0.024175
0.076551
0.136287
0.172342
0.180497
0.179138
0.170595
0.126986
0.047375
-0.010343
-0.036234
-0.060612
-0.079114
-0.064144
-0.022978
0.010568
0.03664
0.082361
0.141441
0.175722
0.173704
0.155511
0.13749
0.123768
0.126697
0.153357
0.177994
0.176229
0.152166
0.126398
0.117874
0.129561
0.15309
0.174326
0.179829
0.172826
0.160264
0.140807
0.114183
0.093263
0.09419
0.108903
0.116773
0.120746
0.138571
0.166833
0.190687
0.209864
0.22498
0.207887
0.137881
0.0536
0.003535
-0.00628
-0.002929
-0.015998
-0.051265
-0.106774
-0.167347
-0.191338
-0.167038
-0.116036
-0.070304
-0.03671
-0.010842
-0.016204
-0.066849
-0.113289
-0.106022
-0.068142
-0.04534
-0.055698
-0.085141
-0.113726
-0.139708
-0.141442
-0.0949
-0.003186
0.074522
0.071787
0.014063
-0.031134
-0.055351
-0.082549
-0.097763
-0.079148
-0.045312
-0.035848
-0.052395
-0.063406
-0.056294
-0.049663
-0.054956
-0.065412
-0.079119
-0.095079
-0.095448
-0.069733
-0.049726
-0.061486
-0.072408
-0.044624
0.012693
0.059072
0.060957
0.031178
0.005162
0.004994
0.029075
0.056356
0.071677
0.077651
0.090544
0.120402
0.155301
0.173125
0.166168
0.153417
0.159251
0.177714
0.184715
0.181638
0.192262
0.217094
0.21823
0.171266
0.114107
0.075136
0.033812
-0.028974
-0.097095
-0.14559
-0.177473
-0.221345
-0.284315
-0.343604
-0.377045
-0.380802
-0.356304
-0.312555
-0.272731
-0.243123
-0.196869
-0.114931
-0.018161
0.069524
0.134734
0.164791
0.153463
0.118386
0.111441
0.145032
0.194807
0.233334
0.24319
0.224622
0.183147
0.135143
0.117923
0.141149
0.16223
0.153662
0.142455
0.152718
0.168585
0.161509
0.135034
0.114392
0.103988
0.087484
0.066687
0.048746
0.021847
-0.029978
-0.082221
-0.079597
-0.032691
0.012176
0.028476
0.015432
-0.005204
-0.020821
-0.021348
0.005487
0.034235
0.029765
-0.010286
-0.051137
-0.068909
-0.074276
-0.09307
-0.127941
-0.14783
-0.130554
-0.090845
-0.043008
0.012809
0.064956
0.078496
0.042514
0.011627
0.027461
0.070554
0.097455
0.087447
0.068384
0.077079
0.124788
0.187044
0.220635
0.224456
0.212907
0.19106
0.162258
0.128401
0.078308
0.004372
-0.068982
-0.11194
-0.127302
-0.131822
-0.137202
-0.147853
-0.171298
-0.212507
-0.245335
-0.245547
-0.222038
-0.198656
-0.181683
-0.157625
-0.119336
-0.073982
-0.036178
-0.014906
-0.002661
0.004621
0.009172
0.019968
0.038439
0.049568
0.047087
0.055584
0.096247
0.150847
0.191233
0.213959
0.232797
0.250336
0.252166
0.231436
0.19814
0.150662
0.082142
0.00988
-0.037832
-0.057366
-0.068304
-0.085179
-0.101833
-0.10561
-0.092275
-0.067468
-0.041598
-0.029829
-0.039558
-0.054233
-0.060177
-0.072009
-0.098545
-0.123187
-0.134501
-0.142533
-0.149988
-0.136551
-0.097866
-0.06445
-0.055635
-0.04931
-0.009853
0.054997
0.100664
0.103523
0.094418
0.111805
0.142294
0.151986
0.134529
0.105826
0.080523
0.053886
0.006331
-0.051616
-0.076694
-0.058062
-0.033178
-0.038456
-0.064097
-0.077536
-0.085892
-0.114349
-0.142514
-0.136995
-0.110978
-0.10656
-0.124209
-0.126738
-0.081487
-0.006529
0.036285
0.039571
0.018313
-0.022795
-0.066147
-0.071718
-0.014009
0.075527
0.142934
0.181457
0.214581
0.248575
0.283911
0.319438
0.327268
0.279526
0.20148
0.14425
0.119213
0.099394
0.063095
0.018692
-0.019485
-0.047551
-0.059876
-0.051471
-0.039678
-0.053672
-0.089166
-0.117446
-0.128376
-0.128606
-0.118112
-0.098623
-0.088141
-0.09468
-0.10572
-0.099178
-0.065725
-0.015022
0.037036
0.067859
0.074111
0.05418
0.016753
-0.002032
0.011031
0.023303
0.006637
-0.020266
-0.024569
-0.01888
-0.031092
-0.053717
-0.065785
-0.066213
-0.064545
-0.062939
-0.056574
-0.043438
-0.032143
-0.032898
-0.048746
-0.073245
-0.092876
-0.091777
-0.065063
-0.035485
-0.014319
0.014995
0.062033
0.113261
0.160313
0.20619
0.239971
0.242145
0.221113
0.201938
0.192755
0.182671
0.163594
0.134738
0.09037
0.019675
-0.065321
-0.124793
-0.133372
-0.10874
-0.088059
-0.079047
-0.049656
0.02376
0.113669
0.179323
0.197946
0.172843
0.135894
0.112142
0.093836
0.053435
-0.013765
-0.081563
-0.122784
-0.141266
-0.15779
-0.183888
-0.214794
-0.234072
-0.231323
-0.21922
-0.216531
-0.222118
-0.220625
-0.211035
-0.213601
-0.232197
-0.241686
-0.234463
-0.222169
-0.20186
-0.157829
-0.091342
-0.019104
0.040168
0.080144
0.116153
0.161796
0.206619
0.23316
0.236603
0.217738
0.181988
0.151881
0.146283
0.146378
0.123985
0.084615
0.05476
0.043714
0.029399
0.001186
-0.013707
-0.004856
0.004778
0.002122
0.003208
0.018486
0.034209
0.020232
-0.032039
-0.078439
-0.094452
-0.094135
-0.097277
-0.09912
-0.080089
-0.038509
0.000427
0.020158
0.027491
0.031362
0.03593
0.05354
0.087356
0.121999
0.139045
0.12717
0.102906
0.087691
0.080574
0.069348
0.054569
0.052932
0.059939
0.039425
-0.012271
-0.050534
-0.045714
-0.021796
-0.010049
-0.009468
-0.000392
0.016465
0.012036
-0.020287
-0.050181
-0.056204
-0.047695
-0.048122
-0.071203
-0.098694
-0.093482
-0.060385
-0.029832
-0.016663
-0.009708
0.011227
0.051044
0.08679
0.085423
0.054526
0.034163
0.045295
0.064352
0.066922
0.059733
0.065603
0.089291
0.106481
0.09559
0.068112
0.043571
0.035725
0.049583
0.080632
0.113511
0.116286
0.085765
0.037851
-0.01152
-0.043773
-0.054493
-0.055511
-0.066795
-0.092743
-0.102441
-0.075577
-0.023374
0.025113
0.056306
0.078874
0.100632
0.109298
0.09724
0.086249
0.093228
0.100608
0.089243
0.072483
0.083093
0.124209
0.1502
0.133138
0.083884
0.034807
0.012448
0.009389
0.005477
0.00158
0.003341
-0.008047
-0.04251
-0.073488
-0.073156
-0.054695
-0.05399
-0.083692
-0.118095
-0.130995
-0.126909
-0.11982
-0.105726
-0.080797
-0.058075
-0.04773
-0.035919
-0.002567
0.042736
0.083928
0.116774
0.132602
0.119248
0.076396
0.025321
-0.002241
-0.006167
-0.0207
-0.045895
-0.042499
-0.005665
0.024732
0.025957
0.024466
0.038791
0.047657
0.042074
0.048049
0.078098
0.10458
0.101384
0.083352
0.072338
0.054956
0.014585
-0.028653
-0.047797
-0.05933
-0.095148
-0.145499
-0.165093
-0.137133
-0.089221
-0.047144
-0.018713
-0.002999
0.006931
0.02392
0.056824
0.098115
0.126812
0.125646
0.093121
0.048703
0.016773
-0.007203
-0.040105
-0.068345
-0.070993
-0.055478
-0.046762
-0.051406
-0.049085
-0.028106
0.008743
0.048596
0.062476
0.039965
-0.010329
-0.064699
-0.109451
-0.150168
-0.190779
-0.211467
-0.191297
-0.140897
-0.080675
-0.015016
0.039669
0.062153
0.0667
0.094878
0.166144
0.242574
0.287399
0.301071
0.286968
0.234079
0.136327
0.044838
0.036832
0.088328
0.102816
0.038788
-0.04656
-0.094106
-0.103073
-0.108203
-0.129454
-0.129118
-0.065916
0.031174
0.104391
0.129878
0.133305
0.159475
0.204939
0.22542
0.213264
0.192095
0.169102
0.137455
0.096375
0.04889
-0.013189
-0.083754
-0.123359
-0.127854
-0.121108
-0.105975
-0.065901
-0.012145
0.011453
-0.006924
-0.021479
-0.002434
0.017534
0.008858
-0.014145
-0.027699
-0.027311
-0.025048
-0.040699
-0.072431
-0.099881
-0.105089
-0.090965
-0.074526
-0.05957
-0.033451
0.005627
0.037587
0.051742
0.0556
0.065826
0.086906
0.097824
0.078318
0.043296
0.021961
0.017205
0.011829
-0.006441
-0.036009
-0.058178
-0.038589
0.026488
0.078213
0.082907
0.064798
0.055234
0.057688
0.054012
0.034184
-0.003391
-0.053744
-0.097117
-0.125127
-0.135325
-0.127733
-0.108732
-0.085983
-0.058033
-0.021811
0.012349
0.036431
0.056018
0.07581
0.084587
0.067242
0.034229
0.014844
0.0194
0.023266
0.017306
0.011746
0.004324
-0.011181
-0.026378
-0.032556
-0.033007
-0.030713
-0.024222
-0.015547
-0.004417
0.017282
0.041543
0.037626
0.005824
-0.009655
0.00176
-0.001116
-0.032109
-0.060139
-0.063562
-0.0541
-0.044935
-0.036726
-0.025159
-0.011937
0.001678
0.019671
0.043139
0.067974
0.090942
0.105855
0.103642
0.088598
0.079881
0.083602
0.084096
0.06911
0.045745
0.025148
0.010664
0.00174
-0.003158
-0.008074
-0.013399
-0.014295
-0.005605
0.013658
0.030427
0.028844
0.005649
-0.024977
-0.043881
-0.047264
-0.044528
-0.042577
-0.041156
-0.039878
-0.04221
-0.050599
-0.058872
-0.062478
-0.067875
-0.076838
-0.070318
-0.036567
0.005139
0.035302
0.05671
0.075131
0.085322
0.084221
0.085761
0.10292
0.114484
0.096274
0.05636
0.018611
-0.014318
-0.05341
-0.101485
-0.144504
-0.157903
-0.136917
-0.093341
-0.049232
-0.018118
0.006294
0.038925
0.082095
0.117556
0.130298
0.125302
0.112741
0.094145
0.068086
0.0343
-0.004975
-0.036677
-0.052922
-0.050865
-0.03277
-0.00805
0.015829
0.038203
0.06014
0.078214
0.080501
0.06086
0.030647
0.014168
0.016735
0.019549
0.008792
-0.005732
-0.012039
-0.014131
-0.019164
-0.022779
-0.020303
-0.018196
-0.029127
-0.050275
-0.060981
-0.057731
-0.050654
-0.043028
-0.036344
-0.03579
-0.04365
-0.052307
-0.049493
-0.032681
-0.008556
0.011211
0.015227
0.004319
-0.011667
-0.02932
-0.048814
-0.058697
-0.052183
-0.039963
-0.029044
-0.015825
-0.001825
0.008585
0.023885
0.053377
0.085013
0.100718
0.096499
0.082596
0.071583
0.066514
0.061703
0.048164
0.024229
0.000549
-0.010053
-0.009082
-0.006361
-0.007377
-0.006148
0.00725
0.027135
0.035034
0.020533
-0.014267
-0.048597
-0.055781
-0.041408
-0.034538
-0.043951
-0.046487
-0.029238
-0.005934
0.006387
0.009763
0.016655
0.021927
0.009158
-0.011768
-0.017461
-0.002102
0.010729
0.006904
0.00182
0.009563
0.014043
-0.004906
-0.036984
-0.062477
-0.083244
-0.104744
-0.118699
-0.11688
-0.106075
-0.097563
-0.086029
-0.063138
-0.03259
-0.001355
0.026921
0.050332
0.070125
0.086994
0.092997
0.082099
0.064701
0.060201
0.066638
0.059724
0.032628
0.015204
0.025147
0.03922
0.036993
0.029758
0.030279
0.031714
0.022588
0.008232
0.003428
0.006612
0.011051
0.016365
0.02118
0.024223
0.02749
0.036258
0.051031
0.061073
0.058787
0.048146
0.039224
0.035702
0.036064
0.040279
0.044538
0.039656
0.023747
0.003406
-0.018111
-0.035628
-0.039468
-0.02778
-0.0088
0.005889
0.015721
0.024496
0.030284
0.033365
0.041856
0.059125
0.074851
0.073698
0.052059
0.013792
-0.036339
-0.081171
-0.105697
-0.106788
-0.076809
-0.012989
0.04596
0.05058
0.008495
-0.042052
-0.071456
-0.067887
-0.043641
-0.023539
-0.028148
-0.045739
-0.056006
-0.04695
-0.01736
0.013465
0.025546
0.025346
0.033513
0.048714
0.05426
0.052581
0.059503
0.069653
0.061863
0.032393
0.000741
-0.016796
-0.023595
-0.026777
-0.024366
-0.020117
-0.025189
-0.035012
-0.029912
-0.005983
0.01414
0.021028
0.025803
0.033556
0.03756
0.035443
0.026905
0.013427
0.006903
0.010918
0.011033
-0.003408
-0.022971
-0.025921
-0.001272
0.0337
0.053227
0.055597
0.054403
0.053052
0.045276
0.029871
0.013797
0.001804
-0.009063
-0.025611
-0.045557
-0.053486
-0.041777
-0.026609
-0.022409
-0.02247
-0.014976
-0.006358
-0.007661
-0.012254
-0.00572
0.01059
0.022952
0.021635
0.010523
0.003178
0.007767
0.017557
0.024624
0.023831
0.010703
-0.014116
-0.041942
-0.057704
-0.061866
-0.064738
-0.071917
-0.077739
-0.069157
-0.042048
-0.00887
0.010849
0.010815
0.004012
0.000171
-0.000491
-0.00024
-0.00222
-0.009588
-0.022524
-0.037492
-0.045309
-0.035025
-0.004284
0.03487
0.065523
0.080635
0.084247
0.084472
0.083516
0.073375
0.050168
0.022331
-0.000425
-0.017259
-0.024964
-0.017991
-0.003989
0.009444
0.024498
0.042308
0.055635
0.058151
0.056243
0.062668
0.072799
0.064341
0.030819
-0.007463
-0.028447
-0.03584
-0.048612
-0.058764
-0.044373
-0.020472
-0.011891
-0.011897
0.002006
0.028004
0.046368
0.040814
0.01642
0.000757
-0.000754
-0.000418
-0.002047
-0.007193
-0.021673
-0.034744
-0.023082
0.002714
0.009828
0.003293
0.008971
0.02377
0.027116
0.019443
0.011859
0.003026
-0.007837
-0.009292
0.001012
0.006014
-0.0038
-0.018709
-0.020612
-0.001141
0.023536
0.035362
0.027124
0.008649
-0.003296
0.000642
0.012405
0.011995
-0.002427
-0.007231
0.008547
0.032719
0.049487
0.052568
0.044816
0.031506
0.020069
0.012039
0.00463
-0.005846
-0.020076
-0.029947
-0.027962
-0.017894
-0.012281
-0.018578
-0.033144
-0.052935
-0.070742
-0.075754
-0.064629
-0.0428
-0.019166
-0.004213
0.000485
0.00304
0.007216
0.009024
0.005394
-0.00321
-0.014679
-0.021172
-0.016521
-0.001218
0.014716
0.020171
0.017342
0.015271
0.016745
0.017708
0.016867
0.01925
0.025431
0.026292
0.014741
-0.005928
-0.022486
-0.021865
-0.008281
-0.001327
-0.010058
-0.027197
-0.044038
-0.057285
-0.063944
-0.057578
-0.039088
-0.022786
-0.01726
-0.015826
-0.006106
0.012194
0.028035
0.029539
0.015775
0.000403
-0.010957
-0.021553
-0.031117
-0.035156
-0.028911
-0.011209
0.006757
0.009937
0.006223
0.014838
0.035758
0.052188
0.052873
0.039483
0.01933
0.002187
-0.01125
-0.023008
-0.031575
-0.038236
-0.046916
-0.057028
-0.059149
-0.044422
-0.021171
-0.001315
0.012389
0.025127
0.040366
0.055113
0.063007
0.061114
0.047895
0.024088
-0.002547
-0.020183
-0.025521
-0.028734
-0.039695
-0.047719
-0.034743
-0.009631
0.010344
0.026514
0.046378
0.06236
0.058636
0.039207
0.0315
0.043926
0.048652
0.027476
-0.00059
-0.015247
-0.019173
-0.022323
-0.024467
-0.02138
-0.017612
-0.017994
-0.016842
-0.006233
0.009876
0.018787
0.015723
0.008568
0.006155
0.010074
0.014734
0.014541
0.011061
0.008604
0.000609
-0.020504
-0.041598
-0.051661
-0.054505
-0.055382
-0.050783
-0.040841
-0.037112
-0.04425
-0.048557
-0.039592
-0.026914
-0.021656
-0.027746
-0.044209
-0.063448
-0.073509
-0.064134
-0.043446
-0.023162
-0.01027
-0.006151
-0.006338
-0.007918
-0.010349
-0.012404
-0.014806
-0.017843
-0.012258
0.004964
0.02111
0.024907
0.018126
0.008679
0.000361
-0.008753
-0.019151
-0.026403
-0.027311
-0.02356
-0.013
0.009014
0.031014
0.040465
0.042582
0.05203
0.069695
0.080451
0.077804
0.071157
0.066745
0.05692
0.033068
0.000495
-0.02499
-0.037125
-0.044543
-0.053613
-0.057615
-0.052718
-0.046626
-0.040728
-0.028812
-0.010746
0.008584
0.031095
0.057112
0.07337
0.075107
0.071201
0.070637
0.071547
0.065324
0.052631
0.042297
0.035054
0.023771
0.010477
0.003883
0.002684
0.000538
-0.001113
0.00241
0.007581
0.006872
0.001422
-0.00188
-0.001628
-0.001965
-0.005287
-0.010615
-0.018628
-0.029102
-0.036682
-0.036209
-0.029388
-0.021544
-0.01429
-0.00777
-0.000303
0.013032
0.02855
0.035557
0.033228
0.034838
0.041959
0.039075
0.021217
0.007171
0.009205
0.014828
0.012269
0.005535
-0.001102
-0.009761
-0.020795
-0.026948
-0.022906
-0.019625
-0.027596
-0.039595
-0.042723
-0.037815
-0.03335
-0.031005
-0.028096
-0.024864
-0.0222
-0.020275
-0.019742
-0.020645
-0.020372
-0.014721
-0.003441
0.007279
0.010982
0.007711
0.001161
-0.004498
-0.006141
0.000002
0.016261
0.032097
0.034959
0.023857
0.009468
0.003406
0.005442
0.008018
0.007574
0.004228
-0.003818
-0.015846
-0.025195
-0.027251
-0.024705
-0.019198
-0.006484
0.013037
0.031666
0.046919
0.059914
0.0666
0.065359
0.063508
0.060384
0.0439
0.017172
-0.002345
-0.010635
-0.016542
-0.024494
-0.032598
-0.0389
-0.041451
-0.039476
-0.034369
-0.024326
-0.008303
0.007147
0.018083
0.02304
0.015789
-0.004209
-0.023211
-0.030122
-0.029371
-0.031216
-0.036774
-0.035098
-0.016705
0.00721
0.016849
0.021872
0.036901
0.052198
0.051291
0.036921
0.021815
0.013526
0.013021
0.016325
0.018478
0.015037
0.005758
-0.004578
-0.007331
0.004298
0.023721
0.034964
0.032671
0.023494
0.013081
0.002328
-0.011012
-0.031675
-0.053679
-0.056621
-0.041631
-0.023812
-0.011414
-0.006776
-0.009031
-0.013615
-0.016834
-0.021854
-0.033218
-0.047117
-0.053243
-0.04939
-0.04265
-0.038058
-0.031282
-0.015104
0.002544
0.005889
-0.002129
-0.00669
-0.002299
0.006032
0.013281
0.015605
0.010356
0.005082
0.003726
-0.001728
-0.013325
-0.019471
-0.015082
-0.004663
0.006475
0.01279
0.015472
0.019955
0.025625
0.024585
0.011515
-0.006001
-0.010164
0.005725
0.025343
0.030078
0.018627
0.001132
-0.01323
-0.022076
-0.02486
-0.020689
-0.015321
-0.010179
-0.002393
0.001427
-0.006382
-0.019303
-0.026043
-0.024818
-0.019595
-0.01059
-0.001348
-0.001013
-0.011214
-0.018788
-0.009384
0.009662
0.017113
0.0127
0.016457
0.033106
0.047481
0.049701
0.046104
0.0438
0.042054
0.035898
0.02133
-0.001099
-0.020321
-0.025629
-0.022432
-0.025146
-0.034807
-0.036312
-0.025055
-0.013329
-0.011169
-0.012549
-0.005059
0.011294
0.024261
0.029321
0.031831
0.030606
0.021202
0.005456
-0.012605
-0.032279
-0.046145
-0.039359
-0.019622
-0.00431
0.001875
0.006697
0.017904
0.032743
0.040665
0.039314
0.038426
0.037463
0.02361
-0.001579
-0.025862
-0.043855
-0.0554
-0.05881
-0.05514
-0.049494
-0.041545
-0.025501
-0.003712
0.010671
0.006612
-0.009258
-0.017797
-0.020421
-0.033461
-0.057553
-0.075582
-0.081196
-0.085983
-0.094063
-0.093325
-0.077886
-0.056338
-0.035898
-0.015496
0.007117
0.02805
0.039244
0.03955
0.036632
0.035344
0.031993
0.023403
0.010206
-0.004922
-0.02005
-0.036669
-0.050394
-0.052632
-0.039509
-0.02079
-0.011323
-0.01077
-0.007521
-0.004677
-0.017134
-0.040649
-0.059427
-0.064894
-0.059961
-0.049335
-0.034296
-0.012814
0.01213
0.026686
0.025615
0.020889
0.02008
0.02087
0.022074
0.024606
0.024237
0.017713
0.013564
0.017614
0.022805
0.021027
0.014346
0.008165
0.006553
0.010185
0.013154
0.013603
0.015003
0.015275
0.011454
0.008305
0.006964
-0.000153
-0.009127
-0.010776
-0.011809
-0.017953
-0.019816
-0.013138
-0.010282
-0.01487
-0.013546
-0.00381
0.004034
0.007075
0.010473
0.015217
0.017869
0.018652
0.020556
0.021455
0.017018
0.011188
0.012125
0.019377
0.023907
0.018215
0.005565
-0.003061
-0.003199
-0.002619
-0.007926
-0.016518
-0.022384
-0.023695
-0.023448
-0.026867
-0.03454
-0.043841
-0.051654
-0.055876
-0.057251
-0.056787
-0.050363
-0.036661
-0.024009
-0.015679
-0.009093
-0.004397
-0.003788
-0.005747
-0.005983
-0.005047
-0.007424
-0.011976
-0.012553
-0.008219
-0.00362
-0.001472
0.000453
0.002802
0.002647
0.000199
-0.000875
-0.001345
-0.006264
-0.017315
-0.030752
-0.043133
-0.0524
-0.055467
-0.049967
-0.032281
-0.005938
0.020386
0.041833
0.058802
0.07129
0.072648
0.058562
0.03372
0.005349
-0.02074
-0.040011
-0.051527
-0.056516
-0.054546
-0.043607
-0.022144
0.004913
0.024251
0.028937
0.025504
0.026044
0.033448
0.035715
0.025049
0.00435
-0.017104
-0.032218
-0.041637
-0.050426
-0.054886
-0.045158
-0.025028
-0.006416
0.009115
0.023218
0.031791
0.032326
0.026321
0.017646
0.008673
-0.003409
-0.01972
-0.030006
-0.024564
-0.009237
0.000066
-0.00367
-0.010262
-0.011019
-0.005337
0.004901
0.018649
0.031695
0.036372
0.030556
0.019965
0.008945
-0.002709
-0.010953
-0.009038
-0.001106
-0.000442
-0.009298
-0.01463
-0.010287
-0.005756
-0.009628
-0.016066
-0.015462
-0.010704
-0.014352
-0.026564
-0.030202
-0.022549
-0.015938
-0.017037
-0.020928
-0.022582
-0.023372
-0.026825
-0.033968
-0.04291
-0.047239
-0.042547
-0.033018
-0.025225
-0.018506
-0.011778
-0.006852
-0.001268
0.00977
0.023012
0.031168
0.03058
0.021672
-0.003393
-0.047439
-0.084613
-0.099736
-0.097661
-0.08754
-0.068923
-0.036837
0.003843
0.036343
0.051331
0.057043
0.059184
0.058182
0.054212
0.04238
0.019001
-0.00859
-0.03035
-0.050427
-0.072915
-0.088703
-0.086932
-0.07039
-0.04834
-0.018828
0.020932
0.054606
0.072846
0.077543
0.074448
0.067496
0.058497
0.047604
0.034516
0.01964
0.003659
-0.011151
-0.021835
-0.030178
-0.038178
-0.036324
-0.01292
0.019488
0.039099
0.041349
0.036107
0.029151
0.017633
0.000767
-0.006444
0.006735
0.02217
0.026496
0.02449
0.022386
0.021605
0.021371
0.017631
0.008628
-0.000416
-0.007853
-0.01805
-0.03035
-0.038477
-0.040628
-0.038467
-0.029669
-0.015127
-0.002796
0.003737
0.006977
0.007797
0.005447
0.000265
-0.008099
-0.018425
-0.027369
-0.036637
-0.04864
-0.057192
-0.056011
-0.045798
-0.028731
-0.006928
0.012842
0.026196
0.034808
0.039668
0.038172
0.028454
0.009588
-0.014681
-0.032962
-0.043742
-0.053121
-0.059401
-0.055773
-0.044871
-0.036848
-0.029832
-0.009485
0.023312
0.0534
0.069566
0.072363
0.064528
0.049071
0.031591
0.014486
-0.003442
-0.021123
-0.033965
-0.04102
-0.047744
-0.056696
-0.060836
-0.056572
-0.051581
-0.048486
-0.039761
-0.024605
-0.011184
-0.000849
0.012264
0.022506
0.018129
0.006876
0.003239
0.006972
0.00658
0.00117
0.000485
0.006612
0.006968
-0.007223
-0.024398
-0.028574
-0.021393
-0.013096
-0.005939
0.00366
0.013843
0.01922
0.020943
0.020895
0.017181
0.008605
-0.002722
-0.013407
-0.023082
-0.033534
-0.042088
-0.044663
-0.037628
-0.022783
-0.005269
0.011354
0.027598
0.043394
0.051466
0.048686
0.040816
0.02823
0.006349
-0.01885
-0.031074
-0.028378
-0.031032
-0.045229
-0.053158
-0.043887
-0.028127
-0.018541
-0.014531
-0.009447
0.00029
0.009679
0.012565
0.012453
0.0164
0.021108
0.014899
-0.006795
-0.03006
-0.036096
-0.026842
-0.018172
-0.01455
-0.008671
0.004247
0.020475
0.029818
0.024189
0.01296
0.008984
0.01234
0.01071
-0.001997
-0.015932
-0.016033
-0.001798
0.010278
0.014539
0.018285
0.025951
0.034302
0.038089
0.0342
0.022216
0.005907
-0.006687
-0.010754
-0.00834
-0.004357
-0.002075
-0.000673
0.002945
0.009684
0.01687
0.022217
0.023756
0.01952
0.012541
0.009318
0.01291
0.018652
0.020174
0.020082
0.021299
0.020431
0.01418
0.00647
0.004679
0.008996
0.011428
0.008281
0.004955
0.00438
0.001332
-0.007536
-0.018317
-0.02638
-0.029267
-0.029947
-0.033916
-0.041124
-0.043478
-0.036141
-0.023696
-0.013241
-0.008967
-0.010605
-0.012983
-0.011829
-0.009611
-0.011228
-0.014659
-0.01314
-0.008418
-0.007412
-0.00933
-0.010228
-0.011062
-0.013631
-0.017096
-0.019193
-0.018852
-0.017517
-0.017675
-0.019126
-0.01911
-0.015834
-0.011862
-0.010325
-0.014699
-0.025713
-0.034963
-0.037258
-0.036868
-0.038877
-0.040861
-0.03751
-0.026228
-0.008667
0.009266
0.02325
0.033627
0.041602
0.048691
0.054979
0.055542
0.046553
0.03194
0.016648
-0.000547
-0.017321
-0.023435
-0.016195
-0.005105
0.001522
0.005394
0.010296
0.014485
0.016026
0.017068
0.017913
0.013988
0.001448
-0.015798
-0.028098
-0.030868
-0.026685
-0.018245
-0.006751
0.005818
0.017006
0.021179
0.014306
0.006175
0.006241
0.010047
0.007942
0.000249
-0.007517
-0.013828
-0.015324
-0.007652
0.002424
0.004491
0.001394
0.001254
0.002743
-0.000286
-0.005861
-0.007753
-0.007581
-0.009594
-0.011339
-0.010248
-0.009441
-0.01099
-0.01061
-0.003717
0.005625
0.013454
0.021787
0.030883
0.03447
0.029737
0.020246
0.008895
-0.004209
-0.019158
-0.03123
-0.036988
-0.036939
-0.030764
-0.020839
-0.015356
-0.015788
-0.0114
0.002307
0.017523
0.022859
0.015148
0.006039
0.003928
0.001757
-0.007895
-0.019598
-0.026149
-0.028456
-0.029968
-0.029429
-0.025683
-0.021614
-0.018627
-0.013717
-0.004695
0.005517
0.011716
0.012341
0.011449
0.012525
0.013226
0.011075
0.007987
0.004721
-0.000809
-0.00657
-0.008739
-0.010853
-0.016078
-0.016983
-0.007249
0.008789
0.023453
0.032643
0.034363
0.030309
0.026406
0.023768
0.017152
0.004637
-0.010788
-0.024972
-0.031916
-0.030921
-0.030345
-0.03149
-0.0272
-0.017657
-0.009268
-0.002707
0.006129
0.016684
0.021179
0.01626
0.012925
0.017741
0.022447
0.021444
0.021884
0.02778
0.033322
0.034648
0.035181
0.036681
0.035646
0.029663
0.019683
0.010162
0.005914
0.00486
0.002323
-0.001651
-0.007487
-0.017571
-0.028749
-0.034783
-0.036569
-0.036661
-0.032932
-0.025054
-0.014544
-0.003817
0.000187
-0.005874
-0.014177
-0.013504
-0.005104
-0.001491
-0.004148
-0.005499
-0.003463
-0.000634
0.002741
0.00825
0.01444
0.013284
0.000452
-0.014413
-0.021275
-0.022534
-0.025706
-0.030266
-0.03088
-0.0287
-0.027107
-0.024246
-0.021184
-0.02239
-0.023768
-0.017728
-0.006912
-0.00262
-0.009072
-0.017735
-0.019967
-0.017272
-0.014927
-0.014481
-0.0145
-0.013963
-0.012513
-0.00864
-0.002899
-0.000149
-0.003345
-0.009177
-0.011607
-0.008123
-0.002512
-0.00037
-0.002802
-0.007099
-0.008196
-0.003035
0.006274
0.012998
0.012661
0.011092
0.014492
0.019899
0.021408
0.019817
0.01882
0.017211
0.011229
0.002454
-0.003776
-0.006456
-0.009235
-0.016761
-0.028365
-0.036887
-0.038817
-0.036309
-0.031942
-0.02406
-0.012355
-0.001307
0.003351
0.000363
-0.006343
-0.011713
-0.014391
-0.014646
-0.008287
0.003025
0.011679
0.015497
0.016929
0.015849
0.012456
0.011929
0.017554
0.025971
0.031765
0.032578
0.030296
0.026617
0.020682
0.012428
0.004212
-0.003679
-0.012
-0.016826
-0.013509
-0.006961
-0.005454
-0.004694
0.001774
0.009974
0.015093
0.019542
0.024441
0.026738
0.025279
0.018922
0.006583
-0.006228
-0.013013
-0.014169
-0.012832
-0.009346
-0.006578
-0.00771
-0.00742
-0.00085
0.008514
0.014975
0.018785
0.025108
0.033355
0.032289
0.016147
-0.002401
-0.008338
-0.006673
-0.010543
-0.017302
-0.014642
-0.006453
-0.006434
-0.012712
-0.015395
-0.014536
-0.014884
-0.017936
-0.02206
-0.023814
-0.021262
-0.017066
-0.012756
-0.009203
-0.006461
-0.000687
0.010113
0.01917
0.018945
0.014024
0.012105
0.011137
0.004974
-0.004722
-0.010517
-0.010163
-0.007495
-0.002353
0.008549
0.022856
0.034834
0.041235
0.042623
0.039453
0.030387
0.019822
0.013733
0.012978
0.012173
0.006723
-0.000893
-0.007259
-0.012265
-0.01533
-0.016145
-0.0158
-0.014176
-0.011805
-0.009675
-0.006106
-0.001751
-0.001685
-0.003962
-0.0015
0.003304
0.004982
0.002507
-0.003628
-0.010624
-0.012806
-0.009008
-0.004909
0.000704
0.01218
0.022883
0.025318
0.02433
0.030483
0.042474
0.045837
0.036581
0.02122
0.005167
-0.010876
-0.026325
-0.039149
-0.04889
-0.056823
-0.062343
-0.061614
-0.052987
-0.038261
-0.020007
0.000156
0.021074
0.039368
0.052958
0.058689
0.055203
0.046507
0.036321
0.02406
0.011634
0.004342
0.002034
0.0004
-0.001276
-0.000844
0.001602
0.00407
0.006605
0.010051
0.010283
0.004693
-0.000501
-0.000508
0.001176
-0.000466
-0.005696
-0.011769
-0.015071
-0.014611
-0.0104
-0.00345
0.003541
0.009038
0.013386
0.018108
0.024011
0.027015
0.023797
0.01685
0.011339
0.006913
0.001409
-0.004635
-0.010668
-0.014599
-0.014562
-0.014501
-0.018134
-0.02239
-0.022577
-0.020673
-0.020458
-0.019983
-0.015544
-0.006992
0.003732
0.012523
0.015497
0.014385
0.013837
0.014074
0.013154
0.011788
0.008267
0.000505
-0.006408
-0.0064
-0.001695
0.002769
0.005751
0.006582
0.006861
0.011018
0.018605
0.023673
0.02333
0.017184
0.00716
-0.000281
-0.001694
0.000049
0.002542
0.005748
0.008906
0.013558
0.021814
0.028161
0.029649
0.027823
0.021733
0.009579
-0.004203
-0.014017
-0.019582
-0.020529
-0.015966
-0.008141
0.000757
0.009219
0.014468
0.015529
0.016215
0.017236
0.012455
-0.000528
-0.014305
-0.023293
-0.02972
-0.033775
-0.030062
-0.018991
-0.009573
-0.003823
0.00138
0.00754
0.015661
0.024051
0.026759
0.022182
0.015182
0.008219
0.001067
-0.003749
-0.003058
0.001923
0.008075
0.013888
0.018447
0.023255
0.027235
0.026437
0.021475
0.01667
0.01115
0.00195
-0.007209
-0.012627
-0.018415
-0.026647
-0.033152
-0.035352
-0.033686
-0.027801
-0.018938
-0.012053
-0.009362
-0.006902
-0.0015
0.005173
0.00977
0.011239
0.009117
0.002646
-0.00602
-0.012501
-0.013885
-0.012066
-0.011783
-0.01438
-0.018814
-0.02229
-0.01931
-0.009871
-0.000658
0.003784
0.00755
0.014062
0.017719
0.014052
0.009883
0.011485
0.013429
0.009605
0.005976
0.01089
0.016865
0.014746
0.012984
0.019124
0.023278
0.018101
0.01267
0.013984
0.016576
0.015796
0.012741
0.006954
-0.001429
-0.00833
-0.011427
-0.012745
-0.013491
-0.011108
-0.003939
0.003196
0.005282
0.004909
0.007126
0.011026
0.011185
0.005668
-0.00022
-0.000169
0.003361
0.006225
0.006917
0.004874
0.001944
0.000086
0.001704
0.00702
0.009433
0.006014
0.001265
-0.000766
-0.001718
-0.003489
-0.00431
-0.004694
-0.008581
-0.013382
-0.013628
-0.01166
-0.01099
-0.008906
-0.005606
-0.006021
-0.007963
-0.004742
0.00248
0.008259
0.011821
0.014272
0.013569
0.009476
0.007851
0.013352
0.020814
0.020983
0.013536
0.006455
0.00508
0.007907
0.010086
0.007425
0.000634
-0.004648
-0.005391
-0.00246
0.00232
0.007722
0.011569
0.00927
0.002405
-0.002616
-0.001473
0.004095
0.009096
0.013241
0.019329
0.02347
0.01887
0.008907
0.000837
-0.004593
-0.009315
-0.012156
-0.010821
-0.008216
-0.010249
-0.01486
-0.014639
-0.009941
-0.00486
0.001649
0.01109
0.016839
0.011666
0.002815
-0.001958
-0.004769
-0.009177
-0.012727
-0.012029
-0.007693
-0.002931
-0.000257
0.000998
0.001929
0.003711
0.00619
0.006723
0.00547
0.00754
0.014436
0.020057
0.019659
0.01526
0.010278
0.00624
0.002799
-0.000455
-0.00105
0.001902
0.005955
0.008026
0.007185
0.005616
0.005121
0.005752
0.007605
0.010502
0.013499
0.015321
0.01543
0.013433
0.010368
0.009598
0.011233
0.011023
0.007028
0.001173
-0.004073
-0.004284
0.002531
0.007896
0.003255
-0.005706
-0.00736
-0.00153
0.004098
0.005284
0.002716
-0.001599
-0.006402
-0.010825
-0.012547
-0.009977
-0.00364
0.002846
0.00541
0.002858
-0.000411
0.000987
0.005623
0.007339
0.00409
0.00008
0.001522
0.008163
0.011297
0.007703
0.005431
0.008927
0.013932
0.016495
0.016515
0.013289
0.006292
-0.003702
-0.015327
-0.025984
-0.034025
-0.035082
-0.027952
-0.017692
-0.008462
0.000451
0.009474
0.014969
0.015851
0.014995
0.013877
0.012904
0.012315
0.009082
0.001404
-0.006221
-0.011202
-0.016588
-0.023062
-0.026099
-0.022017
-0.012114
-0.000991
0.007694
0.014041
0.019755
0.024153
0.027137
0.028422
0.024108
0.012319
-0.000624
-0.008658
-0.013985
-0.018159
-0.016806
-0.009324
-0.002035
0.001497
0.004928
0.011878
0.019981
0.024356
0.022832
0.017215
0.010657
0.003451
-0.003629
-0.006389
-0.004161
-0.001816
-0.002205
-0.003265
-0.002939
-0.001898
-0.00055
0.00392
0.012352
0.018893
0.01871
0.015174
0.016507
0.024871
0.033299
0.035471
0.031002
0.025202
0.01983
0.014432
0.010855
0.009406
0.007902
0.007644
0.01054
0.012201
0.009578
0.005217
0.002842
0.003128
0.004244
0.003019
-0.000824
-0.002007
0.0017
0.005869
0.009453
0.015174
0.020568
0.020672
0.017723
0.01681
0.015428
0.010622
0.004669
-0.000313
-0.004121
-0.005682
-0.004824
-0.004624
-0.006789
-0.007857
-0.005375
-0.002504
-0.001594
-0.00003
0.003651
0.005015
0.001116
-0.003604
-0.004702
-0.003009
-0.001436
-0.001303
-0.001424
-0.000036
0.002546
0.004119
0.003831
0.002466
0.001676
0.002698
0.0047
0.003694
-0.002694
-0.0096
-0.012791
-0.014383
-0.017193
-0.018357
-0.013645
-0.005689
-0.00072
0.003531
0.012967
0.022961
0.025615
0.020524
0.011884
0.00244
-0.005236
-0.006892
-0.005748
-0.00631
-0.00847
-0.00927
-0.005597
0.001783
0.005319
0.001667
-0.000445
0.002781
0.005273
0.003634
0.00151
0.002821
0.006723
0.010024
0.014567
0.024542
0.033822
0.031732
0.019432
0.008837
0.005398
0.005091
0.005813
0.007032
0.005602
0.000238
-0.005023
-0.00619
-0.004172
-0.00127
0.000468
-0.001316
-0.004316
-0.003796
-0.001759
-0.003452
-0.007355
-0.007478
-0.005593
-0.009865
-0.019053
-0.021491
-0.013425
-0.001406
0.009527
0.018797
0.022684
0.016793
0.008927
0.008165
0.012678
0.01403
0.007464
-0.005227
-0.015232
-0.012371
-0.000129
0.009687
0.012511
0.013382
0.015688
0.016896
0.014914
0.012308
0.011461
0.010069
0.005453
-0.001599
-0.007151
-0.007333
-0.002623
0.002171
0.000869
-0.004417
-0.00834
-0.009436
-0.010191
-0.012916
-0.017102
-0.018768
-0.014636
-0.008738
-0.006775
-0.007172
-0.002961
0.008235
0.020633
0.027237
0.027161
0.023256
0.017522
0.010366
0.002439
-0.0036
-0.0057
-0.005045
-0.00338
-0.00193
-0.001029
-0.001034
-0.000526
0.002768
0.005558
0.001887
-0.006112
-0.008343
-0.000999
0.008574
0.012601
0.011177
0.008982
0.0093
0.010967
0.012035
0.014115
0.018803
0.023712
0.028737
0.03486
0.036377
0.024845
0.00705
0.002475
0.007751
0.0084
0.003275
0.000138
0.003062
0.009311
0.012261
0.009247
0.00637
0.007587
0.007774
0.000356
-0.011798
-0.017003
-0.008982
-0.000763
-0.007628
-0.020847
-0.022348
-0.015351
-0.013861
-0.015904
-0.009097
0.001279
-0.00049
-0.007063
-0.002936
0.008005
0.011731
0.008253
0.008693
0.014604
0.01464
0.004777
-0.003729
-0.002091
0.002595
0.001282
-0.003871
-0.006085
-0.004316
0.000244
0.006055
0.008175
0.004001
-0.001511
-0.003378
-0.004591
-0.008816
-0.011871
-0.0094
-0.004656
-0.005301
-0.011569
-0.013803
-0.00775
-0.00205
-0.004137
-0.007042
-0.003081
0.005031
0.011107
0.014254
0.01542
0.013553
0.008703
0.004298
0.004129
0.006559
0.00648
0.00319
0.000723
-0.000156
0.000308
0.005356
0.011941
0.011776
0.00561
0.002976
0.005305
0.005112
0.001086
-0.001421
-0.001836
-0.003056
-0.003465
-0.000397
0.00344
0.002872
-0.001274
-0.002752
-0.001318
-0.002288
-0.005807
-0.008157
-0.008143
-0.006876
-0.005022
-0.003308
-0.001792
0.001999
0.006641
0.006564
0.002684
0.0018
0.003773
0.002097
-0.002964
-0.003409
0.000659
0.002501
0.000803
-0.000931
-0.002093
-0.003467
-0.002457
0.003072
0.009703
0.011673
0.005844
-0.004827
-0.012523
-0.012543
-0.00775
-0.004701
-0.005789
-0.008914
-0.011389
-0.012526
-0.013029
-0.012072
-0.008455
-0.004027
-0.00067
0.002658
0.004482
0.002968
0.000854
0.001687
0.005939
0.011242
0.012672
0.008347
0.002744
-0.000789
-0.003682
-0.007497
-0.012174
-0.015308
-0.012601
-0.005876
-0.000521
0.000878
0.000862
0.003357
0.00747
0.009559
0.008675
0.007045
0.006065
0.005719
0.005173
0.004417
0.004372
0.003791
0.000935
-0.000302
0.002025
0.00242
0.000358
0.002135
0.007991
0.013088
0.016364
0.016052
0.010981
0.006493
0.008055
0.011428
0.008697
0.000653
-0.006513
-0.010169
-0.011835
-0.011288
-0.006753
-0.001496
0.000017
-0.000739
0.001527
0.007452
0.01228
0.015115
0.019169
0.022888
0.021727
0.017677
0.015839
0.012174
0.001009
-0.010365
-0.015227
-0.018325
-0.021922
-0.019571
-0.011126
-0.003031
0.003864
0.010895
0.015507
0.014083
0.0085
0.002555
-0.002251
-0.006074
-0.008998
-0.009048
-0.006555
-0.006156
-0.007514
-0.005102
-0.000109
0.001581
0.002185
0.007273
0.013336
0.013302
0.006531
-0.000022
-0.000065
0.004687
0.006646
0.003105
0.000423
0.001175
0.000487
-0.002596
-0.00367
-0.001888
-0.000458
-0.000519
-0.001865
-0.003601
-0.002792
0.000435
0.000222
-0.006003
-0.012511
-0.014418
-0.011946
-0.007208
-0.001148
0.00408
0.005295
0.002051
-0.003095
-0.001618
0.009761
0.016307
0.012031
0.007194
0.007854
0.007846
0.004413
0.0046
0.009848
0.0094
0.001137
-0.000051
0.013805
0.027663
0.025011
0.013856
0.008762
0.009405
0.007663
0.003495
-0.001047
-0.005964
-0.008137
-0.00541
-0.00345
-0.007662
-0.012752
-0.01255
-0.006109
0.002925
0.008938
0.007299
-0.001561
-0.010381
-0.010879
-0.003703
0.002446
0.002385
-0.001561
-0.004557
-0.003787
-0.000202
0.002672
0.003751
0.004286
0.004491
0.002601
-0.001954
-0.006464
-0.007767
-0.007196
-0.008418
-0.007681
0.000163
0.008414
0.009709
0.006486
0.003803
0.002449
0.003048
0.006338
0.008215
0.003844
-0.004462
-0.009201
-0.007037
-0.001652
0.003335
0.010186
0.019225
0.021674
0.012006
0.001251
0.000732
0.006155
0.005193
-0.005685
-0.019941
-0.029881
-0.030887
-0.023625
-0.011957
0.005157
0.028736
0.045129
0.040752
0.021939
0.003529
-0.004459
-0.003139
-0.003028
-0.005954
-0.004013
0.002633
0.005538
0.000828
-0.008891
-0.016718
-0.014439
-0.001363
0.008169
0.005443
0.004932
0.0146
0.019674
0.008984
-0.008868
-0.015944
-0.005779
0.007346
0.00656
-0.002326
-0.007086
-0.008556
-0.009846
-0.002859
0.014496
0.02514
0.021268
0.010148
0.001113
0.001995
0.010065
0.014212
0.005273
-0.013117
-0.024643
-0.022707
-0.01346
-0.010544
-0.021067
-0.034711
-0.037163
-0.03333
-0.033114
-0.030807
-0.019359
-0.002899
0.010333
0.015938
0.017855
0.022169
0.027538
0.027743
0.022719
0.017055
0.012496
0.007541
0.002393
-0.001198
-0.003439
-0.005775
-0.008301
-0.009103
-0.004676
0.005711
0.01683
0.023743
0.026822
0.023663
0.014085
0.007451
0.00899
0.010078
0.002904
-0.008137
-0.016295
-0.017888
-0.013685
-0.006053
-0.000389
-0.000874
-0.002121
0.003095
0.011404
0.013476
0.010131
0.010742
0.018077
0.023466
0.020489
0.012298
0.00438
-0.00142
-0.005844
-0.011399
-0.018617
-0.023831
-0.022351
-0.015561
-0.011058
-0.011808
-0.011903
-0.006546
0.000858
0.004194
0.003416
0.003014
0.003433
0.000906
-0.004046
-0.005557
-0.003714
-0.003599
-0.00589
-0.006729
-0.004985
-0.003532
-0.003621
-0.003342
-0.001
0.003889
0.009929
0.012522
0.009955
0.007981
0.00851
0.006206
0.000147
-0.005383
-0.008872
-0.011159
-0.011831
-0.010643
-0.01025
-0.012316
-0.013609
-0.011066
-0.005497
-0.001861
-0.002476
-0.003636
-0.00307
-0.00312
-0.003212
-0.000322
0.004515
0.009629
0.014535
0.01593
0.009221
-0.002539
-0.008531
-0.00874
-0.008043
-0.004987
0.00326
0.013366
0.020027
0.015751
0.000698
-0.008253
-0.004724
0.001054
0.000424
-0.002864
-0.003975
-0.004933
-0.006726
-0.00586
-0.001894
0.001211
0.003228
0.007563
0.013583
0.016767
0.016711
0.017658
0.019104
0.015702
0.010002
0.011567
0.018053
0.017929
0.009406
0.00268
0.002432
0.001406
-0.002952
-0.004473
-0.002314
-0.000793
0.002107
0.010181
0.016755
0.014565
0.006832
-0.000456
-0.005265
-0.009
-0.013706
-0.017303
-0.016748
-0.015012
-0.014126
-0.010985
-0.005566
-0.00288
-0.004258
-0.004215
0.000757
0.005536
0.007034
0.006122
0.00169
-0.008135
-0.018241
-0.019766
-0.014061
-0.011388
-0.014457
-0.015115
-0.009359
-0.003888
-0.004478
-0.005648
-0.001678
0.001608
-0.001441
-0.00662
-0.007718
-0.005005
-0.003218
-0.004361
-0.005787
-0.004093
-0.000186
0.002063
0.000891
-0.000204
0.003332
0.011303
0.016293
0.011863
0.00518
0.005355
0.005456
-0.001084
-0.004186
0.003801
0.011023
0.00831
0.00491
0.010117
0.018754
0.020292
0.011373
-0.00083
-0.00948
-0.01345
-0.014123
-0.013947
-0.014969
-0.017673
-0.019664
-0.018019
-0.012836
-0.006156
-0.000278
0.002537
0.003536
0.005264
0.00514
-0.000162
-0.006977
-0.010804
-0.013876
-0.018221
-0.021605
-0.022216
-0.019979
-0.015039
-0.008502
-0.001296
0.005165
0.008661
0.010716
0.015285
0.021335
0.023277
0.018163
0.007519
-0.00408
-0.011583
-0.013141
-0.010417
-0.005987
-0.001824
0.000904
0.002958
0.004816
0.003382
-0.001774
-0.00515
-0.006104
-0.010086
-0.018041
-0.023884
-0.024851
-0.0213
-0.01334
-0.005617
-0.002017
-0.001239
0.000546
0.003281
0.004611
0.005329
0.006695
0.005592
0.000393
-0.004743
-0.00753
-0.009312
-0.010175
-0.01045
-0.01047
-0.007527
-0.001766
0.002558
0.002052
-0.004229
-0.013197
-0.01951
-0.019491
-0.01649
-0.017212
-0.01988
-0.021253
-0.022114
-0.020677
-0.013499
-0.002253
0.009194
0.016981
0.017297
0.012273
0.009728
0.011734
0.011446
0.002036
-0.012141
-0.01759
-0.013993
-0.011582
-0.013424
-0.012991
-0.006737
0.000944
0.007044
0.012877
0.016782
0.016634
0.013759
0.010861
0.007995
0.004728
0.002058
0.000011
0.000199
0.003989
0.006046
0.002195
-0.002723
-0.003062
-0.000908
-0.000135
-0.001929
-0.004829
-0.006582
-0.006194
-0.005738
-0.007223
-0.009194
-0.008548
-0.004994
-0.001053
0.002041
0.003441
0.003513
0.002935
0.000172
-0.004777
-0.007895
-0.008075
-0.008744
-0.009107
-0.006628
-0.005789
-0.010384
-0.013198
-0.008998
-0.003194
0.000067
0.001041
-0.00039
-0.002231
-0.002031
-0.003071
-0.008507
-0.012086
-0.007806
-0.001032
0.001854
0.001763
0.001921
0.003248
0.004196
0.002557
-0.000136
-0.001059
-0.00229
-0.007809
-0.015006
-0.016742
-0.011093
-0.004281
-0.003029
-0.003158
0.000537
0.004521
0.004894
0.005076
0.008501
0.009864
0.003902
-0.001699
0.000285
0.006334
0.007672
0.002116
-0.004014
-0.005168
-0.005053
-0.006815
-0.005657
0.000104
0.003389
0.000167
-0.00357
0.000885
0.011499
0.015223
0.008415
0.000486
0.000664
0.00633
0.007738
0.00357
-0.001717
-0.006473
-0.011394
-0.016192
-0.016771
-0.012132
-0.007139
-0.006379
-0.010806
-0.01825
-0.023182
-0.021886
-0.017292
-0.012734
-0.00794
-0.002384
0.004544
0.011343
0.012665
0.010649
0.010882
0.011698
0.008136
0.002572
0.000385
0.002897
0.007908
0.013028
0.014915
0.008535
-0.000963
-0.002732
0.002694
0.005447
0.002805
0.000851
0.003346
0.006649
0.005312
-0.001848
-0.009911
-0.013661
-0.014721
-0.016875
-0.018109
-0.014015
-0.00621
-0.001349
-0.002031
-0.005524
-0.006246
-0.000685
0.005542
0.005429
-0.000804
-0.005565
-0.004106
-0.000078
0.000626
0.000133
0.00208
0.002293
-0.001065
-0.001273
0.003329
0.004758
-0.000277
-0.005327
-0.005465
-0.005018
-0.008196
-0.012894
-0.014138
-0.010794
-0.00698
-0.006012
-0.006442
-0.00605
-0.006258
-0.008305
-0.00913
-0.005161
0.0019
0.006853
0.00763
0.005483
0.002931
0.002573
0.003899
0.002629
-0.002115
-0.006234
-0.008977
-0.010349
-0.007914
-0.003003
-0.000759
-0.001027
0.0004
0.00229
0.002868
0.005462
0.009811
0.010946
0.007125
0.003581
0.00413
0.005256
0.002015
-0.002065
-0.000293
0.004452
0.005493
0.004541
0.006136
0.008125
0.005442
0.000878
0.001134
0.002828
-0.000376
-0.005903
-0.006922
-0.004342
-0.005112
-0.012018
-0.017756
-0.01282
-0.001868
0.004098
0.004801
0.007513
0.013322
0.016515
0.014448
0.01122
0.009977
0.007593
0.000381
-0.008749
-0.013215
-0.01275
-0.012894
-0.014975
-0.014736
-0.011348
-0.008158
-0.005729
-0.001966
0.003556
0.006361
0.00223
-0.003753
-0.005067
-0.002376
-0.001292
-0.004712
-0.011365
-0.017154
-0.01734
-0.012766
-0.009492
-0.008272
-0.004771
0.000611
0.00323
0.004147
0.006583
0.007844
0.005992
0.003715
0.002029
-0.001568
-0.006161
-0.0081
-0.00532
0.000543
0.003293
0.001291
-0.000321
0.002244
0.005651
0.00571
0.004207
0.003557
0.00207
-0.001413
-0.00613
-0.01135
-0.014415
-0.012687
-0.008821
-0.006866
-0.007403
-0.008325
-0.008661
-0.007534
-0.004884
-0.003273
-0.003433
-0.003149
-0.003232
-0.006076
-0.009348
-0.010333
-0.010505
-0.008794
-0.002254
0.005776
0.009469
0.008305
0.005376
0.002689
0.000799
-0.000829
-0.002855
-0.005829
-0.010637
-0.014613
-0.013971
-0.00986
-0.006863
-0.005459
-0.002725
0.000964
0.002065
0.000443
0.000218
0.001818
0.002294
-0.000414
-0.005833
-0.009848
-0.008584
-0.005323
-0.005201
-0.005251
-0.000654
0.006183
0.010484
0.011409
0.011013
0.011068
0.010895
0.007684
0.002962
0.000897
-0.000997
-0.006724
-0.011694
-0.010604
-0.00716
-0.005652
-0.003864
-0.003617
-0.007166
-0.008667
-0.004334
-0.000834
-0.002176
-0.001675
0.004684
0.011136
0.012639
0.008805
0.002308
-0.003417
-0.007136
-0.006858
-0.002114
0.003057
0.002929
-0.000768
-0.000512
0.003062
0.003958
0.003215
0.004458
0.004596
0.00137
-0.000886
0.000437
0.002612
0.004072
0.005223
0.00326
-0.004054
-0.012293
-0.015343
-0.012101
-0.007262
-0.006056
-0.007111
-0.005192
-0.000937
0.001878
0.002343
0.002235
0.004145
0.009456
0.014566
0.012953
0.005735
0.001167
0.001477
-0.000631
-0.008809
-0.016987
-0.018415
-0.014172
-0.008714
-0.003858
0.00066
0.004892
0.006657
0.003254
-0.002453
-0.004881
-0.005434
-0.010312
-0.016682
-0.016302
-0.009985
-0.007089
-0.012476
-0.018679
-0.0146
-0.003819
0.00252
0.002787
0.00405
0.008805
0.013041
0.012533
0.007615
0.002516
-0.000907
-0.00461
-0.007398
-0.006237
-0.003395
-0.003865
-0.005914
-0.004722
-0.001946
-0.000133
0.001032
0.000383
-0.00237
-0.004835
-0.006329
-0.007811
-0.008568
-0.008798
-0.010026
-0.011607
-0.010449
-0.005676
-0.000506
0.001998
0.002457
0.00335
0.004488
0.003026
-0.001117
-0.003616
-0.001823
0.00256
0.007236
0.011023
0.011229
0.008248
0.006898
0.006761
0.003148
-0.002407
-0.004662
-0.003827
-0.003177
-0.003668
-0.00474
-0.00482
-0.001452
0.004689
0.008794
0.008842
0.00821
0.008175
0.005719
0.000484
-0.003885
-0.00505
-0.003393
-0.001318
-0.000317
-0.000761
-0.003254
-0.005292
-0.002583
0.002839
0.005659
0.007343
0.012061
0.014869
0.008409
-0.001118
-0.004252
-0.003578
-0.005933
-0.008707
-0.008069
-0.006678
-0.005067
-0.000842
0.003118
0.003025
0.001607
0.000821
-0.001256
-0.003813
-0.004156
-0.002869
-0.003153
-0.006922
-0.011447
-0.010725
-0.005837
-0.005128
-0.007111
-0.005042
-0.001293
0.000227
0.001323
0.002403
0.000806
-0.003576
-0.009574
-0.01469
-0.013352
-0.005109
0.0021
0.005159
0.007774
0.009831
0.009743
0.009682
0.011808
0.013791
0.011915
0.005552
-0.004787
-0.015194
-0.019282
-0.020198
-0.022722
-0.023967
-0.020071
-0.013649
-0.009161
-0.005195
0.001963
0.011088
0.016854
0.016406
0.012529
0.009941
0.008433
0.005589
0.002593
0.000372
-0.002403
-0.005572
-0.005808
-0.001506
0.004075
0.005427
0.002548
0.001716
0.003588
0.002625
-0.003488
-0.011026
-0.014785
-0.013175
-0.009477
-0.007705
-0.008024
-0.006548
-0.000737
0.006744
0.011718
0.012896
0.011592
0.011401
0.013305
0.014577
0.012363
0.008541
0.006939
0.006941
0.005038
0.001005
-0.001179
0.000232
0.003387
0.005431
0.00564
0.006796
0.011797
0.017051
0.015624
0.009353
0.005775
0.005215
0.001359
-0.007692
-0.015917
-0.017582
-0.013644
-0.010441
-0.008651
-0.004667
-0.000066
0.001244
0.00155
0.004056
0.005742
0.004701
0.00498
0.006944
0.006023
0.001762
-0.00234
-0.00476
-0.005971
-0.007103
-0.007538
-0.004827
-0.000175
0.00055
-0.004351
-0.009381
-0.010644
-0.009009
-0.007455
-0.007267
-0.0065
-0.003267
-0.000034
-0.000073
-0.000593
0.002003
0.00322
-0.000325
-0.004985
-0.007761
-0.010486
-0.014628
-0.017891
-0.015799
-0.007429
0.000416
0.001943
0.00058
0.002245
0.005841
0.007978
0.008951
0.007139
0.002013
-0.001833
-0.002467
-0.004279
-0.008127
-0.009036
-0.007051
-0.006812
-0.006239
-0.001143
0.005642
0.009036
0.008564
0.006392
0.005784
0.006846
0.005107
0.000544
-0.00114
0.000487
0.001033
0.000418
0.002208
0.005875
0.008047
0.008282
0.006711
0.005051
0.00695
0.010375
0.00919
0.003531
0.000066
0.000388
0.000557
0.000877
0.003188
0.005144
0.003664
-0.000668
-0.005203
-0.009768
-0.015209
-0.019164
-0.020174
-0.019915
-0.01828
-0.014278
-0.010969
-0.010733
-0.008741
-0.002461
0.003139
0.003518
0.000597
-0.002869
-0.004653
-0.002151
0.003428
0.00762
0.005867
-0.001073
-0.00739
-0.006837
0.001256
0.008803
0.008209
0.00246
-0.000865
-0.000965
-0.002387
-0.00637
-0.00719
-0.002011
0.00049
-0.00418
-0.007221
-0.002808
0.000505
-0.004037
-0.009792
-0.008
-0.000237
0.005607
0.008947
0.011104
0.011791
0.011813
0.009901
0.004004
-0.001142
0.00005
0.003766
0.003753
0.001447
0.002629
0.007921
0.010236
0.006518
0.003668
0.005785
0.007881
0.005814
0.00243
0.001422
0.001079
0.000112
0.000801
0.002318
0.001409
-0.001829
-0.003497
-0.001915
0.00124
0.004027
0.003888
0.000346
-0.001361
0.001154
0.003216
0.002385
0.002386
0.004691
0.005792
0.00483
0.004363
0.003649
0.001324
-0.000291
0.000151
-0.00006
-0.001327
0.000034
0.004284
0.007699
0.008561
0.009085
0.010303
0.009402
0.005458
0.002007
-0.000278
-0.003429
-0.005966
-0.006235
-0.005401
-0.004096
-0.002459
-0.002391
-0.004942
-0.006859
-0.005922
-0.004067
-0.003581
-0.003043
-0.001351
-0.00027
0.000802
0.005454
0.012237
0.014425
0.010092
0.004036
0.001189
0.001208
-0.000659
-0.005215
-0.007946
-0.006733
-0.005291
-0.006652
-0.008111
-0.006049
-0.002226
0.000133
0.001451
0.001465
-0.00215
-0.008601
-0.013034
-0.011951
-0.008737
-0.010445
-0.015828
-0.016148
-0.008215
0.000394
0.00311
0.000822
-0.001463
0.000386
0.004932
0.00705
0.005548
0.003777
0.003045
0.000932
-0.003146
-0.005127
-0.002334
0.00072
0.000866
0.000683
0.00288
0.004914
0.003061
-0.000629
-0.000675
0.002939
0.006104
0.006519
0.004726
0.002352
0.001039
0.001061
0.001283
0.001118
0.001321
0.002883
0.005482
0.006209
0.003261
-0.000271
-0.001551
-0.001079
-0.000734
-0.001032
-0.001389
-0.00063
0.001545
0.003583
0.00248
-0.002438
-0.007496
-0.009421
-0.008455
-0.009685
-0.015521
-0.01873
-0.012623
-0.004107
-0.001869
-0.003497
-0.004523
-0.005093
-0.003923
0.000236
0.002922
0.001269
0.000053
0.002473
0.004648
0.002792
-0.001231
-0.002962
-0.002341
-0.000844
0.002274
0.004992
0.003479
-0.001183
-0.002606
0.00034
0.002272
0.000871
-0.000822
-0.00118
0.000414
0.004819
0.009688
0.011569
0.010948
0.009266
0.004742
-0.000989
-0.002217
0.001987
0.005209
0.003719
0.002329
0.003453
0.003842
0.003964
0.006845
0.010075
0.009911
0.008764
0.00928
0.009649
0.008063
0.004236
-0.00047
-0.00059
0.006304
0.014158
0.015252
0.009645
0.002098
-0.002921
0.000117
0.007992
0.011809
0.00765
0.000431
-0.003452
-0.005594
-0.008673
-0.008608
-0.003948
0.000542
0.001994
0.002681
0.004704
0.006043
0.002248
-0.005542
-0.008882
-0.005231
-0.001743
-0.001237
0.000257
0.003322
0.00298
-0.002188
-0.005708
-0.003757
0.000076
0.000284
-0.00402
-0.007542
-0.006859
-0.004652
-0.004436
-0.00436
-0.001452
0.002166
0.003216
0.003033
0.003828
0.004971
0.0049
0.002177
-0.003298
-0.008388
-0.011367
-0.012974
-0.012741
-0.009898
-0.006688
-0.006356
-0.008128
-0.010153
-0.010247
-0.007739
-0.006191
-0.006517
-0.004543
-0.000769
-0.000751
-0.001827
0.001123
0.004295
0.003892
0.004404
0.009342
0.013527
0.012608
0.010082
0.008987
0.008739
0.007681
0.003157
-0.004194
-0.007276
-0.00227
0.003444
0.005787
0.007137
0.007919
0.007762
0.008152
0.008197
0.005083
0.000113
-0.003446
-0.004281
-0.003658
-0.003703
-0.005966
-0.008131
-0.005995
-0.000262
0.005023
0.00852
0.0101
0.011005
0.014656
0.02011
0.019717
0.009853
0.000064
-0.002426
-0.001341
-0.001131
-0.001792
-0.004072
-0.008261
-0.009104
-0.003566
0.001978
0.003538
0.005817
0.010463
0.01188
0.007766
0.003278
0.000824
-0.002985
-0.008056
-0.010626
-0.010223
-0.009949
-0.010051
-0.007724
-0.004845
-0.004733
-0.004807
-0.002364
-0.000476
-0.000781
0.000043
0.003462
0.006887
0.008823
0.010511
0.011152
0.00894
0.004928
0.002048
0.001623
0.001774
0.000019
-0.002438
-0.002178
0.000358
0.000726
-0.003282
-0.007618
-0.006747
-0.001009
0.003683
0.005269
0.005476
0.004399
0.002036
-0.000043
0.000971
0.005127
0.007057
0.004465
0.000495
-0.000506
0.001983
0.004791
0.006432
0.008241
0.010074
0.010675
0.010041
0.007794
0.004196
0.002412
0.004522
0.007218
0.007164
0.007911
0.011031
0.013367
0.015044
0.016995
0.015713
0.010853
0.007614
0.007636
0.008025
0.007087
0.005165
0.004215
0.005729
0.00747
0.006142
0.003181
0.00171
0.000956
-0.000083
0.000016
0.000241
-0.002682
-0.00641
-0.003934
0.002921
0.007133
0.007061
0.006646
0.008995
0.013955
0.015952
0.010519
0.005308
0.006254
0.008282
0.00696
0.00561
0.006796
0.008048
0.008546
0.010135
0.012858
0.0152
0.016364
0.015151
0.010635
0.004994
0.002502
0.004458
0.00597
0.003511
0.000538
0.001456
0.003261
0.0017
-0.000403
0.001071
0.003796
0.004671
0.002982
-0.00057
-0.00345
-0.002351
0.001869
0.004335
0.001998
-0.001516
-0.001371
0.001957
0.004421
0.003951
0.002015
0.000958
0.001373
0.000668
-0.002745
-0.007429
-0.011346
-0.013019
-0.011718
-0.009188
-0.008066
-0.007273
-0.004327
-0.000708
0.000363
-0.002177
-0.006624
-0.009237
-0.008661
-0.008177
-0.010873
-0.015301
-0.018189
-0.017167
-0.012586
-0.008725
-0.007984
-0.007088
-0.003478
0.000515
0.002229
0.00145
-0.000165
-0.000311
0.001572
0.002198
-0.000454
-0.00346
-0.004494
-0.004126
-0.002267
0.001674
0.006404
0.00917
0.009199
0.008844
0.008828
0.008186
0.007789
0.00818
0.00677
0.001937
-0.002513
-0.002287
0.001896
0.004326
0.002725
0.002763
0.006657
0.008101
0.004777
0.003135
0.004991
0.007076
0.008086
0.008317
0.008635
0.010111
0.011587
0.011861
0.012199
0.01236
0.010314
0.006164
0.002032
-0.000219
0.001284
0.005369
0.006493
0.003857
0.003313
0.005963
0.006298
0.004082
0.004048
0.005808
0.005239
0.003304
0.002899
0.003039
0.001057
-0.004193
-0.010036
-0.011108
-0.006815
-0.002876
-0.002744
-0.003717
-0.000925
0.005708
0.008236
0.002034
-0.005037
-0.005501
-0.004111
-0.007674
-0.012175
-0.010784
-0.006352
-0.004152
-0.003265
-0.001811
-0.00079
0.000083
0.002015
0.004131
0.004958
0.004525
0.00312
0.00087
-0.000929
-0.001619
-0.002931
-0.005298
-0.005735
-0.001831
0.004495
0.008309
0.007773
0.00413
0.001854
0.004214
0.006865
0.005122
0.001072
-0.001072
-0.00112
-0.002048
-0.00497
-0.006961
-0.005815
-0.003383
-0.001827
0.000443
0.004768
0.007857
0.007191
0.004284
0.000733
-0.002671
-0.003874
-0.002386
-0.001425
-0.002376
-0.003015
-0.001072
0.003341
0.00716
0.007512
0.004836
0.002823
0.004034
0.006383
0.007529
0.007547
0.006841
0.004214
-0.001128
-0.005151
-0.002977
0.001969
0.003333
0.001667
0.001191
0.003243
0.006672
0.008638
0.006271
0.00323
0.00389
0.005188
0.00271
-0.000524
-0.000412
0.001514
0.002438
0.002938
0.003914
0.003767
0.002138
0.000347
-0.001018
-0.001314
0.000054
0.002516
0.004604
0.004487
0.001429
-0.001885
-0.002385
-0.001614
-0.002014
-0.003255
-0.005097
-0.00818
-0.009367
-0.0052
0.000873
0.004947
0.006759
0.005862
0.002875
-0.000083
-0.001988
-0.002678
-0.001683
-0.000951
-0.003486
-0.006637
-0.006542
-0.006301
-0.00855
-0.009205
-0.006666
-0.005522
-0.005885
-0.003725
-0.000467
0.000802
0.000564
-0.001372
-0.005632
-0.008866
-0.008796
-0.006725
-0.003933
-0.00264
-0.004051
-0.004744
-0.000952
0.003486
0.002731
-0.000464
-0.000536
0.000985
0.001477
0.002308
0.00371
0.00351
0.001285
-0.002196
-0.00619
-0.00779
-0.005666
-0.000272
0.005789
0.007597
0.004571
0.00291
0.005518
0.00631
0.002861
0.001269
0.003403
0.003866
0.001103
-0.000253
0.002568
0.005707
0.003729
-0.002098
-0.004202
0.000027
0.004042
0.002983
0.001627
0.002336
0.000521
-0.002904
-0.002747
-0.000755
-0.000225
0.001804
0.005867
0.00529
-0.000581
-0.001954
0.001847
0.003435
0.002051
0.001402
0.001821
0.002502
0.004076
0.005187
0.004142
0.003447
0.005339
0.006019
0.001503
-0.00372
-0.004339
-0.003254
-0.004693
-0.005941
-0.004218
-0.002005
-0.001313
-0.0013
-0.001947
-0.002127
0.001886
0.008254
0.010403
0.008112
0.006119
0.005158
0.003378
0.001548
0.00064
-0.001279
-0.005506
-0.010241
-0.011394
-0.006985
-0.000602
0.003115
0.003365
0.003489
0.00396
0.004237
0.006426
0.009434
0.008593
0.001909
-0.006089
-0.007947
-0.003265
0.002584
0.003879
0.00138
0.001196
0.005488
0.009839
0.01213
0.013368
0.011794
0.006619
0.001447
-0.001816
-0.005554
-0.010064
-0.012327
-0.012295
-0.010698
-0.008818
-0.008917
-0.009495
-0.007042
-0.003241
-0.002526
-0.004281
-0.005818
-0.006905
-0.007485
-0.007785
-0.008606
-0.008592
-0.005711
-0.001861
0.000669
0.002654
0.004638
0.005359
0.00445
0.002113
-0.001197
-0.003566
-0.005149
-0.006602
-0.005627
-0.002429
-0.002279
-0.006425
-0.007654
-0.001756
0.004305
0.006752
0.007847
0.006996
0.003209
0.000324
0.000676
0.000843
-0.000423
-0.000802
-0.000725
-0.001411
-0.001668
-0.001137
-0.000152
0.00186
0.003456
0.003229
0.002585
0.0023
0.000941
-0.001549
-0.003494
-0.004896
-0.006474
-0.006864
-0.005572
-0.00409
-0.003083
-0.001627
0.000885
0.00402
0.006258
0.006276
0.005132
0.004734
0.004454
0.003155
0.001915
0.001528
0.000775
-0.000483
-0.000692
0.000106
0.000394
0.000184
0.00049
0.001409
0.001367
-0.001066
-0.003841
-0.003893
-0.001613
-0.000938
-0.003166
-0.005145
-0.004412
-0.003075
-0.002702
-0.000869
0.003032
0.005221
0.004071
0.003451
0.005345
0.004692
-0.001094
-0.005685
-0.005337
-0.003715
-0.003632
-0.00302
-0.00067
0.001408
0.002301
0.00372
0.006088
0.00707
0.005703
0.003764
0.00263
0.002293
0.002411
0.002273
0.000924
-0.001148
-0.003019
-0.00416
-0.003654
-0.000834
0.003212
0.006651
0.009249
0.009976
0.007577
0.003987
0.001528
-0.001421
-0.006388
-0.009638
-0.007365
-0.002775
-0.000337
0.000162
0.000813
0.002407
0.004478
0.005136
0.002535
-0.002088
-0.004863
-0.003709
-0.001
-0.000388
-0.002175
-0.004326
-0.004963
-0.00348
0.000803
0.006493
0.00946
0.00827
0.005767
0.004992
0.0057
0.005002
0.002628
0.001103
0.001224
0.00114
-0.000348
-0.00218
-0.002655
-0.002041
-0.001753
-0.001578
-0.000085
0.00228
0.003182
0.001561
-0.000463
-0.000857
-0.001447
-0.002816
-0.002213
0.000034
0.000273
-0.001082
0.000301
0.004365
0.006204
0.005699
0.005518
0.005168
0.003684
0.002446
0.002461
0.002198
0.000026
-0.002604
-0.003183
-0.00176
-0.000335
-0.000271
-0.001452
-0.002783
-0.002716
-0.0015
-0.000289
0.000101
-0.000488
-0.001192
-0.001036
-0.00038
-0.000709
-0.002139
-0.003016
-0.002285
-0.001066
-0.000651
-0.000806
-0.000819
-0.000725
-0.000451
0.000269
0.000618
-0.000153
-0.001266
-0.00162
-0.001303
-0.000657
0.000153
0.000596
0.000572
0.001004
0.001737
0.001141
-0.000751
-0.001685
-0.000997
-0.000777
-0.00169
-0.002391
-0.002251
-0.00184
-0.001798
-0.002122
-0.00226
-0.00201
-0.001818
-0.001911
-0.002278
-0.002856
-0.003035
-0.002287
-0.001575
-0.002028
-0.002542
-0.001781
-0.000614
-0.000491
-0.00081
-0.000352
0.00053
0.000915
0.001047
0.001402
0.001629
0.001354
0.000643
-0.000225
-0.000899
-0.001144
-0.001047
-0.000956
-0.000947
-0.000923
-0.000887
-0.000773
-0.000262
0.000599
0.001167
0.001259
0.001015
0.000596
0.000185
-0.000269
-0.000992
-0.001758
-0.001906
-0.001541
-0.001473
-0.001601
-0.001028
0.000117
0.000791
0.000819
0.000965
0.001092
0.000481
-0.000407
-0.000571
-0.00016
-0.000199
-0.000662
-0.000521
0.000263
0.000642
0.000474
0.000549
0.00109
0.001449
0.001242
0.000788
0.000536
0.00054
0.000522
0.000307
0.000134
0.000194
0.000308
0.000361
0.000484
0.00059
0.000532
0.000461
0.000489
0.000484
0.000397
0.000232
-0.000119
-0.000508
-0.000584
-0.000465
-0.00036
-0.000057
0.000453
0.000686
0.00048
0.000368
0.000593
0.000616
0.000181
-0.000302
-0.000616
-0.000871
-0.001026
-0.000996
-0.000801
-0.000522
-0.000334
-0.000374
-0.000454
-0.000358
-0.000309
-0.000554
-0.000958
-0.001324
-0.001565
-0.001537
-0.001257
-0.001052
-0.001047
-0.001029
-0.000859
-0.000692
-0.000699
-0.000831
-0.000915
-0.000949
-0.001087
-0.001331
-0.001405
-0.00129
-0.001258
-0.001318
-0.001294
-0.001156
-0.000934
-0.000723
-0.000667
-0.000785
-0.00091
-0.000963
-0.001015
-0.001154
-0.001324
-0.001396
-0.00132
-0.001164
-0.000998
-0.000834
-0.000647
-0.000455
-0.000326
-0.000364
-0.000548
-0.000686
-0.000736
-0.000877
-0.001058
-0.001043
-0.00082
-0.0006
-0.000472
-0.000359
-0.000209
-0.000105
-0.000096
-0.000157
-0.000249
-0.000373
-0.000511
-0.00062
-0.000651
-0.000593
-0.000462
-0.000288
-0.000121
-0.000029
-0.000007
0.000001
-0.000015
-0.000116
-0.000265
-0.000387
-0.000462
-0.000497
-0.000459
-0.00036
-0.000263
-0.000179
-0.000067
0.000044
0.000079
0.000007
-0.000116
-0.000242
-0.000379
-0.000539
-0.000643
-0.000636
-0.00055
-0.00044
-0.000316
-0.00019
-0.000097
-0.000065
-0.000083
-0.000144
-0.000254
-0.000411
-0.000576
-0.000705
-0.000755
-0.000724
-0.000651
-0.00057
-0.000476
-0.000372
-0.000282
-0.000256
-0.000323
-0.000482
-0.000689
-0.000885
-0.001038
-0.001148
-0.001207
-0.001207
-0.001138
-0.001012
-0.000857
-0.000735
-0.000688
-0.000731
-0.000851
-0.001023
-0.001213
-0.0014
-0.001558
-0.001656
-0.001666
-0.001598
-0.001472
-0.001324
-0.001183
-0.001077
-0.001021
-0.001034
-0.001121
-0.001271
-0.001449
-0.001622
-0.001755
-0.001822
-0.001809
-0.001727
-0.001592
-0.001434
-0.001291
-0.001201
-0.001179
-0.001225
-0.001328
-0.001476
-0.001638
-0.00178
-0.001863
-0.001869
-0.001801
-0.00168
-0.001527
-0.001372
-0.001243
-0.001168
-0.001159
-0.001216
-0.001318
-0.001447
-0.001569
-0.001656
-0.00168
-0.001637
-0.001534
-0.001389
-0.00122
-0.001061
-0.000941
-0.000885
-0.000895
-0.000965
-0.001073
-0.0012
-0.001317
-0.001396
-0.00141
-0.001354
-0.001239
-0.001088
-0.000925
-0.00078
-0.000682
-0.000651
-0.000688
-0.000784
-0.000915
-0.001054
-0.001163
-0.001218
-0.001202
-0.001124
-0.000996
-0.000846
-0.000702
-0.000601
-0.000565
-0.000603
-0.000702
-0.000847
-0.001008
-0.001162
-0.001273
-0.001322
-0.001296
-0.001212
-0.001089
-0.000959
-0.000846
-0.000783
-0.00079
-0.000872
-0.001011
-0.001185
-0.001363
-0.00152
-0.001625
-0.001667
-0.001642
-0.001563
-0.001451
-0.001336
-0.001247
-0.001212
-0.00124
-0.001329
-0.001462
-0.00162
-0.001771
-0.001889
-0.001945
-0.001937
-0.001868
-0.00176
-0.001632
-0.001519
-0.001447
-0.001435
-0.00148
-0.001576
-0.001707
-0.00185
-0.001969
-0.002036
-0.002036
-0.001977
-0.001871