-0.001956
-0.001266
-0.000518
0.000173
0.000709
0.001018
0.001082
0.000928
0.000632
0.000298
0.000034
-0.00007
0.000044
0.000379
0.000894
0.001498
0.00208
0.002525
0.002749
0.002705
0.002401
0.001899
0.001295
0.0007
0.000227
-0.000047
-0.000081
0.000121
0.000511
0.000986
0.001429
0.001738
0.001836
0.001672
0.001312
0.000794
0.000211
-0.000294
-0.000639
-0.000746
-0.000612
-0.000282
0.000171
0.000656
0.001048
0.001213
0.001097
0.000726
0.000162
-0.000508
-0.001184
-0.001771
-0.002208
-0.002452
-0.002457
-0.002238
-0.00188
-0.001479
-0.001148
-0.001029
-0.001196
-0.001622
-0.002226
-0.002916
-0.003536
-0.00397
-0.004186
-0.00415
-0.00392
-0.003501
-0.003035
-0.002714
-0.002573
-0.002617
-0.002878
-0.003273
-0.003676
-0.004036
-0.004358
-0.004614
-0.004704
-0.004573
-0.004236
-0.003754
-0.003223
-0.0027
-0.002248
-0.002037
-0.002118
-0.002411
-0.002756
-0.002985
-0.003013
-0.002769
-0.002321
-0.001945
-0.001745
-0.001587
-0.001384
-0.001179
-0.001033
-0.000953
-0.000857
-0.000772
-0.00078
-0.00082
-0.000727
-0.000572
-0.000418
-0.000113
0.00042
0.001083
0.001686
0.00207
0.00217
0.002073
0.001988
0.00211
0.002463
0.002826
0.003064
0.003181
0.003178
0.003016
0.00278
0.002683
0.002911
0.003448
0.003969
0.004145
0.003856
0.003217
0.002413
0.001778
0.00138
0.001167
0.001228
0.001551
0.00172
0.00145
0.00081
-0.000103
-0.001124
-0.002007
-0.002681
-0.003166
-0.003489
-0.00328
-0.002554
-0.001754
-0.001146
-0.000425
0.000414
0.000924
0.000844
0.00003
-0.001464
-0.002922
-0.003625
-0.003309
-0.002466
-0.001787
-0.00141
-0.001133
-0.001234
-0.001551
-0.001637
-0.001592
-0.001412
-0.00115
-0.001169
-0.001695
-0.002435
-0.003014
-0.003172
-0.003458
-0.00383
-0.003805
-0.003412
-0.002929
-0.002387
-0.001763
-0.001498
-0.00215
-0.00344
-0.004941
-0.006817
-0.008463
-0.009325
-0.009748
-0.009933
-0.009667
-0.009087
-0.008101
-0.007132
-0.006731
-0.006817
-0.007056
-0.007141
-0.006978
-0.006474
-0.005161
-0.003151
-0.001141
0.000344
0.001531
0.002061
0.001403
-0.000213
-0.002608
-0.005243
-0.007434
-0.008805
-0.009279
-0.008271
-0.005791
-0.002777
-0.000132
0.001519
0.00173
0.000424
-0.002034
-0.005113
-0.008347
-0.011112
-0.012881
-0.013449
-0.012764
-0.011069
-0.008606
-0.005267
-0.001268
0.00308
0.006918
0.009443
0.010379
0.009761
0.008105
0.006245
0.005426
0.005907
0.007224
0.009298
0.01234
0.015326
0.017306
0.018376
0.018969
0.019857
0.021663
0.023409
0.023939
0.022361
0.018282
0.012631
0.006669
0.002261
0.000739
0.001882
0.005114
0.009298
0.013485
0.016811
0.018289
0.017751
0.016538
0.015775
0.01548
0.014487
0.012527
0.010137
0.008368
0.008328
0.009568
0.011337
0.012854
0.014314
0.015392
0.015877
0.014611
0.011879
0.00892
0.007874
0.009741
0.013503
0.017088
0.018849
0.018482
0.017515
0.016367
0.01608
0.016236
0.01448
0.010747
0.006081
0.001451
-0.002235
-0.005375
-0.007606
-0.008303
-0.007985
-0.008194
-0.008979
-0.00956
-0.009918
-0.01019
-0.009767
-0.008704
-0.007799
-0.007766
-0.008451
-0.008953
-0.008738
-0.008018
-0.006411
-0.004237
-0.002654
-0.002227
-0.003021
-0.005929
-0.010122
-0.013561
-0.016864
-0.019643
-0.020745
-0.020653
-0.019007
-0.014636
-0.009178
-0.003998
0.000536
0.003409
0.004653
0.004668
0.003641
0.00208
0.001133
0.000748
0.000553
0.000581
0.000558
0.001252
0.003369
0.007371
0.013196
0.019092
0.022668
0.022551
0.01874
0.012177
0.004437
-0.002251
-0.005952
-0.006344
-0.003975
0.000255
0.004529
0.007248
0.008249
0.008065
0.006777
0.004413
0.001435
-0.003142
-0.010589
-0.018233
-0.023261
-0.024219
-0.020695
-0.014213
-0.006761
-0.000372
0.003742
0.004895
0.003494
-0.000128
-0.004345
-0.007671
-0.010214
-0.012367
-0.012902
-0.011875
-0.011537
-0.012329
-0.013008
-0.011537
-0.007683
-0.0022
0.004049
0.009825
0.013679
0.013896
0.010359
0.00447
-0.00185
-0.006835
-0.00991
-0.010748
-0.009509
-0.007427
-0.005227
-0.002776
-0.000119
0.002478
0.004896
0.00684
0.007204
0.005126
0.001298
-0.003604
-0.008785
-0.012482
-0.014242
-0.014051
-0.012226
-0.009254
-0.006107
-0.003535
-0.001209
0.001229
0.003563
0.005423
0.007715
0.010242
0.011415
0.01108
0.01148
0.012532
0.012606
0.011202
0.008202
0.003945
-0.001274
-0.007429
-0.013525
-0.017751
-0.019262
-0.018853
-0.017022
-0.013712
-0.009527
-0.005562
-0.002016
0.001299
0.003392
0.003129
0.000744
-0.003138
-0.00679
-0.009301
-0.010398
-0.011102
-0.011766
-0.012983
-0.015579
-0.018284
-0.020585
-0.022056
-0.022428
-0.022619
-0.021947
-0.019993
-0.017892
-0.016283
-0.015701
-0.015812
-0.016102
-0.015399
-0.013152
-0.010302
-0.008257
-0.008352
-0.010636
-0.013897
-0.016683
-0.017828
-0.017002
-0.013467
-0.006916
0.000973
0.007613
0.011355
0.012092
0.011577
0.010865
0.01127
0.014251
0.018579
0.021755
0.021475
0.017527
0.010527
0.00303
-0.002726
-0.006056
-0.006815
-0.006205
-0.004984
-0.002357
0.001689
0.005306
0.007228
0.007477
0.007146
0.008346
0.012418
0.018177
0.023361
0.027037
0.028434
0.026661
0.021552
0.013178
0.003996
-0.003919
-0.010433
-0.015676
-0.019083
-0.021284
-0.02286
-0.023603
-0.022306
-0.018693
-0.014109
-0.008439
-0.001562
0.004413
0.007817
0.008365
0.006761
0.004894
0.003792
0.002325
-0.001078
-0.007339
-0.015195
-0.021885
-0.026284
-0.027789
-0.025549
-0.020733
-0.014794
-0.009258
-0.004816
-0.002375
-0.000955
0.000536
0.001668
0.00204
0.001334
-0.000252
-0.002363
-0.004432
-0.005533
-0.004844
-0.003227
-0.002217
-0.001851
-0.001701
-0.001806
-0.001911
-0.001846
-0.000781
0.00168
0.004055
0.005203
0.00638
0.007881
0.009163
0.009872
0.009251
0.008182
0.00799
0.008627
0.009977
0.011661
0.012958
0.013042
0.012415
0.011829
0.011537
0.011802
0.012416
0.013792
0.01654
0.020068
0.023804
0.026843
0.02806
0.027581
0.026177
0.024344
0.021693
0.017186
0.0113
0.006325
0.00317
0.001398
0.001051
0.002031
0.003811
0.007257
0.012891
0.0189
0.023675
0.026212
0.026764
0.026514
0.026503
0.027144
0.028363
0.029815
0.030386
0.028768
0.025405
0.021767
0.019032
0.017468
0.017061
0.017687
0.018228
0.018473
0.019662
0.021712
0.02432
0.02751
0.030735
0.033342
0.035522
0.03709
0.038333
0.03824
0.035065
0.028118
0.018208
0.007924
-0.00028
-0.006009
-0.008586
-0.007938
-0.003246
0.004799
0.012921
0.019592
0.024931
0.027965
0.027925
0.025647
0.022333
0.019037
0.016165
0.012803
0.007988
0.002965
-0.000554
-0.000409
0.003108
0.008415
0.014314
0.019023
0.021267
0.020461
0.017652
0.015179
0.01439
0.015064
0.017128
0.020098
0.022469
0.023364
0.023186
0.022739
0.022063
0.020917
0.018828
0.015758
0.012387
0.009043
0.005781
0.003303
0.001802
0.001775
0.003462
0.006217
0.009999
0.013849
0.016243
0.016095
0.013198
0.007316
-0.001317
-0.010494
-0.018395
-0.023316
-0.025411
-0.024429
-0.019306
-0.011104
-0.001764
0.005761
0.010096
0.010882
0.008208
0.003038
-0.004343
-0.013948
-0.023797
-0.031801
-0.036507
-0.037726
-0.035739
-0.030893
-0.024064
-0.016664
-0.009987
-0.004748
-0.001197
0.001013
0.002421
0.004224
0.00762
0.012582
0.018333
0.02423
0.029364
0.032901
0.03478
0.035488
0.035692
0.035225
0.033543
0.031036
0.028118
0.023776
0.017451
0.009686
0.001586
-0.005401
-0.009971
-0.012343
-0.013163
-0.012525
-0.010553
-0.007874
-0.003293
0.003762
0.011778
0.018881
0.023641
0.025179
0.024525
0.022971
0.0214
0.019648
0.017457
0.014558
0.011171
0.00775
0.005551
0.005523
0.007135
0.0094
0.011174
0.011116
0.009733
0.007825
0.005158
0.00179
-0.001745
-0.004632
-0.00677
-0.009507
-0.013772
-0.019224
-0.02585
-0.032314
-0.037488
-0.04079
-0.043511
-0.045894
-0.047602
-0.049052
-0.050606
-0.050966
-0.049653
-0.048287
-0.047893
-0.047504
-0.046118
-0.043815
-0.041189
-0.037925
-0.033985
-0.030293
-0.027261
-0.025778
-0.026036
-0.026832
-0.027612
-0.028412
-0.028132
-0.025676
-0.020538
-0.013281
-0.005369
0.001189
0.005051
0.00632
0.005767
0.003984
0.001634
-0.001048
-0.00409
-0.006697
-0.00835
-0.008745
-0.007317
-0.003455
0.002268
0.007815
0.011574
0.013219
0.012951
0.010547
0.006446
0.001491
-0.003002
-0.005788
-0.007088
-0.008175
-0.009584
-0.011008
-0.011759
-0.012338
-0.013669
-0.015714
-0.018456
-0.022823
-0.029977
-0.039543
-0.048933
-0.05448
-0.053606
-0.046386
-0.034672
-0.021962
-0.011083
-0.005038
-0.006295
-0.015334
-0.0299
-0.047357
-0.066476
-0.085971
-0.103911
-0.118335
-0.128341
-0.134434
-0.135369
-0.129722
-0.116583
-0.096521
-0.071525
-0.044832
-0.020295
-0.001168
0.01244
0.020941
0.022788
0.018953
0.013257
0.006884
-0.000786
-0.010093
-0.020993
-0.034212
-0.050498
-0.069353
-0.089066
-0.109038
-0.128154
-0.145775
-0.158196
-0.160311
-0.150726
-0.132929
-0.109851
-0.083472
-0.056557
-0.028788
0.000905
0.031323
0.060093
0.083891
0.099816
0.104383
0.094026
0.070334
0.04004
0.010522
-0.013772
-0.029905
-0.036081
-0.031385
-0.01726
0.002407
0.023451
0.04435
0.065715
0.088927
0.113039
0.134837
0.152224
0.164187
0.170054
0.17023
0.166015
0.158633
0.148614
0.137611
0.127326
0.116834
0.104037
0.088328
0.070036
0.049494
0.026031
-0.001008
-0.031562
-0.064582
-0.098808
-0.13291
-0.164964
-0.192591
-0.213865
-0.227132
-0.231561
-0.226841
-0.213548
-0.193493
-0.16875
-0.141287
-0.113426
-0.087023
-0.064608
-0.047913
-0.037916
-0.035238
-0.039566
-0.048804
-0.060063
-0.071553
-0.082974
-0.094224
-0.105275
-0.115949
-0.126275
-0.136732
-0.146824
-0.155736
-0.16267
-0.16653
-0.166303
-0.159429
-0.141798
-0.108447
-0.057529
0.009734
0.089024
0.171469
0.246398
0.305026
0.343812
0.363102
0.364296
0.350061
0.324036
0.288612
0.246509
0.20195
0.159165
0.120952
0.08761
0.0567
0.025254
-0.010592
-0.052804
-0.100079
-0.146432
-0.18542
-0.210992
-0.217974
-0.205654
-0.175584
-0.131042
-0.077733
-0.022502
0.029541
0.072928
0.103167
0.119575
0.12489
0.120312
0.105552
0.080738
0.048752
0.015121
-0.015789
-0.04095
-0.056928
-0.06189
-0.054436
-0.032534
0.003462
0.052913
0.1153
0.189441
0.268879
0.337662
0.382033
0.399859
0.395999
0.373485
0.33464
0.282614
0.219379
0.150662
0.085924
0.032067
-0.0083
-0.03773
-0.061592
-0.084153
-0.107376
-0.131082
-0.154705
-0.17665
-0.192012
-0.190388
-0.161035
-0.100636
-0.017899
0.074095
0.163255
0.243066
0.307813
0.354871
0.385227
0.396457
0.389082
0.367306
0.333219
0.288363
0.235665
0.177456
0.118949
0.064181
0.01559
-0.025604
-0.057674
-0.07984
-0.092714
-0.093298
-0.079245
-0.054219
-0.02306
0.006525
0.025701
0.032871
0.029019
0.013858
-0.00737
-0.029923
-0.05275
-0.073009
-0.086264
-0.091912
-0.092125
-0.090626
-0.09412
-0.108257
-0.135315
-0.175848
-0.224177
-0.269562
-0.304826
-0.322849
-0.313911
-0.279202
-0.227087
-0.164111
-0.097887
-0.035997
0.016971
0.057336
0.084017
0.098695
0.102823
0.097572
0.084913
0.068138
0.051155
0.037496
0.030281
0.0314
0.04042
0.055756
0.074136
0.092166
0.106744
0.11545
0.116945
0.111488
0.099949
0.083006
0.061729
0.036592
0.008459
-0.02135
-0.05241
-0.084496
-0.116596
-0.148643
-0.179332
-0.206252
-0.228049
-0.243686
-0.254031
-0.260422
-0.263738
-0.26219
-0.252014
-0.229189
-0.196175
-0.158487
-0.123086
-0.096118
-0.080191
-0.076476
-0.084529
-0.099802
-0.115555
-0.12717
-0.134596
-0.138648
-0.138804
-0.134542
-0.126889
-0.117661
-0.108751
-0.103771
-0.105197
-0.113828
-0.128879
-0.148863
-0.172753
-0.198867
-0.224363
-0.246786
-0.263917
-0.273547
-0.273727
-0.262161
-0.236585
-0.197644
-0.146966
-0.089136
-0.028726
0.03081
0.087471
0.136648
0.17255
0.193587
0.2016
0.198694
0.188271
0.175597
0.165326
0.163261
0.175165
0.204224
0.250733
0.31412
0.389036
0.467823
0.543634
0.612325
0.668825
0.706258
0.719468
0.704698
0.66374
0.603669
0.533591
0.462462
0.396969
0.340384
0.292735
0.254338
0.225576
0.204269
0.187651
0.172517
0.154934
0.133299
0.1078
0.079354
0.048546
0.015863
-0.015529
-0.042775
-0.065625
-0.083805
-0.096583
-0.103929
-0.105135
-0.098703
-0.082041
-0.054782
-0.019775
0.020036
0.063819
0.11335
0.16726
0.221438
0.27647
0.332952
0.386705
0.431881
0.465044
0.486054
0.490991
0.474361
0.436462
0.378523
0.302756
0.212309
0.112099
0.009589
-0.087889
-0.174132
-0.245703
-0.297675
-0.326721
-0.329568
-0.307603
-0.270089
-0.224771
-0.181345
-0.148033
-0.12801
-0.121726
-0.128562
-0.14703
-0.173291
-0.202847
-0.231528
-0.255576
-0.272788
-0.284257
-0.292916
-0.30166
-0.313021
-0.328559
-0.347599
-0.36935
-0.394736
-0.423795
-0.453325
-0.482091
-0.509852
-0.534832
-0.554809
-0.568587
-0.572482
-0.563382
-0.540379
-0.504769
-0.460792
-0.409034
-0.352959
-0.29726
-0.243425
-0.19221
-0.144377
-0.099274
-0.055279
-0.011885
0.029255
0.065134
0.092972
0.110685
0.117513
0.114607
0.105127
0.09217
0.079683
0.070203
0.066024
0.070461
0.087527
0.11577
0.151378
0.191083
0.232903
0.272778
0.304886
0.327702
0.340782
0.345696
0.343891
0.336614
0.326875
0.316967
0.307235
0.297959
0.289578
0.282242
0.274994
0.26699
0.257431
0.24319
0.220862
0.190284
0.153493
0.113132
0.071854
0.031726
-0.005836
-0.039997
-0.068654
-0.089851
-0.104898
-0.115814
-0.124933
-0.135538
-0.15013
-0.169372
-0.192112
-0.21745
-0.244041
-0.268136
-0.287123
-0.298522
-0.297557
-0.283531
-0.260028
-0.230662
-0.199377
-0.169713
-0.143731
-0.121
-0.099542
-0.076667
-0.051619
-0.026006
-0.006342
-0.003437
-0.019768
-0.048664
-0.079826
-0.106795
-0.13007
-0.153159
-0.182031
-0.215217
-0.241588
-0.256808
-0.259902
-0.247094
-0.211842
-0.150891
-0.076442
-0.003712
0.058844
0.108585
0.144487
0.166566
0.174451
0.166393
0.141251
0.102004
0.053177
0.00026
-0.048377
-0.087863
-0.116234
-0.133359
-0.141095
-0.141232
-0.135868
-0.12893
-0.123124
-0.121489
-0.125943
-0.13565
-0.148256
-0.161205
-0.169934
-0.171596
-0.165995
-0.154801
-0.140603
-0.126087
-0.114295
-0.107377
-0.106249
-0.110114
-0.118246
-0.129678
-0.142248
-0.152732
-0.158816
-0.159476
-0.153703
-0.141022
-0.121989
-0.098041
-0.070338
-0.04049
-0.011573
0.014595
0.037808
0.058232
0.077923
0.099024
0.122717
0.149049
0.178855
0.213137
0.249665
0.284103
0.312364
0.332611
0.342751
0.340316
0.32668
0.305686
0.280741
0.255469
0.234151
0.219715
0.211917
0.208903
0.208377
0.208201
0.2059
0.198087
0.181269
0.154072
0.118066
0.07528
0.028526
-0.01931
-0.065988
-0.109297
-0.14778
-0.179422
-0.203098
-0.217994
-0.222596
-0.215816
-0.199737
-0.179112
-0.158733
-0.142614
-0.133393
-0.133922
-0.145319
-0.164663
-0.187186
-0.209473
-0.229478
-0.243896
-0.249273
-0.245025
-0.23445
-0.221431
-0.208751
-0.196959
-0.186198
-0.175239
-0.163627
-0.151173
-0.135911
-0.117371
-0.096377
-0.073722
-0.051671
-0.031325
-0.013461
-0.000262
0.005689
0.00635
0.006168
0.006416
0.005835
0.005364
0.005745
0.007313
0.011551
0.020175
0.033566
0.050798
0.069913
0.089972
0.110012
0.126338
0.135783
0.139626
0.137604
0.126511
0.106326
0.079087
0.047316
0.014767
-0.015233
-0.039871
-0.056661
-0.06237
-0.054213
-0.033275
-0.003743
0.031159
0.068379
0.102456
0.129629
0.144902
0.144208
0.12667
0.096268
0.058726
0.019656
-0.014225
-0.038238
-0.049857
-0.049991
-0.041009
-0.025618
-0.007274
0.011545
0.030272
0.048998
0.06586
0.078363
0.085282
0.085707
0.080402
0.070037
0.053434
0.031933
0.008271
-0.01499
-0.034462
-0.047586
-0.053763
-0.054651
-0.05261
-0.048343
-0.042166
-0.035719
-0.030024
-0.024846
-0.018688
-0.009901
0.002052
0.014711
0.025882
0.034738
0.039139
0.039388
0.035974
0.028885
0.019799
0.011644
0.006563
0.005393
0.007868
0.013253
0.020729
0.028296
0.035488
0.041181
0.043614
0.042006
0.035442
0.024259
0.010478
-0.003922
-0.016282
-0.023906
-0.024176
-0.016294
-0.001991
0.015636
0.032996
0.047383
0.057101
0.061131
0.059746
0.052856
0.041225
0.026794
0.011485
-0.003159
-0.014713
-0.020564
-0.017926
-0.005702
0.015182
0.042457
0.072777
0.102266
0.1262
0.142819
0.152851
0.156888
0.155814
0.149263
0.136109
0.117564
0.097141
0.078217
0.063462
0.055275
0.053544
0.056964
0.063083
0.069022
0.072818
0.073202
0.070935
0.067616
0.065343
0.067301
0.076445
0.092222
0.111708
0.131734
0.148457
0.158037
0.158111
0.14853
0.131308
0.109934
0.088334
0.06965
0.05526
0.045794
0.041374
0.041102
0.04313
0.04579
0.047177
0.045703
0.040575
0.032017
0.02117
0.00818
-0.006365
-0.021482
-0.036845
-0.051074
-0.060742
-0.063951
-0.059253
-0.045243
-0.021427
0.011363
0.049471
0.085755
0.115599
0.135775
0.144179
0.142688
0.135371
0.125953
0.116652
0.108313
0.100206
0.092045
0.084786
0.078299
0.072325
0.066803
0.06002
0.050441
0.03782
0.023397
0.009139
-0.004935
-0.018882
-0.03151
-0.042523
-0.050776
-0.054904
-0.054825
-0.050815
-0.043577
-0.03462
-0.025317
-0.016797
-0.009647
-0.004681
-0.00136
0.000265
0.000221
-0.001308
-0.004253
-0.008563
-0.012191
-0.012623
-0.007881
0.002888
0.018109
0.035485
0.05266
0.067342
0.076302
0.077873
0.072182
0.060097
0.04359
0.023661
0.000413
-0.024482
-0.048234
-0.068479
-0.08367
-0.093716
-0.098848
-0.097482
-0.087793
-0.069085
-0.042114
-0.009949
0.022638
0.052887
0.079361
0.099195
0.110427
0.112834
0.10846
0.099825
0.087709
0.073464
0.058824
0.045757
0.03588
0.030331
0.028953
0.032833
0.040965
0.052204
0.066355
0.080565
0.092002
0.099856
0.103321
0.101743
0.095464
0.085154
0.07099
0.05258
0.031917
0.011336
-0.008083
-0.025122
-0.037968
-0.044866
-0.04515
-0.041135
-0.036188
-0.031104
-0.025899
-0.01984
-0.012103
-0.003704
0.003416
0.007738
0.008823
0.007098
0.002259
-0.004664
-0.012992
-0.021808
-0.031132
-0.041319
-0.051371
-0.059559
-0.064644
-0.065373
-0.059829
-0.047347
-0.028652
-0.005414
0.018794
0.040341
0.056967
0.066132
0.06568
0.056977
0.043774
0.028339
0.012735
-0.000213
-0.009382
-0.014982
-0.01741
-0.016686
-0.013186
-0.006818
0.003358
0.017063
0.033165
0.049562
0.063973
0.075189
0.081688
0.082092
0.07717
0.069527
0.061282
0.05299
0.044702
0.036676
0.029339
0.023269
0.017952
0.013526
0.011212
0.011423
0.014477
0.021157
0.031101
0.042618
0.053574
0.063491
0.071566
0.075918
0.076194
0.073198
0.068664
0.064018
0.058979
0.053007
0.045681
0.036577
0.026738
0.016412
0.006132
-0.002157
-0.009437
-0.01487
-0.017516
-0.018216
-0.018595
-0.021023
-0.027953
-0.038682
-0.051699
-0.065326
-0.077459
-0.086437
-0.091513
-0.093014
-0.090765
-0.084443
-0.074713
-0.063717
-0.052927
-0.043169
-0.034671
-0.028149
-0.023883
-0.021549
-0.021746
-0.024897
-0.030229
-0.036371
-0.0417
-0.0449
-0.045576
-0.043968
-0.039801
-0.032531
-0.02235
-0.010367
0.002778
0.016306
0.028102
0.0361
0.039522
0.037919
0.030688
0.017478
-0.001374
-0.023207
-0.046007
-0.068532
-0.088633
-0.103724
-0.112139
-0.113622
-0.110258
-0.103927
-0.09521
-0.084221
-0.071109
-0.056966
-0.042118
-0.026891
-0.012555
-0.000644
0.008825
0.015614
0.017315
0.0121
0.001021
-0.012931
-0.027086
-0.040773
-0.052932
-0.061125
-0.062442
-0.056208
-0.045414
-0.03213
-0.016533
0.001861
0.023507
0.047198
0.070248
0.089635
0.103307
0.110048
0.109717
0.101479
0.083572
0.05617
0.02093
-0.018906
-0.058016
-0.09444
-0.127308
-0.153865
-0.172703
-0.183826
-0.187988
-0.186735
-0.180348
-0.169169
-0.155357
-0.141331
-0.129082
-0.118453
-0.110006
-0.104513
-0.10108
-0.098356
-0.095429
-0.092288
-0.088666
-0.085404
-0.082103
-0.078218
-0.074474
-0.071486
-0.068762
-0.064632
-0.057797
-0.046879
-0.031144
-0.012152
0.008535
0.029282
0.04806
0.063113
0.074163
0.081425
0.085231
0.085369
0.083162
0.080566
0.078157
0.073479
0.066712
0.059055
0.052042
0.046676
0.044311
0.04539
0.048298
0.051282
0.052715
0.053527
0.053343
0.05118
0.048318
0.045453
0.042052
0.039204
0.037781
0.037318
0.037619
0.038251
0.038149
0.03696
0.03386
0.027698
0.018325
0.006386
-0.00593
-0.015527
-0.022283
-0.027068
-0.029433
-0.028511
-0.024318
-0.018091
-0.009933
0.000163
0.011102
0.02069
0.028109
0.033137
0.035847
0.036449
0.035251
0.032424
0.027059
0.019069
0.009067
-0.000765
-0.008211
-0.01326
-0.016983
-0.01925
-0.019322
-0.017939
-0.015555
-0.011591
-0.006311
-0.000546
0.004951
0.009637
0.013076
0.015488
0.017366
0.018819
0.020058
0.022025
0.024937
0.02774
0.029311
0.029636
0.029199
0.029135
0.028498
0.026087
0.021653
0.016807
0.013163
0.011738
0.011833
0.012058
0.011788
0.011797
0.013217
0.016389
0.020519
0.023618
0.024271
0.02092
0.013191
0.002129
-0.010378
-0.022303
-0.030278
-0.032848
-0.030687
-0.025581
-0.019791
-0.014951
-0.011487
-0.009328
-0.00831
-0.008042
-0.009876
-0.013489
-0.018474
-0.024833
-0.031654
-0.037714
-0.042528
-0.046674
-0.050478
-0.053505
-0.054936
-0.054403
-0.052064
-0.048872
-0.04545
-0.041692
-0.03686
-0.030033
-0.021427
-0.012167
-0.002149
0.009355
0.021886
0.033683
0.043138
0.049192
0.053245
0.055996
0.056351
0.054462
0.050047
0.042862
0.033591
0.022858
0.011627
0.000666
-0.008978
-0.016746
-0.021899
-0.025396
-0.028231
-0.0304
-0.032994
-0.036717
-0.041513
-0.046813
-0.052162
-0.058051
-0.064424
-0.070663
-0.076261
-0.08102
-0.084824
-0.087157
-0.086034
-0.079707
-0.068755
-0.055509
-0.042489
-0.031397
-0.022326
-0.015232
-0.010112
-0.007689
-0.007421
-0.008094
-0.008897
-0.009417
-0.008669
-0.007417
-0.005356
-0.001933
0.001796
0.005188
0.008791
0.01101
0.010525
0.00772
0.002338
-0.00452
-0.011921
-0.019998
-0.028276
-0.035954
-0.042822
-0.04892
-0.053955
-0.057475
-0.060214
-0.06353
-0.067755
-0.072943
-0.079199
-0.085863
-0.093345
-0.103534
-0.117545
-0.133824
-0.149585
-0.163475
-0.175102
-0.184328
-0.189995
-0.191518
-0.190786
-0.189488
-0.188263
-0.187054
-0.184216
-0.179215
-0.17323
-0.166265
-0.157428
-0.146451
-0.135577
-0.125611
-0.116632
-0.108956
-0.102887
-0.099199
-0.099577
-0.103501
-0.109925
-0.11902
-0.129255
-0.137818
-0.142946
-0.144299
-0.140824
-0.132416
-0.119782
-0.103576
-0.085176
-0.066766
-0.050278
-0.036249
-0.023519
-0.010806
0.002582
0.017507
0.033942
0.051151
0.068581
0.085584
0.10083
0.112942
0.121225
0.12632
0.12928
0.130383
0.129496
0.125506
0.119218
0.111598
0.102344
0.091129
0.079188
0.068184
0.059217
0.05226
0.046505
0.040195
0.033094
0.025665
0.017817
0.010484
0.004551
0.000128
-0.002984
-0.004919
-0.005729
-0.006832
-0.009346
-0.012087
-0.013856
-0.014355
-0.015251
-0.017488
-0.020226
-0.022866
-0.025081
-0.026807
-0.026774
-0.024581
-0.021144
-0.017529
-0.014267
-0.012089
-0.01044
-0.009328
-0.008934
-0.009177
-0.010668
-0.01335
-0.016297
-0.018822
-0.020861
-0.022275
-0.022412
-0.020631
-0.017279
-0.012586
-0.006889
-0.000749
0.005686
0.011171
0.014969
0.018145
0.021719
0.026374
0.031781
0.03791
0.045172
0.053087
0.061289
0.069324
0.076094
0.080057
0.080805
0.078648
0.074275
0.069396
0.065367
0.061975
0.059159
0.056815
0.055821
0.056801
0.058974
0.061158
0.061812
0.060973
0.05902
0.054555
0.047192
0.038878
0.031749
0.026336
0.023624
0.023819
0.026429
0.030467
0.035314
0.039724
0.042198
0.042547
0.041393
0.038358
0.033457
0.027935
0.023394
0.020855
0.020123
0.02057
0.021657
0.023166
0.024913
0.025801
0.024716
0.021076
0.01443
0.00519
-0.006525
-0.020046
-0.033304
-0.044611
-0.053334
-0.059241
-0.062373
-0.063161
-0.061954
-0.059045
-0.055195
-0.051526
-0.048349
-0.046229
-0.045476
-0.045483
-0.045676
-0.046215
-0.047075
-0.047496
-0.047771
-0.047199
-0.044403
-0.040014
-0.034975
-0.030102
-0.024976
-0.019474
-0.014229
-0.007363
0.002018
0.012507
0.024131
0.035694
0.045111
0.05187
0.055611
0.05661
0.056093
0.052318
0.045568
0.0371
0.026482
0.015107
0.005562
-0.002082
-0.009022
-0.014477
-0.018141
-0.020933
-0.022692
-0.02283
-0.021442
-0.018516
-0.014274
-0.008965
-0.002281
0.006199
0.016677
0.029221
0.043364
0.05798
0.071523
0.082853
0.0914
0.097372
0.101351
0.103966
0.106132
0.10784
0.108068
0.106761
0.10472
0.103277
0.103202
0.104491
0.106736
0.109072
0.111722
0.115351
0.119376
0.123295
0.126222
0.126859
0.12513
0.122033
0.117926
0.112912
0.107292
0.100924
0.093911
0.0863
0.078167
0.070447
0.064347
0.059909
0.056217
0.051745
0.048139
0.046685
0.046195
0.046418
0.046867
0.046948
0.047396
0.047884
0.048463
0.049009
0.048673
0.046458
0.042748
0.038781
0.035735
0.034233
0.033222
0.031727
0.029516
0.026942
0.024122
0.020646
0.016358
0.010558
0.002835
-0.005694
-0.014813
-0.023461
-0.032204
-0.040924
-0.047046
-0.050468
-0.052693
-0.053452
-0.05063
-0.04578
-0.039666
-0.032175
-0.024074
-0.015041
-0.006383
0.000668
0.006786
0.011729
0.016096
0.021101
0.025087
0.027336
0.027128
0.025023
0.021322
0.015953
0.010396
0.005741
0.002701
0.001102
-0.000046
-0.001463
-0.003277
-0.004558
-0.00584
-0.008883
-0.014111
-0.021142
-0.02863
-0.035665
-0.041787
-0.045498
-0.045421
-0.042895
-0.039847
-0.035646
-0.030152
-0.024442
-0.018066
-0.01116
-0.003325
0.006409
0.01777
0.030075
0.040118
0.046493
0.050677
0.054192
0.055643
0.054048
0.050049
0.04435
0.038852
0.033934
0.029154
0.024479
0.021613
0.0204
0.019295
0.018527
0.018647
0.01938
0.020772
0.021909
0.021567
0.019635
0.016568
0.011719
0.006208
0.002302
0.001314
0.004305
0.010131
0.017826
0.026494
0.035313
0.042617
0.04638
0.045672
0.040134
0.029503
0.014246
-0.00324
-0.020389
-0.035597
-0.04842
-0.057001
-0.060216
-0.058979
-0.05326
-0.044156
-0.033527
-0.022071
-0.012064
-0.005998
-0.00366
-0.002918
-0.002466
-0.002275
-0.002366
-0.003012
-0.003285
-0.002092
0.000799
0.004711
0.008313
0.009907
0.009269
0.006337
0.001373
-0.004409
-0.010409
-0.01671
-0.023109
-0.029071
-0.033393
-0.035441
-0.035738
-0.034418
-0.032404
-0.030816
-0.030566
-0.032271
-0.035444
-0.038292
-0.039247
-0.038002
-0.035096
-0.030402
-0.022896
-0.011979
0.002503
0.020192
0.039078
0.056725
0.071262
0.080939
0.084434
0.08192
0.075937
0.068665
0.060562
0.051827
0.043977
0.038555
0.035431
0.034818
0.035984
0.037585
0.039083
0.038875
0.035675
0.030819
0.026454
0.023121
0.020335
0.017461
0.014696
0.01396
0.016782
0.022428
0.030155
0.036894
0.042251
0.045797
0.046434
0.044658
0.041275
0.03563
0.02783
0.018965
0.009331
0.00002
-0.008968
-0.016778
-0.022351
-0.025242
-0.027124
-0.029518
-0.031968
-0.033363
-0.033359
-0.032905
-0.032997
-0.033491
-0.033955
-0.034194
-0.033439
-0.029802
-0.022264
-0.010904
0.00346
0.018107
0.029548
0.036346
0.039903
0.04169
0.042795
0.04451
0.047112
0.050388
0.053815
0.057655
0.06163
0.065188
0.068561
0.072472
0.076871
0.081363
0.086603
0.092822
0.099056
0.103767
0.107075
0.108551
0.108001
0.106275
0.104246
0.10081
0.095502
0.087853
0.07746
0.064717
0.050144
0.034851
0.019951
0.007245
-0.002503
-0.009085
-0.013994
-0.018074
-0.021939
-0.025114
-0.026792
-0.027406
-0.02788
-0.02909
-0.031601
-0.036079
-0.042478
-0.049703
-0.057002
-0.06417
-0.071004
-0.076673
-0.079999
-0.081041
-0.081287
-0.081074
-0.080023
-0.07793
-0.074924
-0.070852
-0.066809
-0.063118
-0.060422
-0.058589
-0.055943
-0.051188
-0.044951
-0.038995
-0.03458
-0.031247
-0.026837
-0.021176
-0.015742
-0.010501
-0.005108
-0.000208
0.002781
0.004961
0.008554
0.013653
0.020035
0.027387
0.035636
0.042972
0.048254
0.051679
0.052245
0.049283
0.043776
0.03676
0.02957
0.022839
0.017185
0.01339
0.011693
0.012087
0.014537
0.017335
0.020064
0.023544
0.026808
0.029028
0.031141
0.032861
0.032771
0.030872
0.029132
0.027472
0.025852
0.023906
0.021852
0.020744
0.019855
0.018974
0.019329
0.020161
0.019906
0.01813
0.014975
0.010569
0.005871
0.002077
-0.001337
-0.005259
-0.010064
-0.015051
-0.018611
-0.020358
-0.021059
-0.021851
-0.023309
-0.026027
-0.02963
-0.033795
-0.037928
-0.040792
-0.04181
-0.042106
-0.041626
-0.04108
-0.040825
-0.040212
-0.039782
-0.040171
-0.042685
-0.047446
-0.053089
-0.059083
-0.065235
-0.072724
-0.081024
-0.089858
-0.098455
-0.105336
-0.109848
-0.111966
-0.111732
-0.108663
-0.103892
-0.098676
-0.093786
-0.089104
-0.084394
-0.078884
-0.072286
-0.065059
-0.057528
-0.050337
-0.043528
-0.037808
-0.033704
-0.031221
-0.029662
-0.028276
-0.025792
-0.021227
-0.015257
-0.008769
-0.002406
0.004193
0.011573
0.01857
0.024116
0.029649
0.03558
0.042202
0.048957
0.055217
0.059921
0.062124
0.06357
0.063805
0.064025
0.064192
0.06366
0.063132
0.063304
0.063801
0.062889
0.059931
0.055454
0.050394
0.045335
0.041021
0.037564
0.034429
0.031173
0.028286
0.02686
0.027277
0.028758
0.029031
0.026893
0.022723
0.016279
0.008406
-0.000862
-0.011776
-0.023649
-0.036674
-0.050358
-0.063358
-0.075186
-0.086034
-0.096105
-0.104611
-0.110649
-0.114968
-0.11748
-0.118617
-0.119563
-0.120589
-0.12178
-0.122379
-0.122394
-0.121851
-0.120361
-0.117979
-0.115722
-0.114196
-0.113101
-0.110335
-0.106089
-0.101456
-0.097413
-0.094672
-0.092805
-0.092012
-0.092999
-0.094427
-0.095981
-0.099327
-0.104133
-0.108392
-0.110821
-0.111135
-0.110277
-0.107567
-0.101784
-0.095132
-0.087506
-0.07821
-0.068161
-0.058665
-0.049457
-0.040793
-0.03277
-0.025264
-0.01951
-0.015884
-0.01273
-0.009972
-0.007421
-0.004757
-0.002299
0.000009
0.002191
0.00436
0.006319
0.007682
0.007554
0.005605
0.002234
-0.001687
-0.005009
-0.007221
-0.008678
-0.009751
-0.010252
-0.00899
-0.006585
-0.004221
-0.001737
0.000781
0.002248
0.002022
0.000687
-0.001943
-0.006128
-0.011675
-0.018531
-0.026215
-0.033627
-0.039514
-0.043516
-0.045939
-0.04694
-0.046914
-0.046848
-0.047901
-0.050147
-0.052521
-0.054344
-0.056371
-0.060249
-0.065712
-0.070366
-0.07262
-0.072405
-0.070707
-0.068603
-0.065821
-0.062432
-0.05862
-0.054161
-0.049389
-0.044823
-0.041139
-0.040018
-0.041785
-0.044263
-0.045657
-0.046163
-0.047046
-0.048821
-0.051175
-0.053477
-0.055357
-0.056326
-0.056849
-0.057404
-0.057348
-0.056061
-0.053644
-0.050129
-0.045711
-0.040263
-0.033579
-0.026337
-0.018754
-0.011222
-0.004614
0.000689
0.004201
0.005194
0.003764
0.001505
-0.000677
-0.003946
-0.008286
-0.011961
-0.013543
-0.013687
-0.013124
-0.011391
-0.009722
-0.008378
-0.006645
-0.004843
-0.003163
-0.000614
0.001751
0.004724
0.008396
0.013124
0.019047
0.026061
0.034384
0.04435
0.056719
0.07107
0.084763
0.096345
0.105751
0.11202
0.115686
0.117457
0.115318
0.109821
0.103416
0.096204
0.088301
0.079892
0.070464
0.061311
0.05357
0.047053
0.042395
0.039258
0.037489
0.037702
0.040258
0.043449
0.046468
0.050247
0.054714
0.059705
0.064541
0.068552
0.072504
0.076618
0.080214
0.082384
0.082975
0.081969
0.079099
0.075088
0.071346
0.068907
0.067776
0.067127
0.066344
0.065238
0.064012
0.062869
0.061936
0.060675
0.058352
0.054389
0.048676
0.041854
0.035686
0.031836
0.029901
0.028642
0.027783
0.027604
0.028802
0.032041
0.037076
0.044615
0.054768
0.065347
0.074416
0.082007
0.087639
0.091297
0.093406
0.09356
0.092164
0.088417
0.084257
0.080582
0.076611
0.072121
0.067358
0.061949
0.057079
0.053442
0.050859
0.049177
0.047721
0.046282
0.04537
0.045333
0.045467
0.045751
0.046429
0.047263
0.048196
0.049538
0.051667
0.054047
0.056342
0.058731
0.060917
0.0626
0.064194
0.065875
0.067056
0.067989
0.069484
0.072324
0.076324
0.080412
0.084159
0.087693
0.09069
0.093102
0.094924
0.096182
0.095793
0.094068
0.091535
0.088452
0.084381
0.079145
0.073729
0.068475
0.062833
0.056921
0.052113
0.048034
0.043504
0.037282
0.030593
0.023746
0.016677
0.010119
0.004838
0.001276
-0.001019
-0.001934
-0.001774
-0.001572
-0.001883
-0.001958
-0.003913
-0.008033
-0.012009
-0.015594
-0.01959
-0.024577
-0.03033
-0.035797
-0.040705
-0.044383
-0.046304
-0.046624
-0.04542
-0.043857
-0.043084
-0.043401
-0.044937
-0.047888
-0.051982
-0.057135
-0.063781
-0.071761
-0.078618
-0.083139
-0.08541
-0.086003
-0.086196
-0.085963
-0.085969
-0.084988
-0.08224
-0.079163
-0.076992
-0.075515
-0.073803
-0.072618
-0.072586
-0.072508
-0.071694
-0.069419
-0.066227
-0.062065
-0.057589
-0.054116
-0.05288
-0.054461
-0.056807
-0.059703
-0.062277
-0.064894
-0.068635
-0.073325
-0.077481
-0.079949
-0.080234
-0.079412
-0.079041
-0.079649
-0.08099
-0.082721
-0.084577
-0.087327
-0.090057
-0.0928
-0.095128
-0.095768
-0.093542
-0.089402
-0.085336
-0.080904
-0.076873
-0.073049
-0.068894
-0.063569
-0.057522
-0.052462
-0.048688
-0.045467
-0.042758
-0.040153
-0.037412
-0.033701
-0.028854
-0.02317
-0.01672
-0.009501
-0.00237
0.003289
0.007638
0.010831
0.012916
0.014324
0.014482
0.013705
0.012909
0.011523
0.009259
0.005826
0.000067
-0.007587
-0.016567
-0.026679
-0.03625
-0.044007
-0.049277
-0.052313
-0.053877
-0.054121
-0.052788
-0.049544
-0.044088
-0.036611
-0.028876
-0.022102
-0.016432
-0.011959
-0.008037
-0.004574
-0.001957
0.00024
0.002796
0.006546
0.011196
0.015428
0.018631
0.021114
0.023396
0.026471
0.029932
0.032025
0.032268
0.03169
0.030838
0.029506
0.028084
0.027111
0.027338
0.029735
0.034214
0.039825
0.045583
0.050861
0.055907
0.060317
0.063532
0.065465
0.065672
0.064992
0.065506
0.067125
0.068642
0.069407
0.069548
0.070039
0.071813
0.074081
0.075774
0.076732
0.078095
0.080382
0.082355
0.083189
0.08378
0.084799
0.086417
0.088478
0.090088
0.09139
0.092549
0.092295
0.090343
0.087236
0.083299
0.079067
0.074499
0.069754
0.064753
0.059531
0.055572
0.053028
0.050491
0.047428
0.043866
0.040233
0.036505
0.032334
0.027947
0.021932
0.013993
0.005165
-0.004156
-0.013501
-0.021328
-0.02733
-0.031972
-0.036276
-0.040803
-0.044031
-0.044539
-0.041697
-0.036877
-0.032454
-0.028157
-0.022873
-0.016609
-0.010697
-0.005894
-0.001974
0.001523
0.004193
0.006372
0.007345
0.006392
0.004857
0.00407
0.002843
0.000502
-0.001368
-0.001118
0.000741
0.00247
0.002629
0.001505
0.00115
0.001825
0.002552
0.002594
0.001214
-0.001728
-0.004634
-0.005638
-0.005561
-0.006966
-0.009715
-0.01322
-0.017039
-0.02168
-0.027462
-0.033733
-0.039391
-0.044367
-0.049005
-0.05385
-0.058935
-0.063592
-0.06698
-0.068699
-0.069432
-0.070461
-0.072909
-0.076695
-0.08111
-0.085053
-0.088214
-0.091216
-0.094519
-0.097507
-0.099596
-0.100536
-0.100056
-0.098237
-0.095587
-0.09264
-0.089756
-0.087038
-0.084326
-0.081382
-0.078486
-0.075847
-0.073574
-0.071174
-0.068094
-0.064293
-0.060332
-0.056513
-0.052454
-0.048773
-0.046278
-0.045199
-0.0458
-0.047447
-0.048907
-0.049801
-0.051436
-0.053867
-0.055998
-0.056642
-0.055798
-0.053584
-0.049558
-0.044092
-0.038421
-0.032364
-0.025489
-0.018617
-0.011979
-0.005446
0.000582
0.006444
0.012488
0.017922
0.023503
0.029469
0.034938
0.040301
0.044644
0.048385
0.051358
0.052681
0.05264
0.051189
0.048558
0.045943
0.043013
0.039468
0.036716
0.03473
0.033331
0.032539
0.03199
0.030909
0.029307
0.028499
0.028823
0.030067
0.031617
0.033735
0.036817
0.039733
0.042588
0.04523
0.046742
0.046934
0.04562
0.043375
0.040687
0.037545
0.034042
0.030252
0.026007
0.021906
0.019356
0.01871
0.019635
0.020891
0.021628
0.021996
0.021638
0.020859
0.020957
0.022405
0.024697
0.027068
0.029417
0.032763
0.037719
0.044381
0.052406
0.061008
0.069327
0.07639
0.081622
0.084804
0.086379
0.08707
0.086818
0.085169
0.082859
0.080391
0.077377
0.074742
0.073372
0.072365
0.070654
0.068176
0.065641
0.062579
0.058962
0.055941
0.053668
0.052203
0.051654
0.051794
0.052388
0.053312
0.055158
0.057578
0.059578
0.061526
0.063186
0.063927
0.063812
0.063879
0.064955
0.066907
0.069353
0.071951
0.074618
0.077456
0.080423
0.083269
0.08581
0.08729
0.086397
0.082795
0.077269
0.070315
0.061591
0.051666
0.042541
0.036035
0.03133
0.026976
0.023388
0.0213
0.020666
0.020311
0.019364
0.017588
0.015564
0.013541
0.011023
0.007194
0.001642
-0.004761
-0.011767
-0.018672
-0.024602
-0.029619
-0.033402
-0.035574
-0.037265
-0.03854
-0.038426
-0.037394
-0.035819
-0.033451
-0.030812
-0.028168
-0.025539
-0.0232
-0.021024
-0.019196
-0.017594
-0.015741
-0.013623
-0.01101
-0.00769
-0.004159
-0.000984
0.00191
0.004552
0.007207
0.01063
0.014186
0.016675
0.019086
0.021728
0.023812
0.025145
0.025815
0.026185
0.02645
0.026759
0.02708
0.027435
0.02777
0.028121
0.028424
0.028687
0.028998
0.030047
0.032025
0.034485
0.036858
0.038805
0.040061
0.041669
0.043983
0.046224
0.04752
0.04839
0.047881
0.043998
0.038995
0.034391
0.030225
0.026622
0.02244
0.0172
0.011382
0.00589
0.000533
-0.003727
-0.007299
-0.010229
-0.011907
-0.013486
-0.016032
-0.019004
-0.022096
-0.024994
-0.027803
-0.03049
-0.033064
-0.036179
-0.039072
-0.040979
-0.041167
-0.040264
-0.038413
-0.036876
-0.035644
-0.033726
-0.031205
-0.029022
-0.028071
-0.028221
-0.029424
-0.031114
-0.032492
-0.033962
-0.03579
-0.037636
-0.039685
-0.042011
-0.043621
-0.043939
-0.043564
-0.04312
-0.041907
-0.039418
-0.035833
-0.031418
-0.02705
-0.023657
-0.02156
-0.020531
-0.020703
-0.021631
-0.022603
-0.023917
-0.026482
-0.029923
-0.033068
-0.035444
-0.036949
-0.037254
-0.03611
-0.033408
-0.029624
-0.026063
-0.02288
-0.019692
-0.016415
-0.013816
-0.011693
-0.010022
-0.008375
-0.006823
-0.004621
-0.002108
-0.00004
0.002011
0.002766
0.002502
0.002644
0.002701
0.001274
-0.000708
-0.002646
-0.004013
-0.004625
-0.005677
-0.007089
-0.008487
-0.010098
-0.011689
-0.013901
-0.016999
-0.01994
-0.02236
-0.024902
-0.02752
-0.03025
-0.033168
-0.035326
-0.036013
-0.03582
-0.035433
-0.034625
-0.033501
-0.032929
-0.033389
-0.034262
-0.034452
-0.034747
-0.035808
-0.037895
-0.040822
-0.043362
-0.044795
-0.045843
-0.046776
-0.048112
-0.050315
-0.053183
-0.056194
-0.058933
-0.060004
-0.060078
-0.060957
-0.062177
-0.062728
-0.06165
-0.058797
-0.055928
-0.053939
-0.051942
-0.049986
-0.048061
-0.046962
-0.046529
-0.047044
-0.04869
-0.0506
-0.052407
-0.053566
-0.053552
-0.052968
-0.053008
-0.053492
-0.053858
-0.053797
-0.053801
-0.054806
-0.057469
-0.060953
-0.063583
-0.065002
-0.064854
-0.063491
-0.061157
-0.056928
-0.051984
-0.046151
-0.039223
-0.031782
-0.023903
-0.016569
-0.011193
-0.008361
-0.007302
-0.007016
-0.006797
-0.006585
-0.006498
-0.006895
-0.007962
-0.009093
-0.009539
-0.009056
-0.007427
-0.005042
-0.003091
-0.002129
-0.000864
0.000475
0.000992
0.001348
0.001722
0.000958
-0.000596
-0.002373
-0.004448
-0.00734
-0.010263
-0.011902
-0.013051
-0.014544
-0.015814
-0.016766
-0.017083
-0.016331
-0.014917
-0.013177
-0.010633
-0.00682
-0.001711
0.003621
0.008255
0.012228
0.016201
0.019217
0.021696
0.023838
0.025754
0.027352
0.028134
0.028435
0.029414
0.031774
0.034533
0.036686
0.038567
0.041109
0.044775
0.049249
0.053839
0.057644
0.059944
0.060932
0.060807
0.059703
0.057374
0.053949
0.049857
0.045417
0.040546
0.035864
0.032303
0.029488
0.026344
0.022251
0.016974
0.011742
0.007633
0.004641
0.002773
0.001938
0.001499
0.001021
-0.000427
-0.002458
-0.004652
-0.006642
-0.008057
-0.009574
-0.011971
-0.014588
-0.016398
-0.017048
-0.017304
-0.016981
-0.015599
-0.012999
-0.009029
-0.003672
0.002258
0.007923
0.012878
0.016286
0.01845
0.020414
0.021879
0.021945
0.020616
0.018489
0.01671
0.015897
0.015958
0.016422
0.016916
0.017227
0.017431
0.017802
0.018052
0.016904
0.014438
0.01082
0.007057
0.003577
-0.000497
-0.005094
-0.009804
-0.013148
-0.01368
-0.012149
-0.009766
-0.007757
-0.005958
-0.00424
-0.002885
-0.001095
0.001731
0.004604
0.007211
0.01066
0.014859
0.018886
0.022386
0.024714
0.025682
0.025806
0.025626
0.024264
0.021742
0.018279
0.014571
0.011364
0.008903
0.007534
0.007012
0.007043
0.00728
0.008078
0.009507
0.010914
0.011618
0.011625
0.011569
0.012226
0.013175
0.013482
0.013134
0.012995
0.013473
0.014663
0.015977
0.017159
0.018776
0.020855
0.022441
0.022896
0.022319
0.021155
0.019716
0.017566
0.01409
0.01055
0.008188
0.00662
0.005318
0.003557
0.001347
-0.000668
-0.002242
-0.003427
-0.004485
-0.005554
-0.00664
-0.007619
-0.008435
-0.009023
-0.009364
-0.009432
-0.009258
-0.008875
-0.008387
-0.008284
-0.008246
-0.007769
-0.007755
-0.008466
-0.008816
-0.008488
-0.008258
-0.00854
-0.009284
-0.009601
-0.009343
-0.009739
-0.011134
-0.013833
-0.017145
-0.019539
-0.020764
-0.022694
-0.025564
-0.027836
-0.029846
-0.032175
-0.035076
-0.038195
-0.042012
-0.045404
-0.048572
-0.051185
-0.05246
-0.052576
-0.051412
-0.048872
-0.04607
-0.042446
-0.038091
-0.033163
-0.028192
-0.023264
-0.018644
-0.014261
-0.01061
-0.008637
-0.007949
-0.0079
-0.007801
-0.007448
-0.006748
-0.00588
-0.004877
-0.003685
-0.002123
-0.000471
0.00161
0.003437
0.003492
0.001136
-0.00217
-0.005309
-0.008573
-0.011423
-0.013714
-0.016124
-0.018043
-0.018684
-0.018734
-0.019375
-0.020164
-0.020669
-0.021524
-0.022732
-0.02373
-0.025053
-0.027187
-0.029155
-0.0302
-0.030294
-0.029851
-0.028075
-0.025272
-0.022322
-0.019413
-0.01715
-0.016087
-0.0161
-0.017449
-0.020167
-0.022943
-0.024677
-0.026853
-0.029355
-0.031457
-0.032185
-0.032228
-0.032194
-0.031377
-0.029697
-0.02686
-0.023674
-0.020522
-0.018051
-0.016321
-0.01448
-0.012144
-0.009826
-0.00769
-0.005813
-0.003975
-0.002409
-0.001293
-0.000554
-0.000365
-0.000373
-0.000216
-0.000291
-0.000489
-0.00118
-0.002162
-0.00277
-0.002692
-0.002222
-0.001673
-0.001942
-0.003587
-0.005525
-0.005032
-0.002685
-0.000749
-0.000087
0.001037
0.002967
0.005524
0.008863
0.012448
0.015341
0.01708
0.01813
0.018526
0.0178
0.016756
0.016454
0.01659
0.01641
0.015734
0.015037
0.015
0.014956
0.014409
0.014093
0.014428
0.015208
0.016347
0.017696
0.019116
0.02033
0.02199
0.024092
0.02556
0.026783
0.028112
0.029963
0.03285
0.036584
0.03978
0.041531
0.04209
0.04209
0.042052
0.042243
0.043097
0.044235
0.045395
0.046211
0.046538
0.047318
0.048866
0.050428
0.052118
0.053546
0.053926
0.053066
0.051321
0.049963
0.049187
0.048032
0.045666
0.042606
0.039711
0.036629
0.033049
0.029887
0.027592
0.02497
0.022091
0.020052
0.019132
0.01838
0.017825
0.017411
0.017478
0.017647
0.016853
0.017407
0.019727
0.02219
0.023739
0.024269
0.024225
0.024002
0.023699
0.023298
0.022767
0.022113
0.021312
0.020066
0.018814
0.018261
0.01844
0.019077
0.020028
0.021421
0.023055
0.024675
0.026169
0.027441
0.027729
0.026399
0.024136
0.021549
0.018933
0.017219
0.016683
0.016936
0.017345
0.018209
0.019541
0.021356
0.024094
0.027633
0.03198
0.035769
0.037544
0.038253
0.03849
0.038029
0.036379
0.034201
0.032737
0.031381
0.029689
0.027928
0.025576
0.022859
0.020766
0.019534
0.018384
0.016887
0.014825
0.012676
0.010548
0.008632
0.006936
0.005158
0.003448
0.002172
0.001029
0.000279
0.001043
0.003017
0.004813
0.005812
0.00557
0.004616
0.003362
0.00168
-0.000582
-0.002484
-0.003218
-0.003708
-0.004915
-0.005331
-0.003475
-0.00039
0.00296
0.006467
0.009983
0.013385
0.015888
0.017654
0.019153
0.020043
0.020289
0.02128
0.022971
0.024935
0.026826
0.028888
0.031369
0.033868
0.035573
0.036734
0.038217
0.039397
0.039885
0.040624
0.041399
0.041396
0.040584
0.039365
0.038195
0.037241
0.036438
0.036023
0.035943
0.035488
0.03464
0.033621
0.031312
0.027318
0.022702
0.018075
0.01361
0.009376
0.004773
-0.000733
-0.005879
-0.009792
-0.013625
-0.018012
-0.022066
-0.025415
-0.028669
-0.031606
-0.033721
-0.034898
-0.035483
-0.035741
-0.035766
-0.034185
-0.031557
-0.029576
-0.028072
-0.026265
-0.025329
-0.025718
-0.027235
-0.029368
-0.032084
-0.034766
-0.036872
-0.03881
-0.040342
-0.042145
-0.043631
-0.043828
-0.042801
-0.041148
-0.039162
-0.03646
-0.03256
-0.027766
-0.023308
-0.019581
-0.016119
-0.012521
-0.008941
-0.005827
-0.002874
-0.00013
0.001867
0.003897
0.006592
0.009134
0.010865
0.012774
0.015631
0.018954
0.02205
0.024695
0.026893
0.028346
0.029009
0.029038
0.028646
0.027909
0.02647
0.024242
0.021951
0.01966
0.018014
0.018081
0.019274
0.020878
0.021762
0.022024
0.022494
0.022998
0.02332
0.022611
0.021518
0.020778
0.020118
0.018628
0.016327
0.013503
0.01012
0.006386
0.002489
-0.000934
-0.003966
-0.007402
-0.010989
-0.014063
-0.01645
-0.018336
-0.019923
-0.021322
-0.022465
-0.023807
-0.024641
-0.024355
-0.023576
-0.022979
-0.022938
-0.024045
-0.025866
-0.027317
-0.028839
-0.030368
-0.031398
-0.032492
-0.034193
-0.035562
-0.035646
-0.034527
-0.032235
-0.029515
-0.026751
-0.023667
-0.021086
-0.018806
-0.016847
-0.015561
-0.015517
-0.016152
-0.017018
-0.017598
-0.017237
-0.016218
-0.014945
-0.013762
-0.012768
-0.012578
-0.012118
-0.010684
-0.008827
-0.006372
-0.003453
-0.000972
0.000609
0.002086
0.003685
0.005422
0.006276
0.005978
0.005272
0.004484
0.003248
0.001808
-0.000083
-0.002773
-0.005664
-0.007706
-0.008435
-0.008707
-0.008421
-0.008244
-0.008507
-0.008562
-0.007766
-0.006595
-0.006092
-0.006461
-0.007505
-0.008653
-0.009684
-0.01068
-0.012342
-0.014418
-0.016591
-0.018061
-0.01955
-0.020859
-0.02181
-0.022272
-0.02254
-0.022537
-0.022232
-0.022579
-0.022817
-0.022759
-0.023101
-0.02334
-0.023175
-0.023026
-0.022525
-0.021942
-0.02131
-0.020943
-0.021109
-0.021597
-0.022043
-0.022224
-0.021923
-0.020809
-0.01941
-0.01854
-0.018265
-0.018518
-0.019614
-0.021541
-0.023199
-0.023907
-0.023945
-0.024247
-0.024239
-0.023453
-0.021794
-0.019833
-0.018135
-0.01601
-0.013148
-0.010379
-0.007807
-0.005218
-0.003035
-0.001384
-0.000111
0.001132
0.002511
0.004447
0.006954
0.00913
0.010485
0.011502
0.012952
0.014525
0.015869
0.017069
0.017734
0.017539
0.016407
0.014683
0.013536
0.01286
0.011511
0.009302
0.006984
0.005329
0.005062
0.005665
0.006084
0.006223
0.006482
0.006392
0.005319
0.003514
0.001133
-0.001433
-0.003626
-0.00578
-0.00819
-0.010863
-0.01403
-0.01682
-0.018358
-0.018797
-0.018671
-0.018395
-0.018038
-0.017562
-0.016931
-0.016139
-0.015246
-0.013985
-0.012352
-0.010585
-0.008988
-0.008122
-0.0085
-0.009472
-0.010652
-0.012249
-0.013486
-0.013837
-0.013794
-0.013528
-0.012587
-0.011351
-0.01031
-0.010147
-0.010255
-0.010484
-0.011051
-0.012301
-0.01401
-0.016625
-0.019811
-0.022207
-0.023449
-0.024995
-0.027311
-0.029107
-0.029804
-0.029433
-0.028527
-0.026439
-0.024071
-0.022196
-0.020674
-0.019582
-0.018758
-0.018119
-0.01752
-0.016901
-0.016348
-0.015992
-0.015825
-0.016589
-0.018617
-0.020726
-0.02181
-0.021914
-0.021548
-0.0212
-0.020915
-0.020565
-0.019904
-0.018796
-0.016912
-0.015117
-0.013355
-0.011363
-0.009185
-0.007619
-0.006503
-0.005417
-0.004848
-0.005409
-0.007002
-0.007753
-0.007009
-0.00503
-0.002779
-0.000493
0.002559
0.006698
0.01117
0.014885
0.017605
0.020057
0.022581
0.025152
0.026342
0.025361
0.024174
0.023079
0.020911
0.018278
0.016322
0.015304
0.014907
0.014683
0.014447
0.014633
0.015911
0.018276
0.021169
0.023509
0.024518
0.024763
0.025434
0.026522
0.027108
0.026646
0.02537
0.023832
0.022479
0.021427
0.020583
0.019169
0.016163
0.013012
0.011491
0.010753
0.010407
0.009158
0.006653
0.004781
0.004828
0.005892
0.006387
0.005237
0.003411
0.001633
-0.000581
-0.002181
-0.003357
-0.004646
-0.005867
-0.008385
-0.011469
-0.013473
-0.014063
-0.015107
-0.016859
-0.01859
-0.020421
-0.022191
-0.023968
-0.025008
-0.025002
-0.024327
-0.023619
-0.023141
-0.022891
-0.022585
-0.022113
-0.0214
-0.020571
-0.019681
-0.01863
-0.016701
-0.013783
-0.010883
-0.008738
-0.006711
-0.004567
-0.002132
0.000164
0.001742
0.002838
0.004534
0.006996
0.009053
0.009961
0.009886
0.00934
0.008759
0.008289
0.007864
0.007626
0.007854
0.008388
0.008775
0.007937
0.005725
0.003427
0.001646
-0.000334
-0.003089
-0.006511
-0.010232
-0.013533
-0.016155
-0.01834
-0.020851
-0.023939
-0.026466
-0.028122
-0.028825
-0.029275
-0.029896
-0.030427
-0.030075
-0.028383
-0.026483
-0.025459
-0.025399
-0.025308
-0.024558
-0.024025
-0.024405
-0.025184
-0.025705
-0.025769
-0.025585
-0.02541
-0.025339
-0.025318
-0.025237
-0.025003
-0.024217
-0.022353
-0.019935
-0.018064
-0.017172
-0.016462
-0.015237
-0.013407
-0.011341
-0.010201
-0.009996
-0.009698
-0.008993
-0.007663
-0.005794
-0.003726
-0.001593
0.000184
0.001397
0.00226
0.003372
0.005448
0.008193
0.010338
0.011193
0.011015
0.010436
0.00991
0.009549
0.009169
0.008679
0.008097
0.00723
0.006088
0.005254
0.004785
0.00492
0.005397
0.005562
0.005268
0.004415
0.003195
0.002538
0.002506
0.002438
0.002075
0.00151
0.00095
0.000482
-0.000472
-0.002605
-0.004988
-0.006473
-0.006993
-0.007174
-0.008249
-0.010534
-0.012896
-0.014549
-0.016626
-0.019547
-0.022607
-0.024985
-0.027244
-0.02953
-0.032109
-0.034452
-0.035488
-0.035366
-0.03457
-0.033664
-0.032728
-0.031722
-0.030294
-0.028001
-0.025242
-0.02262
-0.019287
-0.015665
-0.012119
-0.008616
-0.00557
-0.002614
0.000993
0.005079
0.008761
0.0121
0.015826
0.018603
0.021391
0.024555
0.027735
0.030416
0.031935
0.032584
0.032781
0.032977
0.033254
0.033595
0.033899
0.034121
0.033711
0.032234
0.030262
0.028833
0.027805
0.026257
0.024184
0.021996
0.019645
0.017453
0.01611
0.01582
0.015887
0.015519
0.014916
0.014668
0.014793
0.015033
0.015207
0.015722
0.016197
0.016059
0.01531
0.01445
0.014487
0.015797
0.017306
0.018041
0.0186
0.019235
0.019461
0.019239
0.017859
0.016451
0.015664
0.014295
0.010912
0.006361
0.002275
-0.000521
-0.002372
-0.003807
-0.004639
-0.004942
-0.004882
-0.004691
-0.004387
-0.003213
-0.000897
0.001338
0.00265
0.003034
0.003099
0.003347
0.004549
0.007196
0.010129
0.012229
0.013495
0.013574
0.013184
0.013799
0.015729
0.017601
0.018406
0.018177
0.017783
0.018304
0.019586
0.020711
0.022879
0.025587
0.027384
0.027273
0.026701
0.02689
0.027434
0.027318
0.026919
0.027048
0.026907
0.025772
0.024858
0.025363
0.027653
0.031182
0.033284
0.033237
0.033089
0.033996
0.035193
0.035742
0.035033
0.033046
0.030415
0.027744
0.025667
0.024495
0.02355
0.02147
0.018898
0.017689
0.017117
0.016384
0.015491
0.01454
0.013651
0.012847
0.012067
0.011352
0.010673
0.0101
0.010205
0.01096
0.012002
0.012991
0.013334
0.012968
0.012087
0.011041
0.009947
0.008605
0.006572
0.004073
0.001379
-0.001067
-0.003491
-0.006131
-0.008917
-0.01103
-0.012251
-0.013334
-0.014554
-0.015508
-0.017548
-0.019559
-0.021687
-0.023929
-0.02528
-0.026423
-0.029282
-0.032243
-0.032997
-0.032241
-0.031666
-0.032181
-0.03293
-0.032753
-0.031681
-0.030808
-0.02992
-0.028815
-0.028114
-0.027878
-0.027549
-0.026685
-0.024947
-0.023036
-0.021343
-0.01908
-0.017265
-0.017007
-0.016582
-0.014633
-0.011192
-0.007733
-0.004733
-0.001088
0.0026
0.005725
0.008774
0.011881
0.01526
0.018169
0.020464
0.021641
0.021982
0.021952
0.021484
0.020375
0.019235
0.018395
0.017446
0.01599
0.013738
0.011586
0.010283
0.009206
0.008092
0.006977
0.005856
0.00462
0.003274
0.001808
0.000337
-0.001075
-0.002352
-0.003578
-0.004728
-0.005811
-0.00673
-0.007783
-0.009262
-0.010773
-0.011648
-0.011689
-0.011288
-0.011834
-0.012499
-0.012576
-0.012738
-0.01283
-0.011804
-0.010064
-0.008457
-0.007295
-0.006201
-0.006028
-0.005634
-0.004783
-0.003781
-0.003248
-0.00344
-0.003642
-0.004147
-0.004588
-0.004487
-0.003859
-0.00303
-0.002265
-0.001652
-0.001102
-0.00055
-0.000016
0.000495
0.00094
0.001344
0.001681
0.002013
0.002384
0.004205
0.00698
0.009753
0.011932
0.013743
0.015418
0.017196
0.019021
0.019453
0.020155
0.020936
0.020084
0.018226
0.016591
0.015638
0.014575
0.012515
0.010058
0.008304
0.006473
0.003718
0.000493
-0.002087
-0.00386
-0.005694
-0.007509
-0.008807
-0.009423
-0.010186
-0.011323
-0.012825
-0.013709
-0.013874
-0.014036
-0.014141
-0.01411
-0.013383
-0.011485
-0.008085
-0.003709
0.00014
0.002287
0.003385
0.00398
0.004557
0.005369
0.005964
0.005281
0.003352
0.000096
-0.004281
-0.008181
-0.011031
-0.012957
-0.014054
-0.015183
-0.017077
-0.019053
-0.020032
-0.019964
-0.019903
-0.020427
-0.021027
-0.021362
-0.021226
-0.021309
-0.021642
-0.022105
-0.0211
-0.018699
-0.015722
-0.012557
-0.009774
-0.006664
-0.002583
0.001535
0.005348
0.009295
0.013423
0.017545
0.020861
0.024243
0.028344
0.032528
0.036576
0.040302
0.044524
0.04762
0.049317
0.051017
0.053246
0.05445
0.053944
0.052003
0.050324
0.049993
0.050188
0.049608
0.048241
0.047264
0.047211
0.046642
0.045118
0.04371
0.042604
0.041797
0.040747
0.038947
0.037054
0.035074
0.032508
0.030629
0.029253
0.028116
0.027185
0.025856
0.024247
0.022825
0.021217
0.020096
0.019205
0.016743
0.012843
0.009925
0.008478
0.006639
0.004231
0.002356
0.001343
0.001045
0.001018
0.001336
0.002146
0.002777
0.002612
0.002209
0.00161
0.001359
0.001759
0.001714
0.000884
0.000302
0.000288
0.000823
0.001368
0.001957
0.002041
0.001608
0.001476
0.002356
0.003822
0.004953
0.005294
0.004657
0.004223
0.003968
0.003559
0.002658
0.00144
0.000665
-0.000288
-0.000549
-0.000545
-0.000836
-0.001557
-0.001874
-0.001002
0.000446
0.002416
0.00447
0.005994
0.006858
0.008456
0.01095
0.013034
0.014053
0.014683
0.016097
0.018195
0.02001
0.021005
0.021325
0.021002
0.020095
0.019514
0.019994
0.020891
0.021267
0.020937
0.020202
0.018954
0.016684
0.014387
0.013447
0.014815
0.017133
0.018439
0.018516
0.018544
0.018987
0.019426
0.019787
0.020171
0.01932
0.017382
0.016481
0.0168
0.017377
0.017496
0.017124
0.016544
0.016092
0.015858
0.01577
0.015654
0.015421
0.015569
0.016054
0.016177
0.015769
0.016052
0.016745
0.016915
0.016471
0.015255
0.013941
0.013028
0.01271
0.012226
0.011654
0.011928
0.013207
0.014447
0.015011
0.014883
0.014253
0.013055
0.011578
0.010144
0.00952
0.00944
0.009018
0.007396
0.005169
0.003213
0.001636
0.000941
0.000623
-0.000703
-0.001682
-0.00238
-0.003149
-0.005141
-0.007869
-0.010296
-0.012717
-0.015338
-0.017678
-0.019531
-0.020288
-0.019699
-0.019094
-0.018754
-0.01807
-0.016986
-0.015461
-0.01359
-0.012073
-0.011302
-0.010854
-0.009688
-0.007674
-0.005506
-0.003817
-0.003268
-0.00343
-0.003304
-0.002592
-0.001545
-0.000597
0.000005
0.000243
0.000259
0.000209
0.00019
0.000237
0.000396
0.001351
0.002242
0.002276
0.003178
0.004717
0.005566
0.005594
0.00578
0.006508
0.00716
0.007299
0.006468
0.004445
0.002039
0.000478
0.000089
0.000406
0.000788
0.000919
0.000817
0.000654
0.000477
0.000292
0.000072
-0.00004
0.000453
0.001335
0.002415
0.003352
0.003843
0.005186
0.006982
0.008003
0.007954
0.007188
0.005463
0.003373
0.001857
0.001562
0.002125
0.001892
0.000588
-0.000758
-0.001795
-0.002527
-0.002735
-0.002492
-0.002157
-0.002169
-0.003378
-0.005859
-0.008293
-0.010341
-0.012022
-0.013798
-0.016466
-0.019102
-0.020502
-0.020279
-0.018423
-0.016042
-0.014514
-0.013318
-0.011693
-0.009818
-0.007882
-0.006445
-0.005895
-0.006042
-0.006712
-0.007585
-0.007802
-0.007092
-0.005786
-0.004636
-0.003911
-0.003105
-0.002341
-0.00191
-0.001526
-0.000706
0.000435
0.001696
0.00255
0.002652
0.002255
0.001746
0.001073
-0.000369
-0.002546
-0.004777
-0.007071
-0.009412
-0.011193
-0.012413
-0.013676
-0.014879
-0.015595
-0.015752
-0.015545
-0.015175
-0.014514
-0.013364
-0.012224
-0.011367
-0.010539
-0.010064
-0.010243
-0.010521
-0.010329
-0.00999
-0.010339
-0.011631
-0.013074
-0.01422
-0.015327
-0.015948
-0.015861
-0.015763
-0.015616
-0.015424
-0.01545
-0.015641
-0.015887
-0.016496
-0.017573
-0.018057
-0.01744
-0.016521
-0.016132
-0.016819
-0.018415
-0.019898
-0.020674
-0.020858
-0.021282
-0.022295
-0.023752
-0.025168
-0.025833
-0.025159
-0.0239
-0.02375
-0.024816
-0.025475
-0.024863
-0.023662
-0.022784
-0.022548
-0.022757
-0.023045
-0.023181
-0.023132
-0.022977
-0.022389
-0.02124
-0.019735
-0.018217
-0.017222
-0.016828
-0.016752
-0.016073
-0.014164
-0.011943
-0.011652
-0.012278
-0.011963
-0.011626
-0.011828
-0.013044
-0.013948
-0.014473
-0.015174
-0.015766
-0.01626
-0.016564
-0.017445
-0.01811
-0.018639
-0.019868
-0.020978
-0.020768
-0.019568
-0.018532
-0.018242
-0.019154
-0.020452
-0.021154
-0.021074
-0.020619
-0.020496
-0.021249
-0.022571
-0.024055
-0.025033
-0.025209
-0.0249
-0.024608
-0.024555
-0.024711
-0.024854
-0.024867
-0.024675
-0.024366
-0.023941
-0.023435
-0.022216
-0.019925
-0.017414
-0.016851
-0.017144
-0.017167
-0.016343
-0.015441
-0.015311
-0.015418
-0.015528
-0.014619
-0.013107
-0.011932
-0.012693
-0.01396
-0.013533
-0.011941
-0.010503
-0.009781
-0.009148
-0.00867
-0.00917
-0.010271
-0.011085
-0.011345
-0.011553
-0.012342
-0.01338
-0.014064
-0.014624
-0.015502
-0.016386
-0.016877
-0.01657
-0.015919
-0.015444
-0.014908
-0.014412
-0.013483
-0.012113
-0.009889
-0.007206
-0.005431
-0.004907
-0.005211
-0.005199
-0.005349
-0.006824
-0.008863
-0.010363
-0.011103
-0.012004
-0.013884
-0.015076
-0.015462
-0.015447
-0.014535
-0.013758
-0.01348
-0.012924
-0.011994
-0.010287
-0.00836
-0.007286
-0.007117
-0.007435
-0.00769
-0.007351
-0.006197
-0.004969
-0.004241
-0.00409
-0.004176
-0.004266
-0.004213
-0.004151
-0.003578
-0.003178
-0.003069
-0.003435
-0.004366
-0.004531
-0.003868
-0.003915
-0.004226
-0.004096
-0.003172
-0.001835
-0.001094
-0.000933
-0.001103
-0.00121
-0.000864
0.000807
0.002398
0.003076
0.003606
0.004136
0.004472
0.004568
0.004488
0.00432
0.0041
0.003844
0.003538
0.003206
0.002871
0.002576
0.001835
0.001221
0.001338
0.000644
-0.00118
-0.002835
-0.003627
-0.004464
-0.0056
-0.006547
-0.007918
-0.009482
-0.009832
-0.009092
-0.008416
-0.008258
-0.008529
-0.008869
-0.009143
-0.009287
-0.009228
-0.008612
-0.007976
-0.008215
-0.009643
-0.011394
-0.012851
-0.014463
-0.01683
-0.019472
-0.0218
-0.024022
-0.026108
-0.027941
-0.02956
-0.030625
-0.031638
-0.032708
-0.03275
-0.031585
-0.030173
-0.029111
-0.028505
-0.028085
-0.027642
-0.027026
-0.026431
-0.025957
-0.026395
-0.027352
-0.027984
-0.027959
-0.028874
-0.030547
-0.031464
-0.031365
-0.031008
-0.030278
-0.029171
-0.028268
-0.02754
-0.026391
-0.024841
-0.023087
-0.021563
-0.020779
-0.02019
-0.018824
-0.016513
-0.014363
-0.013082
-0.012589
-0.012336
-0.011879
-0.010747
-0.008926
-0.00716
-0.006484
-0.006533
-0.00618
-0.005257
-0.004188
-0.003359
-0.002912
-0.002712
-0.002034
-0.001415
-0.001089
-0.001224
-0.002055
-0.002423
-0.003145
-0.004101
-0.005018
-0.005966
-0.006543
-0.006644
-0.006397
-0.006075
-0.005787
-0.005495
-0.005822
-0.005927
-0.005238
-0.00447
-0.003295
-0.00211
-0.001324
-0.000304
0.001341
0.002438
0.003129
0.003949
0.00523
0.006606
0.007385
0.007573
0.00774
0.00847
0.009057
0.008605
0.007511
0.006318
0.004737
0.002805
0.001286
0.000632
0.000246
-0.000033
-0.000219
-0.000662
-0.001112
-0.001242
-0.000992
-0.000149
0.000729
0.000459
0.000552
0.001983
0.003701
0.004786
0.004577
0.003529
0.003312
0.004333
0.006185
0.007543
0.008167
0.009214
0.010587
0.011044
0.010277
0.009781
0.009586
0.009665
0.010097
0.010258
0.009365
0.0076
0.006042
0.004558
0.003192
0.00173
0.000963
-0.000222
-0.002051
-0.003266
-0.004301
-0.005803
-0.007211
-0.007725
-0.00749
-0.006885
-0.006267
-0.005669
-0.005077
-0.004441
-0.00376
-0.003047
-0.002363
-0.001753
-0.00056
0.001015
0.001511
0.001019
0.000598
0.001493
0.004067
0.006208
0.007607
0.008892
0.009893
0.011448
0.012699
0.013135
0.013955
0.01595
0.018109
0.019318
0.019557
0.020056
0.021143
0.022339
0.023914
0.025447
0.026342
0.02662
0.026621
0.026588
0.026591
0.026539
0.026404
0.026076
0.0253
0.023193
0.020441
0.017958
0.016158
0.01479
0.013676
0.013045
0.012721
0.012349
0.01125
0.009885
0.009012
0.008809
0.009164
0.010223
0.011442
0.012332
0.013285
0.01402
0.015323
0.016576
0.016937
0.017113
0.017936
0.01929
0.020214
0.020425
0.019661
0.019085
0.018785
0.01902
0.019319
0.019536
0.019343
0.018734
0.018307
0.017862
0.016936
0.015752
0.014501
0.012909
0.011355
0.009996
0.008538
0.00733
0.006472
0.005232
0.003528
0.002301
0.002131
0.002775
0.003678
0.004465
0.005344
0.006472
0.00714
0.007269
0.007359
0.007631
0.00811
0.008675
0.009145
0.009438
0.009663
0.00994
0.010618
0.012328
0.014895
0.017191
0.018532
0.019138
0.019585
0.020216
0.02099
0.021713
0.02222
0.022505
0.02266
0.022822
0.023078
0.023472
0.024
0.024925
0.026498
0.028203
0.029684
0.031224
0.033135
0.035721
0.037991
0.038972
0.038803
0.038125
0.037477
0.037049
0.037008
0.037224
0.036805
0.035424
0.033689
0.032518
0.031672
0.030531
0.028873
0.027146
0.025901
0.024832
0.023762
0.023214
0.023191
0.023233
0.023213
0.023485
0.024549
0.026196
0.028072
0.029533
0.030232
0.030828
0.031834
0.03284
0.03379
0.034388
0.034576
0.034907
0.035409
0.036245
0.037017
0.037078
0.037084
0.03764
0.03833
0.039023
0.039727
0.04002
0.039719
0.039025
0.038269
0.037046
0.0354
0.034042
0.033248
0.032899
0.032707
0.03303
0.03328
0.033578
0.034119
0.033714
0.03327
0.03277
0.032616
0.03306
0.032519
0.031792
0.031534
0.031385
0.030404
0.028799
0.027012
0.025899
0.025105
0.023521
0.021766
0.02054
0.020042
0.019826
0.019224
0.017022
0.013989
0.011172
0.009239
0.008426
0.008195
0.008043
0.007962
0.008324
0.008816
0.009005
0.008865
0.00858
0.008283
0.007987
0.007699
0.007358
0.00598
0.003256
0.000126
-0.002509
-0.004089
-0.005198
-0.006922
-0.009198
-0.011451
-0.013742
-0.015767
-0.016964
-0.017279
-0.017211
-0.017704
-0.018877
-0.019853
-0.020172
-0.019236
-0.017497
-0.015979
-0.015747
-0.016434
-0.01689
-0.015824
-0.013627
-0.010961
-0.009241
-0.008257
-0.006366
-0.004653
-0.003022
-0.00051
0.002923
0.006095
0.008705
0.011236
0.012767
0.013682
0.014686
0.016292
0.018568
0.020229
0.020333
0.020028
0.020237
0.020859
0.021845
0.022155
0.021916
0.022115
0.022643
0.022625
0.021553
0.020019
0.018851
0.0182
0.017848
0.017458
0.016916
0.016256
0.015946
0.015886
0.01579
0.015347
0.014251
0.01287
0.011232
0.009301
0.007602
0.006834
0.006623
0.006396
0.006325
0.006287
0.006757
0.007732
0.008497
0.008708
0.008506
0.00868
0.009298
0.009592
0.009241
0.008882
0.008832
0.007929
0.006953
0.006591
0.006405
0.005447
0.003181
0.001452
0.001052
0.000399
-0.000988
-0.002493
-0.003922
-0.005657
-0.007439
-0.008763
-0.010263
-0.012367
-0.014304
-0.015499
-0.016553
-0.017521
-0.018142
-0.018547
-0.019323
-0.020201
-0.020566
-0.02031
-0.019305
-0.017534
-0.015649
-0.014299
-0.013481
-0.01295
-0.012469
-0.012025
-0.011694
-0.011572
-0.011638
-0.011832
-0.012426
-0.013387
-0.013607
-0.01297
-0.012285
-0.011326
-0.010118
-0.008856
-0.007264
-0.005652
-0.004903
-0.005098
-0.005347
-0.005216
-0.004689
-0.004605
-0.004459
-0.003617
-0.001795
-0.000034
0.000788
0.001182
0.002779
0.005083
0.007002
0.008908
0.009857
0.009464
0.009052
0.008808
0.00826
0.007726
0.006794
0.006113
0.005052
0.003321
0.001864
0.001125
0.000979
0.001037
0.000993
0.000798
0.000576
0.000445
0.000484
0.001079
0.002713
0.004809
0.006678
0.008442
0.009999
0.011219
0.011729
0.011171
0.010922
0.011378
0.01153
0.010595
0.008712
0.006929
0.005843
0.005318
0.004036
0.001442
-0.00127
-0.003072
-0.004409
-0.005921
-0.007478
-0.009648
-0.012598
-0.014271
-0.01358
-0.01154
-0.00957
-0.008617
-0.008612
-0.008888
-0.008933
-0.008218
-0.006853
-0.005703
-0.005263
-0.005007
-0.004787
-0.004603
-0.003995
-0.003106
-0.002324
-0.001813
-0.00151
-0.001324
-0.000781
-0.000222
-0.000054
0.000037
0.000094
0.000355
0.000953
0.001038
0.000609
0.000122
-0.000031
0.000537
0.001393
0.001981
0.002145
0.002027
0.001782
0.001574
0.001438
0.001351
0.000889
0.000336
0.000398
0.000925
0.000946
0.00041
0.000183
0.00005
-0.000771
-0.002057
-0.003194
-0.003439
-0.002884
-0.003579
-0.005813
-0.007894
-0.009415
-0.01038
-0.010857
-0.011147
-0.011489
-0.01188
-0.012319
-0.012742
-0.01318
-0.013496
-0.013405
-0.012241
-0.011623
-0.011545
-0.010483
-0.008478
-0.006963
-0.005978
-0.004706
-0.004048
-0.003701
-0.003521
-0.0043
-0.005023
-0.004358
-0.003181
-0.004145
-0.00696
-0.008687
-0.010175
-0.012025
-0.013461
-0.014407
-0.015775
-0.018392
-0.020575
-0.022682
-0.024595
-0.026254
-0.028708
-0.031374
-0.03397
-0.036653
-0.039023
-0.040448
-0.041621
-0.042258
-0.041595
-0.040747
-0.040775
-0.04069
-0.040514
-0.040621
-0.040249
-0.038995
-0.037161
-0.035226
-0.033968
-0.033577
-0.033704
-0.033829
-0.033824
-0.033699
-0.033555
-0.032602
-0.031528
-0.031732
-0.032783
-0.033205
-0.032367
-0.031268
-0.031153
-0.031761
-0.032343
-0.032224
-0.031479
-0.031143
-0.031478
-0.031921
-0.032187
-0.032173
-0.032063
-0.031882
-0.031772
-0.03171
-0.031546
-0.030648
-0.029294
-0.027689
-0.02642
-0.025926
-0.026067
-0.026418
-0.026701
-0.026829
-0.026995
-0.027203
-0.027741
-0.029095
-0.031488
-0.033793
-0.036546
-0.038559
-0.039812
-0.040899
-0.042326
-0.043211
-0.043688
-0.044264
-0.04516
-0.045414
-0.045216
-0.045285
-0.045177
-0.04494
-0.045005
-0.044935
-0.044051
-0.042877
-0.041719
-0.041379
-0.041603
-0.042132
-0.042446
-0.042056
-0.040993
-0.039134
-0.036885
-0.035164
-0.034111
-0.03304
-0.031385
-0.029233
-0.026903
-0.025126
-0.023686
-0.022674
-0.022032
-0.021264
-0.02039
-0.019743
-0.018947
-0.018134
-0.017966
-0.018217
-0.018249
-0.018129
-0.018005
-0.01759
-0.017276
-0.017229
-0.016573
-0.015167
-0.014342
-0.014095
-0.013824
-0.013617
-0.013335
-0.01286
-0.011847
-0.01107
-0.010203
-0.008726
-0.007786
-0.007648
-0.007301
-0.007376
-0.008545
-0.009961
-0.010701
-0.010729
-0.010457
-0.010274
-0.010274
-0.011065
-0.01222
-0.012183
-0.011059
-0.010077
-0.00974
-0.010035
-0.010584
-0.011063
-0.01133
-0.011452
-0.011477
-0.0114
-0.011115
-0.009974
-0.008219
-0.00733
-0.007455
-0.007727
-0.007452
-0.006735
-0.005354
-0.004316
-0.003754
-0.003229
-0.003394
-0.004175
-0.003563
-0.001266
0.001151
0.002714
0.004497
0.006956
0.009075
0.010306
0.010743
0.010852
0.010948
0.011152
0.011374
0.011172
0.010422
0.009767
0.009674
0.010094
0.010285
0.009852
0.009283
0.009051
0.009218
0.009989
0.011677
0.013712
0.015087
0.015529
0.015494
0.015533
0.015891
0.016464
0.01705
0.017433
0.016971
0.015328
0.013601
0.012276
0.011098
0.009522
0.007553
0.00617
0.005837
0.005999
0.005796
0.005357
0.005446
0.006504
0.007554
0.007714
0.007677
0.007564
0.006853
0.005953
0.005505
0.005385
0.005021
0.004658
0.004772
0.005437
0.006639
0.0086
0.010445
0.010704
0.011187
0.013228
0.015194
0.01668
0.017732
0.018275
0.018682
0.019697
0.021234
0.023083
0.024666
0.025396
0.025466
0.02527
0.025087
0.024975
0.024168
0.022729
0.0209
0.019142
0.018251
0.017992
0.017324
0.01542
0.014107
0.013466
0.013022
0.012804
0.012737
0.012752
0.013388
0.014453
0.01525
0.014965
0.01445
0.014117
0.014259
0.014473
0.014121
0.013544
0.013043
0.012787
0.012687
0.012702
0.013175
0.013854
0.014028
0.013893
0.013881
0.013776
0.013744
0.014724
0.016536
0.018097
0.018786
0.019021
0.019299
0.019281
0.019016
0.018891
0.019001
0.019556
0.020685
0.021825
0.022601
0.023039
0.022914
0.023001
0.023866
0.024274
0.02374
0.022933
0.022336
0.02213
0.022293
0.022965
0.023155
0.022511
0.021699
0.021125
0.02091
0.02019
0.019682
0.019209
0.018368
0.017726
0.017391
0.017981
0.01839
0.018732
0.020078
0.02179
0.02299
0.024024
0.02567
0.026429
0.026107
0.025883
0.025916
0.026042
0.025471
0.024297
0.023281
0.022825
0.022798
0.022485
0.021538
0.02061
0.020631
0.021735
0.023023
0.024238
0.025806
0.027621
0.029341
0.030824
0.032005
0.032804
0.032887
0.032872
0.032948
0.032862
0.03246
0.031564
0.029988
0.028406
0.027389
0.026824
0.025794
0.024311
0.022503
0.02152
0.020845
0.019747
0.017998
0.016316
0.015534
0.014587
0.013105
0.011569
0.010489
0.009879
0.009576
0.009319
0.009022
0.008646
0.00824
0.007789
0.007367
0.006998
0.006748
0.006552
0.00637
0.006374
0.007072
0.007409
0.006926
0.007008
0.007752
0.008417
0.008599
0.008827
0.008766
0.008513
0.008035
0.006085
0.002948
0.001094
0.001361
0.00165
0.000976
-0.000115
-0.00136
-0.002527
-0.003308
-0.004188
-0.004652
-0.005126
-0.005861
-0.006466
-0.006749
-0.006787
-0.006792
-0.006897
-0.007141
-0.007434
-0.007655
-0.007827
-0.007971
-0.008103
-0.008193
-0.00829
-0.008381
-0.008449
-0.00788
-0.00637
-0.004952
-0.004021
-0.003255
-0.002392
-0.001592
-0.001525
-0.002507
-0.004064
-0.005201
-0.006539
-0.007223
-0.007719
-0.007804
-0.007839
-0.008402
-0.008942
-0.008564
-0.007851
-0.0082
-0.009417
-0.010182
-0.009783
-0.009281
-0.009451
-0.009959
-0.010504
-0.010208
-0.008755
-0.007188
-0.00632
-0.006139
-0.006228
-0.006168
-0.005632
-0.004141
-0.003649
-0.004859
-0.006397
-0.007414
-0.007699
-0.007682
-0.00766
-0.007796
-0.007976
-0.008114
-0.008141
-0.00814
-0.008191
-0.008403
-0.008788
-0.00931
-0.009894
-0.010531
-0.011178
-0.011787
-0.012287
-0.012658
-0.013197
-0.014545
-0.016576
-0.018193
-0.018777
-0.018628
-0.018392
-0.01867
-0.019863
-0.021439
-0.022923
-0.023319
-0.022752
-0.022658
-0.023245
-0.023839
-0.024041
-0.023827
-0.023402
-0.022377
-0.021767
-0.020866
-0.019038
-0.017388
-0.016436
-0.016176
-0.016667
-0.017128
-0.016601
-0.015601
-0.014759
-0.014886
-0.015931
-0.017059
-0.017568
-0.017505
-0.017428
-0.017989
-0.018747
-0.019095
-0.018877
-0.018363
-0.017837
-0.017672
-0.018359
-0.01928
-0.019039
-0.017975
-0.017067
-0.01677
-0.01686
-0.016883
-0.016566
-0.016027
-0.015367
-0.01468
-0.013968
-0.013273
-0.012566
-0.011892
-0.011233
-0.010605
-0.00946
-0.00834
-0.00801
-0.008121
-0.008122
-0.007782
-0.007206
-0.006209
-0.005219
-0.004559
-0.00429
-0.00418
-0.003612
-0.002362
-0.000671
0.000697
0.001398
0.001609
0.001762
0.002102
0.002666
0.003243
0.003695
0.003949
0.004082
0.004144
0.004213
0.00431
0.004467
0.004612
0.004767
0.00534
0.006065
0.00615
0.006275
0.007464
0.009456
0.010637
0.010701
0.010157
0.009705
0.009918
0.01046
0.010321
0.009206
0.007824
0.006496
0.005209
0.00386
0.002406
0.001336
0.000857
0.000821
0.000898
0.000948
0.000924
0.000968
0.001679
0.003039
0.00415
0.004655
0.004661
0.005107
0.00552
0.005949
0.006636
0.007752
0.008491
0.00884
0.009399
0.010032
0.010526
0.010814
0.011025
0.011283
0.011627
0.012538
0.013836
0.014136
0.013245
0.012161
0.011536
0.01145
0.011568
0.011656
0.011034
0.0098
0.0082
0.007281
0.007076
0.006894
0.006757
0.006689
0.006815
0.007637
0.009075
0.009801
0.01014
0.010798
0.011596
0.012272
0.012697
0.01347
0.014076
0.014418
0.014884
0.01519
0.015268
0.015124
0.014967
0.014875
0.015632
0.016827
0.016808
0.015615
0.015167
0.015656
0.016007
0.015168
0.013354
0.011202
0.009864
0.009087
0.008225
0.007252
0.005446
0.002853
0.000593
-0.000538
-0.001054
-0.001821
-0.002887
-0.004015
-0.005335
-0.0064
-0.006862
-0.006818
-0.006607
-0.00641
-0.00632
-0.006269
-0.006211
-0.006087
-0.00591
-0.005713
-0.005541
-0.004862
-0.003643
-0.002547
-0.001922
-0.001044
0.000847
0.002559
0.003682
0.004652
0.004865
0.005491
0.007153
0.008102
0.007793
0.007063
0.006551
0.006425
0.006564
0.006841
0.00769
0.008179
0.007183
0.006074
0.005175
0.004466
0.004196
0.004617
0.004672
0.00388
0.002932
0.002372
0.002338
0.002894
0.004105
0.005064
0.004877
0.004075
0.003794
0.00434
0.004994
0.005661
0.006173
0.005847
0.005108
0.004923
0.005345
0.005902
0.006748
0.008411
0.010463
0.011963
0.013112
0.014181
0.014852
0.015621
0.015931
0.015298
0.014317
0.013519
0.013031
0.012714
0.012383
0.011326
0.009826
0.008789
0.00771
0.00661
0.005904
0.005578
0.005409
0.00516
0.004677
0.004026
0.003292
0.00259
0.001912
0.001114
-0.000367
-0.002461
-0.00478
-0.006612
-0.007593
-0.008009
-0.008324
-0.008719
-0.010014
-0.011927
-0.013431
-0.014327
-0.014669
-0.015066
-0.016017
-0.017084
-0.018369
-0.019714
-0.020617
-0.020916
-0.020835
-0.020576
-0.020252
-0.01924
-0.017595
-0.015969
-0.014744
-0.013134
-0.011849
-0.010697
-0.009285
-0.008118
-0.007323
-0.006802
-0.006294
-0.005713
-0.004875
-0.0035
-0.002322
-0.001265
-0.000039
0.000964
0.00193
0.002944
0.003948
0.005172
0.00616
0.006788
0.007204
0.007224
0.007054
0.006792
0.006616
0.006471
0.006349
0.005647
0.004427
0.003298
0.002674
0.001891
0.000731
-0.000292
-0.000857
-0.001021
-0.000984
-0.000923
-0.000865
-0.000798
-0.00067
-0.000518
-0.000363
-0.000287
-0.000278
-0.000205
0.000337
0.000642
0.00092
0.001445
0.001849
0.002108
0.002259
0.002453
0.002684
0.002955
0.003419
0.004086
0.004453
0.004803
0.005165
0.00533
0.005369
0.005766
0.006699
0.007625
0.008099
0.008138
0.007959
0.007757
0.007553
0.007365
0.007609
0.008175
0.0079
0.007171
0.006288
0.005801
0.005653
0.005755
0.005759
0.004555
0.003447
0.002605
0.001741
0.001092
0.000601
0.000203
-0.000179
-0.000535
-0.001463
-0.003294
-0.005028
-0.005782
-0.005691
-0.005277
-0.005038
-0.005115
-0.005348
-0.005502
-0.005492
-0.005373
-0.005206
-0.004735
-0.003913
-0.003448
-0.003468
-0.003747
-0.004099
-0.003824
-0.003039
-0.002373
-0.002491
-0.00343
-0.00475
-0.005593
-0.005306
-0.004368
-0.00387
-0.004225
-0.004807
-0.004978
-0.004125
-0.002577
-0.001294
-0.000703
-0.000618
-0.000642
-0.000557
-0.000293
0.000523
0.001732
0.002028
0.001456
0.00089
0.000791
0.001119
0.001553
0.002459
0.003528
0.003469
0.002655
0.002561
0.003325
0.004363
0.005564
0.006184
0.006557
0.007051
0.007359
0.007408
0.007211
0.006877
0.006481
0.006111
0.00577
0.00547
0.005246
0.005123
0.004873
0.004458
0.004533
0.005084
0.005317
0.00492
0.004586
0.004555
0.00447
0.003799
0.002435
0.000743
-0.000856
-0.00182
-0.002065
-0.001921
-0.001757
-0.001699
-0.001406
-0.000997
-0.000711
-0.000319
0.000088
0.00037
0.000486
0.000864
0.00167
0.002494
0.002954
0.003089
0.003091
0.00357
0.00448
0.005232
0.005455
0.00521
0.004386
0.00368
0.003296
0.003294
0.003743
0.004184
0.004429
0.004435
0.004421
0.004415
0.004433
0.004422
0.004378
0.004205
0.003956
0.003607
0.00286
0.001801
0.001578
0.001627
0.001907
0.001923
0.001426
0.001018
0.000856
0.000885
0.0009
0.000838
0.000646
-0.000154
-0.001274
-0.002002
-0.002237
-0.002117
-0.001939
-0.001821
-0.001822
-0.002388
-0.003772
-0.005159
-0.005818
-0.005804
-0.005542
-0.00531
-0.005303
-0.005771
-0.006192
-0.005629
-0.004313
-0.003011
-0.002095
-0.001434
-0.000633
-0.000187
-0.000266
-0.000484
-0.000629
-0.000654
-0.000631
-0.000554
-0.000407
-0.000132
0.000301
0.000941
0.001926
0.002594
0.002677
0.002599
0.002737
0.00335
0.004186
0.004847
0.004933
0.004511
0.003483
0.002396
0.001911
0.002007
0.002358
0.002777
0.003166
0.003432
0.004058
0.004877
0.005376
0.005526
0.005499
0.005508
0.005614
0.005791
0.006116
0.006879
0.007761
0.007937
0.007557
0.007367
0.007432
0.007489
0.007389
0.007138
0.006837
0.006562
0.006356
0.006377
0.006728
0.007291
0.007843
0.008056
0.007811
0.007273
0.006646
0.006044
0.005448
0.00456
0.003267
0.001726
0.000195
-0.000967
-0.0017
-0.002177
-0.0026
-0.00304
-0.003478
-0.003854
-0.00416
-0.004418
-0.004689
-0.005007
-0.005398
-0.005829
-0.006289
-0.006795
-0.007802
-0.009399
-0.010889
-0.011746
-0.01201
-0.011795
-0.011528
-0.011665
-0.01201
-0.012187
-0.011875
-0.01133
-0.011078
-0.01115
-0.011594
-0.01196
-0.011903
-0.011949
-0.012279
-0.012345
-0.01221
-0.012201
-0.012424
-0.012713
-0.012427
-0.011567
-0.010357
-0.009213
-0.008474
-0.008141
-0.007728
-0.007329
-0.00693
-0.006675
-0.00671
-0.006803
-0.006787
-0.006649
-0.006182
-0.005883
-0.006318
-0.007327
-0.007939
-0.007771
-0.007619
-0.007726
-0.007917
-0.007983
-0.007866
-0.007583
-0.006947
-0.0062
-0.005979
-0.006167
-0.006372
-0.006392
-0.00628
-0.006223
-0.006459
-0.0066
-0.006486
-0.00629
-0.006107
-0.005947
-0.00578
-0.005583
-0.005358
-0.005113
-0.004794
-0.00445
-0.00442
-0.004698
-0.005033
-0.005283
-0.005436
-0.005623
-0.005904
-0.006117
-0.006285
-0.006408
-0.006442
-0.006428
-0.006568
-0.006798
-0.006862
-0.006807
-0.006771
-0.006808
-0.006896
-0.007099
-0.007236
-0.007126
-0.007068
-0.007197
-0.007377
-0.007659
-0.008026
-0.008308
-0.008467
-0.008546
-0.008604
-0.008638
-0.008791
-0.008863
-0.008841
-0.008585
-0.00809
-0.007848
-0.007695
-0.007465
-0.007258
-0.00713
-0.007069
-0.007045
-0.006991
-0.006883
-0.006714
-0.006483
-0.006205
-0.0059
-0.005583
-0.005279
-0.005003
-0.00478
-0.004585
-0.004361
-0.003958
-0.003724
-0.00367
-0.00357
-0.003421
-0.003266
-0.003097
-0.002688
-0.002162
-0.001769
-0.001587
-0.001535
-0.001457
-0.001239
-0.000978
-0.000799
-0.000704
-0.000551
-0.000261
0.000068
0.000331
0.000503
0.000615
0.0007
0.00077
0.000813
0.000816
0.000783
0.000818
0.000887
0.001086
0.001343
0.001495
0.001595
0.001707
0.001943
0.002088
0.002103
0.00212
0.002144
0.002155
0.002033
0.001837
0.00173
0.001871
0.002193
0.002502
0.002735
0.002992
0.003281
0.003495
0.003601
0.00361
0.003628
0.003644
0.003597
0.003486
0.003359
0.003279
0.003285
0.003397
0.003514
0.003605
0.003617
0.003515
0.003317
0.003075
0.002866
0.002683
0.00252
0.002363
0.002212
0.002053
0.001946
0.001929
0.001958
0.001944
0.001889
0.001812
0.001685
0.001518
0.001369
0.00123
0.001091
0.000933
0.000782
0.000728
0.000814
0.000964
0.001102
0.001181
0.001197
0.001149
0.001055
0.000917
0.000753
0.000544
0.000391
0.000278
0.00017
0.00011
0.000181
0.000299
0.000381
0.000433
0.000435
0.000382
0.000277
0.000134
-0.000028
-0.000186
-0.000318
-0.000427
-0.000494
-0.000471
-0.000385
-0.000293
-0.000216
-0.000209
-0.000254
-0.000326
-0.000425
-0.000537
-0.000646
-0.000736
-0.000787
-0.000783
-0.00072
-0.000603
-0.00045
-0.00027
-0.00009
0.000043
0.000108
0.000109
0.000083
0.000048
0.000009
-0.000019
-0.00001
0.000053
0.000176
0.000347
0.000543
0.000735
0.000899
0.001016
0.001076
0.001083
0.00105
0.001
0.000956
0.000944
0.000978
0.001065
0.00121
0.001401
0.001593
0.001757
0.001879
0.001945
0.001949
0.0019
0.001809
0.00171
0.00163
0.001584
0.001581
0.001625
0.001716
0.001834
0.001953
0.002042
0.002083
0.002063
0.001985
0.001862
0.001718
0.001577
0.001456
0.001369
0.001326
0.001331
0.00138
0.001444
0.001493
0.001504
0.00146
0.001363
0.001219
0.001037
0.000844
0.000662
0.000513
0.00041
0.000357
0.000348
0.000367
0.000386
0.000382
0.000333
0.000233
0.000078
-0.000122
-0.000346
-0.00057
-0.00077
-0.000925
-0.001026
-0.001074
-0.001081
-0.001064
-0.001049
-0.001058
-0.001112
-0.001214
-0.001363
-0.001544
-0.001735
-0.00191
-0.002046
-0.002128
-0.002151
-0.00212
-0.002051
-0.001966
-0.001889
-0.001843
-0.001841
-0.001886
-0.00197
-0.002074
-0.002175
-0.002249
-0.002277
-0.002246
-0.002155
-0.002015
-0.001846
-0.001671
-0.001515
-0.001396
-0.001324
-0.001298
-0.001305
-0.001325
-0.001335
-0.001311
-0.001237
-0.001105
-0.000921
-0.000699
-0.000462
-0.000235
-0.000041
0.000106
0.000198
0.000243
0.000256
0.000261
0.000281
0.000339
0.000446
0.000608
0.000814
0.001048
0.001285
0.001502
0.001678
0.001802
0.001874
0.001904
0.001912
0.001921
0.001954
0.002031
0.00216
0.002339
0.002553
0.002783
0.003002
0.003187
0.00332
0.003395
0.003414