-0.001688
-0.000956
-0.000467
-0.000137
0.000205
0.000772
0.001547
0.002389
0.003051
0.003461
0.003682
0.003952
0.004389
0.004991
0.005534
0.005849
0.005858
0.005731
0.005661
0.005804
0.006047
0.006207
0.006064
0.005646
0.005105
0.004549
0.004437
0.004298
0.004044
0.003531
0.002772
0.001987
0.001377
0.001011
0.000738
0.000344
-0.000297
-0.0011
-0.001847
-0.002345
-0.002575
-0.002713
-0.00297
-0.003435
-0.003988
-0.004425
-0.004575
-0.004501
-0.004389
-0.004464
-0.004739
-0.005091
-0.005246
-0.005107
-0.004732
-0.004364
-0.004179
-0.004176
-0.004212
-0.004026
-0.003575
-0.00294
-0.002378
-0.002017
-0.001857
-0.001651
-0.001264
-0.000615
0.000083
0.000637
0.000868
0.000923
0.000958
0.001219
0.001631
0.002066
0.002246
0.002149
0.001844
0.001638
0.001604
0.00177
0.001858
0.001722
0.001284
0.000764
0.000325
0.000205
0.000153
0.000113
-0.000255
-0.000765
-0.001393
-0.001731
-0.001895
-0.001821
-0.001955
-0.002221
-0.002772
-0.00317
-0.003409
-0.003224
-0.003033
-0.002858
-0.003012
-0.003193
-0.003412
-0.003229
-0.002908
-0.002397
-0.002158
-0.002033
-0.002111
-0.001913
-0.001568
-0.000835
-0.000276
0.000197
0.000323
0.000389
0.000637
0.00112
0.001817
0.002394
0.002746
0.002849
0.002924
0.003149
0.003633
0.004175
0.004566
0.004609
0.004461
0.00428
0.004333
0.004598
0.004956
0.005045
0.004871
0.004473
0.004133
0.003966
0.004032
0.004033
0.003909
0.003383
0.002819
0.002328
0.002173
0.002067
0.002073
0.001646
0.001088
0.000318
-0.000093
-0.000367
-0.000252
-0.000433
-0.000632
-0.001258
-0.001662
-0.002018
-0.001863
-0.001756
-0.001509
-0.001713
-0.001842
-0.002072
-0.00185
-0.001542
-0.000938
-0.000741
-0.000596
-0.000786
-0.000676
-0.000446
0.000222
0.000722
0.00111
0.001278
0.001183
0.001338
0.001661
0.002269
0.002686
0.002999
0.002876
0.002829
0.002845
0.003261
0.003663
0.004015
0.003951
0.003744
0.003378
0.003326
0.003426
0.003649
0.00359
0.003275
0.002624
0.002114
0.001742
0.0017
0.001561
0.001336
0.000604
-0.000155
-0.000985
-0.001377
-0.00177
-0.001884
-0.002533
-0.003126
-0.004114
-0.004608
-0.005039
-0.004998
-0.005315
-0.005555
-0.00635
-0.006854
-0.007344
-0.007175
-0.007063
-0.006737
-0.006968
-0.006996
-0.007311
-0.006993
-0.006644
-0.005826
-0.005446
-0.005048
-0.005062
-0.004681
-0.004296
-0.003207
-0.002392
-0.001533
-0.000939
-0.000581
0.000045
0.00082
0.001951
0.002876
0.003648
0.003978
0.004392
0.004842
0.005695
0.006592
0.007472
0.007801
0.007935
0.007773
0.007983
0.008191
0.008772
0.008968
0.008974
0.008501
0.008225
0.0079
0.007994
0.00795
0.007817
0.007135
0.006444
0.005657
0.005372
0.005052
0.005018
0.004421
0.003725
0.002588
0.001885
0.001231
0.001123
0.000665
0.000259
-0.000707
-0.001444
-0.002242
-0.002326
-0.002479
-0.002444
-0.002937
-0.003344
-0.004047
-0.004086
-0.004084
-0.003608
-0.003471
-0.003371
-0.003681
-0.003676
-0.003568
-0.002894
-0.00234
-0.001876
-0.001662
-0.001849
-0.001667
-0.001325
-0.000519
0.000057
0.000632
0.000583
0.000622
0.000591
0.001033
0.001463
0.001992
0.001994
0.001858
0.001393
0.001409
0.001449
0.001837
0.001879
0.001693
0.001025
0.000639
0.000222
0.000387
0.00038
0.000415
-0.000123
-0.000732
-0.001473
-0.001618
-0.001756
-0.001483
-0.001769
-0.002046
-0.002857
-0.003124
-0.003391
-0.003026
-0.002959
-0.002843
-0.003302
-0.003556
-0.003851
-0.003454
-0.003065
-0.002485
-0.002475
-0.002406
-0.002638
-0.00217
-0.001678
-0.000574
-0.000007
0.000514
0.000462
0.000702
0.00096
0.001899
0.002731
0.003698
0.004124
0.004255
0.004633
0.005023
0.005839
0.006411
0.006856
0.006682
0.006627
0.006521
0.006988
0.007477
0.008071
0.008035
0.007672
0.006944
0.006489
0.006135
0.00616
0.005825
0.005318
0.004295
0.003415
0.002577
0.00234
0.001982
0.001648
0.000712
-0.000351
-0.0016
-0.002243
-0.00282
-0.003037
-0.003779
-0.004595
-0.005798
-0.006608
-0.007137
-0.007075
-0.007174
-0.007361
-0.0082
-0.008843
-0.009531
-0.009459
-0.009251
-0.008755
-0.008772
-0.008897
-0.009281
-0.009178
-0.00887
-0.008062
-0.007593
-0.007196
-0.007288
-0.007082
-0.006707
-0.005638
-0.004737
-0.003832
-0.003514
-0.003575
-0.003387
-0.002974
-0.001895
-0.000927
0.000006
0.00026
0.000432
0.000472
0.001101
0.001777
0.002677
0.002991
0.003067
0.00273
0.002761
0.002917
0.003482
0.003608
0.003418
0.002598
0.001941
0.001306
0.001328
0.001324
0.001298
0.000554
-0.000336
-0.001412
-0.00181
-0.001975
-0.001663
-0.001885
-0.002368
-0.003449
-0.004251
-0.004881
-0.004747
-0.00477
-0.004664
-0.005087
-0.005409
-0.005649
-0.005153
-0.00455
-0.003728
-0.003541
-0.003474
-0.0036
-0.003013
-0.002091
-0.00045
0.000821
0.001801
0.002085
0.002511
0.002983
0.004249
0.005423
0.00669
0.007246
0.007392
0.007764
0.008336
0.009643
0.010805
0.011858
0.012081
0.012105
0.011951
0.012196
0.012605
0.013131
0.013021
0.012824
0.012261
0.012366
0.012865
0.013872
0.014221
0.013921
0.012498
0.010808
0.00906
0.008026
0.007262
0.006567
0.005352
0.003823
0.002299
0.001364
0.000528
0.000045
-0.001112
-0.002791
-0.004453
-0.004843
-0.005078
-0.004528
-0.003436
-0.003243
-0.005257
-0.007392
-0.010835
-0.013729
-0.014644
-0.013043
-0.010878
-0.009063
-0.005048
-0.001097
-0.001425
0.001605
0.001757
-0.001471
-0.006287
-0.012281
-0.015854
-0.016031
-0.013798
-0.00968
-0.005506
0.000783
0.010264
0.017965
0.022212
0.023459
0.017875
0.000424
-0.01604
-0.021656
-0.022118
-0.021315
-0.001542
0.018772
0.035257
0.052378
0.04764
0.017351
-0.007552
-0.027981
-0.040653
-0.038448
-0.023177
-0.005143
0.014086
0.029795
0.036715
0.036571
0.017887
-0.013047
-0.030649
-0.036296
-0.035998
-0.029154
-0.009412
0.001718
-0.00214
0.000784
0.017792
0.030216
0.037083
0.046378
0.037372
0.018661
-0.001618
-0.025862
-0.053241
-0.069081
-0.06442
-0.040929
0.003158
0.044993
0.071822
0.080395
0.08672
0.072359
0.030059
-0.001049
-0.019056
-0.032259
-0.029697
-0.020289
-0.016005
-0.009024
0.008255
0.017168
0.031335
0.033947
0.02048
0.009529
-0.002301
-0.014583
-0.020485
-0.029533
-0.031712
-0.016536
0.006482
0.035786
0.058284
0.069352
0.082895
0.082491
0.053077
0.016792
-0.017208
-0.042751
-0.058279
-0.064678
-0.054846
-0.036018
-0.011977
0.0191
0.035976
0.05104
0.056001
0.046027
0.02457
0.015726
0.005921
-0.01536
-0.016674
-0.010774
-0.00865
0.002721
0.006294
0.001495
0.004916
0.007598
0.004236
0.014224
0.020142
0.009375
0.002445
0.002839
-0.00651
-0.011146
-0.008107
-0.013279
-0.012685
-0.002776
-0.004895
-0.005005
-0.002426
-0.006222
-0.016479
-0.016012
-0.013772
-0.011194
-0.000192
0.013597
0.015196
0.019471
0.01856
0.005422
0.003944
0.011028
0.01986
0.03114
0.043785
0.052675
0.055648
0.042617
0.016857
-0.009137
-0.031564
-0.052348
-0.062742
-0.061706
-0.048471
-0.022045
0.005011
0.0331
0.049529
0.05201
0.050839
0.03846
0.007822
-0.022719
-0.038426
-0.048977
-0.046512
-0.028563
-0.012118
0.001395
0.021114
0.02657
0.025578
0.029986
0.016415
-0.00009
-0.002166
-0.008623
-0.02246
-0.034437
-0.049599
-0.067414
-0.073718
-0.072967
-0.056078
-0.027575
0.003211
0.035927
0.055035
0.057329
0.051751
0.037656
0.01312
-0.003463
-0.014811
-0.018117
-0.010981
-0.000357
0.011788
0.021559
0.024966
0.023448
0.02071
0.010578
0.000939
-0.000222
-0.000635
0.007452
0.018912
0.030711
0.03565
0.039282
0.04133
0.031005
0.012178
-0.003088
-0.028841
-0.055884
-0.065452
-0.080229
-0.089165
-0.082624
-0.076727
-0.065276
-0.039073
-0.006286
0.0106
0.01504
0.017256
0.008528
-0.003646
-0.015833
-0.03476
-0.047299
-0.05562
-0.064316
-0.070946
-0.069161
-0.0607
-0.049814
-0.024588
0.001045
0.010481
0.010905
0.016513
0.009262
-0.000981
-0.000965
-0.012557
-0.0213
-0.018076
-0.022296
-0.031695
-0.027479
-0.029422
-0.028462
-0.015412
0.008379
0.019122
0.024621
0.047455
0.055198
0.053083
0.060382
0.056514
0.045963
0.042743
0.038663
0.024746
0.006082
-0.009503
-0.030488
-0.040578
-0.040367
-0.037899
-0.011716
0.0189
0.035972
0.060796
0.066249
0.033098
0.01306
-0.006892
-0.027348
-0.028462
-0.024583
-0.023009
-0.014105
-0.008735
-0.020373
-0.018268
-0.016079
-0.029681
-0.020266
-0.008479
-0.010601
-0.010296
-0.013125
-0.020275
-0.027993
-0.035628
-0.037682
-0.0358
-0.03768
-0.028191
-0.020404
-0.017565
-0.003367
0.011602
0.011539
0.008211
-0.012507
-0.044222
-0.052583
-0.04916
-0.036692
-0.016603
0.007707
0.014951
0.020102
0.017299
0.003072
-0.016258
-0.021405
-0.017195
-0.008394
-0.002443
-0.003682
-0.00311
-0.009304
-0.009711
-0.006584
-0.005339
-0.002141
0.006708
0.001635
-0.01112
-0.019338
-0.040178
-0.063773
-0.071322
-0.083926
-0.083826
-0.064446
-0.052278
-0.030291
-0.002702
0.031562
0.025749
0.035619
0.040026
0.008165
-0.024525
-0.048394
-0.064311
-0.060585
-0.039539
-0.015944
-0.00998
-0.011103
-0.012074
-0.033639
-0.050294
-0.054546
-0.066331
-0.075715
-0.072991
-0.084664
-0.105937
-0.11408
-0.117633
-0.111683
-0.1102
-0.101001
-0.097215
-0.101974
-0.091004
-0.085353
-0.09027
-0.097095
-0.105489
-0.118921
-0.125195
-0.120905
-0.1179
-0.113284
-0.110071
-0.120341
-0.135738
-0.152227
-0.164042
-0.155184
-0.116387
-0.062658
0.005339
0.083127
0.120511
0.130808
0.165867
0.176736
0.170183
0.177855
0.177046
0.165812
0.171792
0.205135
0.230158
0.238867
0.250483
0.270877
0.25635
0.22464
0.214657
0.177387
0.134241
0.116882
0.091505
0.077527
0.092826
0.073193
0.041693
0.014554
-0.01517
-0.026999
-0.002206
0.040126
0.106599
0.197075
0.267736
0.28889
0.292775
0.303658
0.280814
0.238349
0.22311
0.219204
0.211199
0.211369
0.218413
0.202786
0.179629
0.157539
0.126297
0.10203
0.080499
0.068208
0.073493
0.080263
0.076726
0.074981
0.063479
0.049413
0.030161
0.008888
0.002475
-0.012771
-0.02876
-0.042756
-0.067903
-0.106844
-0.148056
-0.190662
-0.243043
-0.279475
-0.300212
-0.314637
-0.314746
-0.294487
-0.27667
-0.250507
-0.213904
-0.148134
-0.110733
-0.116205
-0.113148
-0.119851
-0.162109
-0.187699
-0.179544
-0.13304
-0.063553
0.000373
0.035272
0.032211
0.006419
-0.024675
-0.046104
-0.040966
0.008244
0.093809
0.189558
0.287668
0.366301
0.412429
0.417605
0.371664
0.313572
0.269459
0.222522
0.196794
0.173487
0.179899
0.172921
0.14099
0.111113
0.090552
0.077878
0.059629
0.041386
0.013817
-0.040537
-0.090181
-0.120837
-0.158196
-0.209093
-0.243083
-0.279559
-0.321602
-0.343523
-0.345291
-0.345926
-0.350327
-0.369332
-0.415021
-0.471263
-0.494863
-0.44857
-0.321002
-0.114628
0.01954
0.237964
0.329413
0.25944
0.177618
0.227602
0.346552
0.469313
0.570355
0.583886
0.482758
0.349664
0.260827
0.194256
0.129181
0.00779
-0.11342
-0.23839
-0.343945
-0.331922
-0.256562
-0.222099
-0.226961
-0.214911
-0.197175
-0.199779
-0.217532
-0.215021
-0.204481
-0.183872
-0.14431
-0.129568
-0.095436
-0.042211
0.045438
0.118951
0.129148
0.079476
-0.016863
-0.152377
-0.281395
-0.353476
-0.364574
-0.345533
-0.33055
-0.316662
-0.305848
-0.304408
-0.311823
-0.318914
-0.328797
-0.340052
-0.335367
-0.303254
-0.242321
-0.160072
-0.075855
0.001687
0.052141
0.056301
0.024549
-0.015534
-0.02065
0.005848
0.074212
0.185461
0.28988
0.354492
0.367974
0.326005
0.282944
0.279736
0.300743
0.334477
0.376249
0.373498
0.301015
0.211263
0.120725
0.024792
-0.06268
-0.109156
-0.106006
-0.092103
-0.050181
0.019174
0.082516
0.119259
0.119508
0.080744
0.052732
0.034307
0.008813
-0.025053
-0.062256
-0.113791
-0.163595
-0.184323
-0.18335
-0.174959
-0.163063
-0.152331
-0.134659
-0.116327
-0.100829
-0.072895
-0.036424
0.000563
0.039975
0.071469
0.077356
0.068278
0.057015
0.041001
0.022713
0.008891
0.000106
-0.009344
-0.027164
-0.04882
-0.068311
-0.076136
-0.07733
-0.05885
-0.010596
0.065964
0.151853
0.222029
0.282638
0.321878
0.340024
0.355365
0.360379
0.333617
0.300618
0.284891
0.283922
0.298644
0.316866
0.323187
0.288809
0.216407
0.112639
-0.005824
-0.10797
-0.172286
-0.194365
-0.194968
-0.199414
-0.213818
-0.199841
-0.158925
-0.13018
-0.11728
-0.102092
-0.092916
-0.094799
-0.100197
-0.103416
-0.113062
-0.12445
-0.12423
-0.128212
-0.144776
-0.164817
-0.17555
-0.180786
-0.177961
-0.144381
-0.09423
-0.041979
0.017979
0.082712
0.11915
0.136237
0.159138
0.181129
0.178336
0.163683
0.150518
0.134253
0.129322
0.127266
0.116691
0.116425
0.124286
0.129159
0.109502
0.090737
0.076535
0.055265
0.039393
0.022241
0.003094
0.008086
0.01679
0.009737
0.004492
-0.000087
-0.018406
-0.04213
-0.055847
-0.070615
-0.093841
-0.112323
-0.123175
-0.127577
-0.122893
-0.090768
-0.035659
0.019025
0.073392
0.114751
0.124446
0.117728
0.107074
0.098199
0.080884
0.060921
0.040139
0.012984
-0.014387
-0.02841
-0.046651
-0.066365
-0.080747
-0.093675
-0.09911
-0.090843
-0.067071
-0.030837
0.019188
0.077628
0.122493
0.141854
0.158422
0.183128
0.189445
0.178827
0.16744
0.143489
0.10339
0.054937
0.01353
-0.015463
-0.029436
-0.043753
-0.046535
-0.034473
-0.016716
0.011997
0.057542
0.095448
0.111299
0.111022
0.102194
0.089357
0.080731
0.068066
0.049615
0.035133
0.03681
0.040308
0.032026
0.036803
0.04405
0.05136
0.07319
0.095302
0.100682
0.096251
0.093988
0.087049
0.069514
0.041548
0.025494
0.009756
-0.002133
-0.020071
-0.036011
-0.048445
-0.055985
-0.06344
-0.070968
-0.077628
-0.072874
-0.066657
-0.044671
-0.047802
-0.040679
-0.025787
-0.044313
-0.034483
-0.011778
0.011122
0.044549
0.07903
0.115261
0.140317
0.151017
0.151791
0.130488
0.107377
0.078765
0.043558
0.010084
-0.006065
-0.028354
-0.045481
-0.057605
-0.057578
-0.060444
-0.068142
-0.056791
-0.046483
-0.054192
-0.061384
-0.065937
-0.083991
-0.106897
-0.118975
-0.1302
-0.130576
-0.098445
-0.073464
-0.046157
-0.001398
0.027554
0.057546
0.077665
0.07834
0.079875
0.09872
0.105732
0.101255
0.085103
0.064382
0.039098
0.011905
-0.002837
-0.00435
-0.005643
-0.016853
0.000661
0.021805
0.021059
0.024245
0.035723
0.036047
0.032534
0.027439
0.008249
-0.018688
-0.042079
-0.064306
-0.092878
-0.124319
-0.140907
-0.147287
-0.143314
-0.123393
-0.097482
-0.069482
-0.035989
-0.004378
0.01183
0.009063
0.003068
-0.003654
-0.024809
-0.059518
-0.08452
-0.093703
-0.087168
-0.059586
-0.019896
0.026572
0.077537
0.116268
0.144196
0.167587
0.170917
0.148418
0.100835
0.038332
-0.032392
-0.101157
-0.135043
-0.149612
-0.156182
-0.157153
-0.166959
-0.16847
-0.151763
-0.136099
-0.126269
-0.110437
-0.084765
-0.059559
-0.048442
-0.043319
-0.052508
-0.06514
-0.079364
-0.097512
-0.115381
-0.133086
-0.135167
-0.122918
-0.109158
-0.093964
-0.073341
-0.055782
-0.038552
-0.031322
-0.030041
-0.029057
-0.024477
-0.029411
-0.038692
-0.047955
-0.058909
-0.072296
-0.07814
-0.073034
-0.066068
-0.05562
-0.034855
-0.0086
0.009879
0.036614
0.060339
0.078412
0.08858
0.091265
0.087221
0.076038
0.057569
0.03488
0.015141
0.003701
0.00026
0.002864
0.017799
0.041287
0.061835
0.07854
0.097058
0.108896
0.114878
0.12344
0.130744
0.132962
0.128736
0.119927
0.109033
0.094804
0.081755
0.073367
0.06427
0.059652
0.057439
0.057321
0.050875
0.044947
0.045783
0.04762
0.044515
0.039711
0.032227
0.018078
0.001381
-0.013911
-0.030037
-0.05009
-0.068816
-0.085074
-0.096945
-0.103633
-0.104944
-0.099994
-0.086616
-0.067691
-0.049658
-0.032274
-0.014818
0.004026
0.021272
0.036492
0.051703
0.058993
0.067677
0.063277
0.047166
0.033448
0.025868
0.011797
-0.001105
-0.004766
-0.005597
-0.006002
0.001581
0.010779
0.019569
0.027751
0.026978
0.022012
0.017306
0.011757
0.003792
-0.005898
-0.015346
-0.029973
-0.047385
-0.061255
-0.070768
-0.079521
-0.090206
-0.09469
-0.098614
-0.101358
-0.108439
-0.115833
-0.123197
-0.129714
-0.139716
-0.146347
-0.147837
-0.148758
-0.143809
-0.129655
-0.113441
-0.104662
-0.10184
-0.102363
-0.110147
-0.120591
-0.127928
-0.131713
-0.129541
-0.116216
-0.092129
-0.065145
-0.036681
-0.008411
0.012684
0.025154
0.030647
0.029556
0.022895
0.016267
0.00718
-0.004273
-0.015212
-0.02258
-0.025494
-0.028148
-0.030559
-0.027667
-0.023591
-0.02357
-0.021497
-0.015823
-0.006721
0.004402
0.010849
0.010493
0.00753
0.000817
-0.012234
-0.023923
-0.02964
-0.033338
-0.038406
-0.040912
-0.043203
-0.049108
-0.054424
-0.057325
-0.066283
-0.081353
-0.092176
-0.097735
-0.107272
-0.115326
-0.117461
-0.114041
-0.106765
-0.096186
-0.080812
-0.064316
-0.047822
-0.031931
-0.021214
-0.011574
-0.000217
0.007965
0.013977
0.022791
0.029948
0.031601
0.030361
0.025515
0.02269
0.023957
0.022722
0.023668
0.030929
0.033977
0.02988
0.026433
0.027322
0.026418
0.026398
0.026459
0.026469
0.024713
0.020388
0.011427
-0.004772
-0.025274
-0.044395
-0.063534
-0.085
-0.096133
-0.09701
-0.098425
-0.094476
-0.080171
-0.064421
-0.050326
-0.0327
-0.013557
-0.000003
0.0098
0.020771
0.03235
0.041183
0.050705
0.06011
0.059975
0.054067
0.049021
0.039999
0.029836
0.026012
0.028996
0.029695
0.032559
0.042441
0.049525
0.052761
0.055032
0.049824
0.037
0.020619
0.002251
-0.015422
-0.026595
-0.035037
-0.0404
-0.041692
-0.042313
-0.044137
-0.046299
-0.044904
-0.04209
-0.039271
-0.032711
-0.024278
-0.016199
-0.005157
0.007969
0.01414
0.025692
0.037918
0.050325
0.058343
0.068083
0.080413
0.090498
0.101371
0.113712
0.124952
0.137365
0.151504
0.161155
0.161423
0.152617
0.132947
0.104497
0.069977
0.030838
-0.008344
-0.039386
-0.053705
-0.062658
-0.073046
-0.075196
-0.067623
-0.053563
-0.040236
-0.031465
-0.027998
-0.025937
-0.025079
-0.025812
-0.024581
-0.013187
0.005948
0.028087
0.053735
0.076023
0.094616
0.110661
0.127936
0.140224
0.145634
0.156382
0.169347
0.174575
0.175175
0.175818
0.173027
0.167224
0.162921
0.157201
0.147471
0.136737
0.126121
0.112859
0.098554
0.086119
0.07317
0.065365
0.050867
0.032845
0.012901
-0.005042
-0.02261
-0.03615
-0.042505
-0.046802
-0.050774
-0.052605
-0.055248
-0.060668
-0.066025
-0.065241
-0.059909
-0.04956
-0.031479
-0.015323
-0.005723
0.003688
0.01043
0.011467
0.01257
0.014809
0.016907
0.021631
0.028851
0.038543
0.049519
0.057856
0.061261
0.061684
0.062484
0.060071
0.05354
0.047904
0.045182
0.040518
0.035148
0.032096
0.029599
0.024596
0.01854
0.011746
0.00231
-0.007267
-0.017861
-0.028987
-0.039651
-0.048099
-0.052622
-0.054434
-0.05562
-0.05901
-0.064094
-0.068943
-0.074494
-0.077695
-0.076715
-0.075856
-0.07411
-0.071726
-0.071105
-0.073613
-0.078184
-0.080829
-0.080987
-0.08011
-0.07949
-0.073602
-0.06063
-0.046328
-0.029292
-0.008814
0.009633
0.026443
0.037703
0.043808
0.049664
0.054633
0.058009
0.059931
0.060995
0.06238
0.059616
0.052583
0.044105
0.036464
0.031654
0.031639
0.034696
0.040134
0.047426
0.056525
0.068215
0.072741
0.073976
0.073962
0.06871
0.065768
0.068236
0.072019
0.073174
0.07617
0.076275
0.073377
0.070254
0.069119
0.070597
0.074234
0.080805
0.087657
0.095244
0.100902
0.098601
0.087472
0.072616
0.055219
0.035759
0.01838
0.007742
0.00195
0.001305
0.000277
-0.000574
-0.004171
-0.006792
-0.007874
-0.011474
-0.018013
-0.024642
-0.032196
-0.040695
-0.042802
-0.037882
-0.031628
-0.023433
-0.010727
-0.001258
0.003833
0.008684
0.013659
0.019265
0.026869
0.034538
0.041193
0.046811
0.049029
0.046294
0.04046
0.029922
0.013268
-0.004182
-0.014155
-0.03078
-0.047242
-0.058434
-0.063499
-0.066413
-0.067053
-0.064679
-0.062649
-0.061359
-0.059807
-0.058002
-0.053804
-0.048036
-0.038352
-0.024997
-0.011214
-0.001285
0.005336
0.010411
0.01304
0.012466
0.005416
-0.0029
-0.00882
-0.01574
-0.025202
-0.03344
-0.042646
-0.050808
-0.05634
-0.056989
-0.057072
-0.055221
-0.050635
-0.042242
-0.035488
-0.033011
-0.033299
-0.035355
-0.041206
-0.047208
-0.050731
-0.052992
-0.052534
-0.047037
-0.03818
-0.028695
-0.015152
0.000354
0.007111
0.008439
0.007619
0.001365
-0.009635
-0.021699
-0.031825
-0.04149
-0.047329
-0.049595
-0.048699
-0.044844
-0.038799
-0.031155
-0.023833
-0.016596
-0.008197
-0.00015
0.004636
0.003864
-0.002979
-0.013446
-0.023381
-0.031594
-0.038111
-0.040405
-0.03714
-0.028595
-0.017191
-0.006219
0.003333
0.01345
0.021415
0.022735
0.020477
0.01697
0.007392
-0.004494
-0.016904
-0.030404
-0.043589
-0.052203
-0.057311
-0.058049
-0.055954
-0.047069
-0.033426
-0.020512
-0.010432
-0.002736
-0.000102
-0.000529
-0.001695
-0.002486
-0.002704
0.000501
0.006305
0.010486
0.014413
0.018044
0.01909
0.018444
0.018156
0.018621
0.020117
0.023344
0.026807
0.029302
0.028494
0.023672
0.014268
0.002711
-0.008071
-0.012435
-0.018146
-0.021079
-0.024451
-0.029133
-0.032484
-0.035446
-0.039355
-0.043718
-0.04733
-0.049674
-0.050922
-0.049219
-0.044756
-0.036413
-0.024244
-0.011295
0.000628
0.009451
0.013843
0.013261
0.008009
-0.00066
-0.009904
-0.015756
-0.015711
-0.008868
0.004445
0.020454
0.036578
0.044686
0.049345
0.048169
0.044671
0.040594
0.039046
0.039477
0.043306
0.052309
0.062233
0.069529
0.074943
0.076999
0.075255
0.070671
0.062357
0.051195
0.039488
0.030341
0.023183
0.019374
0.019486
0.017855
0.017037
0.018847
0.018165
0.01534
0.013446
0.010422
0.005987
0.002038
0.000224
-0.001844
-0.004325
-0.006828
-0.010186
-0.013694
-0.014614
-0.012919
-0.008129
-0.001957
0.001287
0.000064
-0.003384
-0.009114
-0.016291
-0.022084
-0.025628
-0.026694
-0.024817
-0.022477
-0.019969
-0.015265
-0.00993
-0.006627
-0.001124
0.0067
0.011029
0.014273
0.016463
0.014915
0.011014
0.004011
-0.004844
-0.013743
-0.020537
-0.023526
-0.021232
-0.012424
-0.000387
0.013023
0.026258
0.037426
0.04377
0.04198
0.033518
0.021202
0.005556
-0.010637
-0.022171
-0.029596
-0.033128
-0.032948
-0.028394
-0.021172
-0.011126
0.001364
0.010276
0.01556
0.018606
0.017351
0.010266
0.003957
-0.005505
-0.016502
-0.029656
-0.041921
-0.050576
-0.056513
-0.060001
-0.058749
-0.05574
-0.052491
-0.048706
-0.045535
-0.043566
-0.041692
-0.03718
-0.031362
-0.026165
-0.018416
-0.008713
-0.000606
0.005429
0.009414
0.009797
0.007054
0.002179
-0.001881
-0.003241
-0.001385
0.004973
0.010903
0.022056
0.03237
0.042217
0.050818
0.056981
0.060994
0.061354
0.058015
0.05119
0.040566
0.028913
0.018834
0.010686
0.005649
0.002976
0.001501
0.003316
0.007061
0.008645
0.008921
0.007976
0.00552
0.002466
0.000548
-0.000183
0.000473
0.003048
0.005376
0.006106
0.007557
0.007303
0.007143
0.007697
0.01075
0.01599
0.02269
0.030468
0.038733
0.04602
0.051272
0.054875
0.054922
0.051051
0.046333
0.041308
0.036195
0.033272
0.03189
0.030231
0.028064
0.02538
0.021982
0.017245
0.013536
0.011572
0.010367
0.009611
0.01041
0.012305
0.011267
0.009313
0.003509
-0.004857
-0.016177
-0.027078
-0.03776
-0.046955
-0.054307
-0.059949
-0.063093
-0.0638
-0.061972
-0.057801
-0.053736
-0.050185
-0.046119
-0.043488
-0.042752
-0.042368
-0.041541
-0.041089
-0.040935
-0.03946
-0.037382
-0.033965
-0.027434
-0.018876
-0.009173
0.001147
0.010594
0.018657
0.023066
0.028084
0.029685
0.02682
0.021644
0.013427
0.004309
-0.002517
-0.007584
-0.011842
-0.013934
-0.012751
-0.01128
-0.009044
-0.004973
-0.00041
0.003994
0.006573
0.007821
0.006496
0.002242
-0.001902
-0.00278
-0.0017
0.000089
0.003345
0.004897
0.004948
0.002011
-0.003066
-0.007101
-0.014034
-0.021938
-0.025526
-0.025911
-0.02567
-0.021909
-0.016465
-0.012158
-0.008668
-0.0064
-0.006342
-0.008282
-0.010426
-0.012702
-0.016082
-0.017827
-0.01762
-0.017769
-0.017787
-0.016762
-0.014863
-0.011589
-0.007806
-0.002579
0.004525
0.012493
0.017772
0.022026
0.024083
0.020395
0.016872
0.014111
0.010479
0.006552
0.006967
0.008328
0.008281
0.00995
0.013171
0.015616
0.017635
0.021272
0.025351
0.027462
0.028694
0.028421
0.024413
0.016787
0.007735
-0.001893
-0.009549
-0.012999
-0.01343
-0.01123
-0.005831
-0.001415
0.001476
0.004579
0.004919
0.004008
0.002491
-0.000381
-0.002849
-0.002157
-0.000124
0.001863
0.006079
0.009925
0.009664
0.007297
0.003778
-0.001119
-0.005477
-0.007802
-0.007738
-0.006204
-0.002424
0.00286
0.006877
0.009954
0.012133
0.011896
0.008862
0.004694
0.001857
0.001322
0.001269
0.004049
0.009064
0.013184
0.016311
0.017494
0.018784
0.018898
0.018215
0.017982
0.017053
0.016303
0.016886
0.017287
0.016873
0.016118
0.013878
0.008205
-0.0001
-0.00783
-0.014754
-0.019628
-0.022002
-0.02353
-0.023291
-0.021262
-0.019139
-0.015989
-0.011297
-0.006738
-0.002774
0.00101
0.006047
0.01029
0.011181
0.010763
0.010542
0.009012
0.005308
0.00292
0.001168
-0.000806
-0.000879
0.00176
0.005215
0.008447
0.011468
0.013155
0.013022
0.012891
0.011792
0.009821
0.009739
0.010677
0.011626
0.013602
0.015618
0.017301
0.017873
0.017574
0.017459
0.017776
0.018671
0.019808
0.020593
0.021321
0.022311
0.022946
0.021911
0.018619
0.014678
0.010279
0.005702
0.00264
0.001583
0.002226
0.003616
0.003386
0.001672
-0.000776
-0.005214
-0.010242
-0.01286
-0.01434
-0.014976
-0.014063
-0.012383
-0.010988
-0.009667
-0.007479
-0.007055
-0.008907
-0.010839
-0.013242
-0.017127
-0.019185
-0.020655
-0.020878
-0.020733
-0.020153
-0.018551
-0.018023
-0.018607
-0.018707
-0.019468
-0.021537
-0.023447
-0.025021
-0.02602
-0.025457
-0.022219
-0.017689
-0.01284
-0.007444
-0.003369
-0.000947
0.001633
0.003369
0.003873
0.003639
0.003413
0.003627
0.003145
0.003346
0.005203
0.006281
0.006813
0.006888
0.00633
0.004591
0.002319
0.000404
-0.002055
-0.005259
-0.008021
-0.009901
-0.011695
-0.0125
-0.011907
-0.010405
-0.00807
-0.005063
-0.001928
0.000167
0.001087
0.001866
0.001945
0.001461
0.002739
0.004729
0.006239
0.008392
0.010264
0.009734
0.006976
0.002909
-0.000065
-0.005369
-0.011108
-0.015774
-0.019606
-0.022395
-0.023261
-0.02159
-0.017932
-0.012666
-0.006557
0.000262
0.005537
0.008706
0.011092
0.010796
0.009194
0.008212
0.006996
0.00539
0.00429
0.002354
-0.000885
-0.003183
-0.004844
-0.0048
-0.00204
0.003439
0.009347
0.015371
0.021944
0.024718
0.027282
0.028464
0.029492
0.029214
0.02827
0.027662
0.026288
0.025807
0.026623
0.027271
0.028247
0.028971
0.027807
0.025382
0.02325
0.021237
0.017907
0.015134
0.012022
0.006878
0.001177
-0.003318
-0.00693
-0.008349
-0.006319
-0.002397
0.002013
0.007118
0.011313
0.012674
0.012077
0.009555
0.004259
-0.002283
-0.007808
-0.011717
-0.013784
-0.013398
-0.011851
-0.010973
-0.009909
-0.009553
-0.009736
-0.009897
-0.01099
-0.012889
-0.014817
-0.016652
-0.018491
-0.018647
-0.018249
-0.018273
-0.018198
-0.018549
-0.021151
-0.024495
-0.02712
-0.030165
-0.032289
-0.032711
-0.032067
-0.029306
-0.024729
-0.018655
-0.011818
-0.004954
0.001586
0.006971
0.010127
0.0115
0.011495
0.010387
0.008769
0.007987
0.008635
0.010549
0.014096
0.018036
0.021736
0.024607
0.025975
0.025593
0.023622
0.020862
0.01865
0.01703
0.01586
0.015603
0.016262
0.017764
0.019042
0.021009
0.022168
0.021454
0.019219
0.017176
0.014253
0.009094
0.003445
-0.002352
-0.009002
-0.01515
-0.020358
-0.02403
-0.025392
-0.023589
-0.019707
-0.014982
-0.010408
-0.006899
-0.005243
-0.005827
-0.00755
-0.010098
-0.013689
-0.017485
-0.020579
-0.022711
-0.023962
-0.024718
-0.025657
-0.02554
-0.025259
-0.02406
-0.021898
-0.018775
-0.015889
-0.013815
-0.013097
-0.014344
-0.016971
-0.020174
-0.02386
-0.027032
-0.028692
-0.028538
-0.026628
-0.022411
-0.016312
-0.009491
-0.00345
0.00222
0.005728
0.007134
0.007638
0.007287
0.005596
0.003158
0.000188
-0.003342
-0.006756
-0.009564
-0.011039
-0.012187
-0.011973
-0.010142
-0.006528
-0.00259
0.000845
0.004047
0.005583
0.004922
0.002615
-0.000875
-0.004861
-0.008134
-0.010068
-0.011281
-0.012002
-0.012344
-0.012513
-0.012996
-0.013626
-0.013812
-0.01325
-0.012316
-0.011025
-0.00904
-0.006584
-0.00436
-0.003532
-0.003771
-0.005115
-0.006929
-0.007815
-0.008144
-0.006775
-0.003742
0.000382
0.004568
0.008147
0.01077
0.012106
0.01178
0.010012
0.008037
0.005651
0.003063
0.000867
-0.001736
-0.005172
-0.008365
-0.011827
-0.015183
-0.017486
-0.018584
-0.018322
-0.016786
-0.014629
-0.013031
-0.011941
-0.01165
-0.012021
-0.012221
-0.012407
-0.012418
-0.012693
-0.012444
-0.011657
-0.011293
-0.011341
-0.01132
-0.011907
-0.012459
-0.011391
-0.007898
-0.002122
0.005531
0.01408
0.022789
0.029769
0.034554
0.037711
0.038835
0.037924
0.035249
0.031942
0.029092
0.026633
0.024718
0.023838
0.023431
0.023414
0.02375
0.023796
0.023932
0.024465
0.025506
0.026182
0.026551
0.026734
0.025824
0.023571
0.020682
0.017051
0.01299
0.009458
0.0065
0.005111
0.006054
0.008467
0.011726
0.015764
0.019697
0.022263
0.023648
0.024331
0.02352
0.021594
0.020167
0.018937
0.01773
0.017373
0.018433
0.019477
0.020173
0.020712
0.020872
0.020902
0.020757
0.02074
0.021116
0.021422
0.02145
0.020847
0.019672
0.018048
0.016132
0.013849
0.011482
0.00959
0.00827
0.007118
0.006614
0.006895
0.007538
0.007652
0.007355
0.006908
0.005885
0.004928
0.004607
0.004415
0.004049
0.004177
0.004583
0.005031
0.005825
0.008164
0.010305
0.011441
0.01265
0.012811
0.011631
0.010063
0.007616
0.003909
0.000184
-0.003144
-0.006211
-0.008147
-0.008526
-0.008267
-0.007097
-0.005386
-0.004152
-0.003166
-0.002594
-0.003222
-0.004838
-0.007486
-0.011396
-0.015909
-0.021278
-0.026539
-0.030853
-0.034224
-0.036463
-0.037159
-0.03621
-0.034484
-0.032052
-0.030142
-0.028893
-0.027861
-0.027751
-0.0286
-0.029039
-0.028326
-0.027286
-0.025318
-0.0218
-0.017711
-0.013563
-0.009431
-0.006167
-0.005559
-0.006344
-0.007712
-0.01121
-0.015424
-0.018131
-0.019775
-0.02077
-0.019601
-0.017246
-0.014688
-0.011683
-0.008389
-0.006071
-0.005221
-0.005597
-0.006072
-0.00839
-0.012018
-0.014747
-0.017617
-0.020914
-0.022858
-0.023392
-0.02288
-0.021468
-0.018092
-0.014278
-0.010628
-0.00601
-0.001545
0.001483
0.003815
0.005919
0.007046
0.006951
0.005959
0.004113
0.001809
0.000344
-0.000438
-0.0007
-0.000837
-0.000688
-0.000545
-0.001052
-0.001985
-0.001824
-0.000959
-0.000068
0.001443
0.002998
0.004057
0.004214
0.003831
0.002337
0.000627
-0.000304
-0.001147
-0.001284
-0.000299
0.000635
0.001964
0.004004
0.006046
0.008215
0.010797
0.01351
0.015713
0.0173
0.017628
0.016637
0.015317
0.01364
0.012254
0.010207
0.008289
0.006544
0.004256
0.001975
-0.000217
-0.002337
-0.003728
-0.004695
-0.006029
-0.007308
-0.007833
-0.008666
-0.010128
-0.011127
-0.01188
-0.013579
-0.015644
-0.016506
-0.01724
-0.017675
-0.016821
-0.015401
-0.01318
-0.009729
-0.005526
-0.001433
0.002143
0.004828
0.006136
0.005878
0.004956
0.004209
0.003613
0.002686
0.001881
0.002002
0.002297
0.00211
0.002345
0.002907
0.003298
0.003602
0.004085
0.004526
0.004703
0.00483
0.004379
0.002918
0.000659
-0.00208
-0.004952
-0.00723
-0.008339
-0.008793
-0.008991
-0.008317
-0.007519
-0.00737
-0.00712
-0.006875
-0.006835
-0.007533
-0.009213
-0.010767
-0.011529
-0.011972
-0.011449
-0.009621
-0.007844
-0.005628
-0.003023
-0.001508
-0.000535
0.000222
-0.000329
-0.001611
-0.002218
-0.002998
-0.004107
-0.004426
-0.004376
-0.004199
-0.003557
-0.002449
-0.000766
0.001778
0.004218
0.006397
0.008037
0.008465
0.007671
0.005947
0.003577
0.001828
0.001161
0.002036
0.004719
0.008419
0.012839
0.017197
0.020027
0.020809
0.020112
0.018312
0.015911
0.013553
0.011841
0.011171
0.011812
0.013273
0.013835
0.01415
0.014956
0.014599
0.013652
0.012277
0.010605
0.009108
0.007423
0.006222
0.005881
0.005124
0.003763
0.001832
-0.00089
-0.003139
-0.004363
-0.004425
-0.002977
-0.000531
0.00213
0.004673
0.006344
0.006325
0.004969
0.002609
-0.001303
-0.005479
-0.009109
-0.011795
-0.012926
-0.012949
-0.012471
-0.011418
-0.010138
-0.009157
-0.008592
-0.00819
-0.008317
-0.008868
-0.009345
-0.009615
-0.009277
-0.008532
-0.007615
-0.007069
-0.007213
-0.008172
-0.009882
-0.01146
-0.011931
-0.011382
-0.010131
-0.008361
-0.006646
-0.005019
-0.00402
-0.004079
-0.003877
-0.003586
-0.004008
-0.004121
-0.00348
-0.002821
-0.002131
-0.001094
-0.000922
-0.001537
-0.002452
-0.003529
-0.004294
-0.005011
-0.005238
-0.005004
-0.004642
-0.003737
-0.002514
-0.001018
0.000625
0.002098
0.003073
0.003413
0.003636
0.003574
0.003213
0.002811
0.002689
0.002028
0.001415
0.001078
0.000747
0.000739
0.000664
0.000641
0.00024
-0.000685
-0.001203
-0.001188
-0.001082
-0.00016
0.000746
0.00077
0.000474
-0.000112
-0.000246
0.000159
0.001348
0.003428
0.006233
0.008987
0.011952
0.015211
0.018198
0.021351
0.024116
0.026273
0.028179
0.029021
0.028421
0.026887
0.024769
0.022219
0.019629
0.018151
0.017571
0.017806
0.018962
0.020058
0.020515
0.020452
0.019618
0.017858
0.01631
0.014052
0.011953
0.009658
0.006734
0.004748
0.003577
0.002467
0.002453
0.003369
0.004061
0.00486
0.005466
0.005253
0.004135
0.002477
0.000322
-0.002443
-0.005065
-0.006633
-0.007024
-0.006041
-0.004071
-0.001353
0.001149
0.003299
0.004726
0.005164
0.004557
0.003354
0.00213
0.000105
-0.001702
-0.002768
-0.00329
-0.003193
-0.002725
-0.001812
-0.000956
-0.000207
0.000714
0.001815
0.002826
0.003934
0.005064
0.005555
0.005158
0.004167
0.001977
-0.00128
-0.004466
-0.007362
-0.009744
-0.011023
-0.011468
-0.01178
-0.012205
-0.013276
-0.015356
-0.017798
-0.020502
-0.022145
-0.024086
-0.025153
-0.025706
-0.025786
-0.025491
-0.025058
-0.0249
-0.02475
-0.025488
-0.026249
-0.026361
-0.026161
-0.025134
-0.023254
-0.02136
-0.019613
-0.018442
-0.018349
-0.018804
-0.019312
-0.01988
-0.020414
-0.020555
-0.02021
-0.019559
-0.018506
-0.017128
-0.015807
-0.015115
-0.014613
-0.015277
-0.016408
-0.017497
-0.018208
-0.018989
-0.019718
-0.02024
-0.02054
-0.020073
-0.018816
-0.016728
-0.0139
-0.011094
-0.0085
-0.00658
-0.005299
-0.004733
-0.004399
-0.00397
-0.003773
-0.003999
-0.004262
-0.004346
-0.004322
-0.004156
-0.003656
-0.00304
-0.002405
-0.001409
-0.000387
0.000354
0.0016
0.002658
0.003384
0.003755
0.004312
0.004938
0.005773
0.007136
0.008423
0.009414
0.010226
0.010827
0.011377
0.012729
0.014531
0.016435
0.018341
0.020259
0.021854
0.022771
0.023455
0.023662
0.023365
0.02269
0.021896
0.021152
0.020057
0.019177
0.01863
0.018212
0.017532
0.017373
0.017909
0.01837
0.019326
0.021243
0.022769
0.024274
0.025806
0.026656
0.027178
0.027239
0.026341
0.024839
0.022997
0.021187
0.019748
0.019117
0.019425
0.020493
0.021983
0.023084
0.023754
0.024074
0.023176
0.02128
0.018762
0.015337
0.011499
0.007782
0.005682
0.002872
0.000897
-0.00049
-0.001399
-0.001925
-0.002205
-0.00246
-0.003115
-0.004375
-0.006095
-0.008422
-0.010749
-0.012744
-0.014114
-0.014742
-0.014608
-0.014001
-0.01337
-0.012756
-0.01231
-0.012083
-0.011802
-0.011827
-0.011974
-0.011764
-0.011271
-0.010616
-0.009849
-0.008717
-0.007776
-0.006074
-0.004194
-0.001705
0.001268
0.003967
0.006247
0.008147
0.009282
0.00952
0.009561
0.009012
0.008333
0.00792
0.007739
0.007961
0.008835
0.010214
0.011769
0.013129
0.013585
0.012767
0.010811
0.007997
0.004342
0.000729
-0.002186
-0.005111
-0.007245
-0.008657
-0.010094
-0.010642
-0.01132
-0.0119
-0.012826
-0.01326
-0.013382
-0.012965
-0.011793
-0.010003
-0.007934
-0.006081
-0.00465
-0.003645
-0.003374
-0.003689
-0.004032
-0.004599
-0.005652
-0.006846
-0.007825
-0.009036
-0.01027
-0.011438
-0.012638
-0.013932
-0.014752
-0.015115
-0.015111
-0.014691
-0.013897
-0.013283
-0.012962
-0.012567
-0.012001
-0.011429
-0.010377
-0.009119
-0.008089
-0.006834
-0.005731
-0.005012
-0.004376
-0.003986
-0.004351
-0.005201
-0.006143
-0.007292
-0.008056
-0.008206
-0.008239
-0.008242
-0.008396
-0.009001
-0.009278
-0.008801
-0.007772
-0.005933
-0.003408
-0.000941
0.001326
0.003369
0.003904
0.004834
0.005419
0.005864
0.006208
0.006706
0.007079
0.007654
0.008539
0.009203
0.009237
0.008993
0.008423
0.00736
0.006365
0.006031
0.005799
0.005312
0.005277
0.005673
0.005922
0.006316
0.007017
0.007264
0.007277
0.007614
0.008144
0.008787
0.009174
0.009335
0.009902
0.010151
0.010489
0.010148
0.010197
0.010715
0.011061
0.011229
0.011887
0.012496
0.01251
0.012051
0.011871
0.011647
0.010469
0.00923
0.008181
0.006603
0.005542
0.005216
0.004225
0.003077
0.002285
0.001194
0.000356
0.000513
0.001008
0.000883
0.001054
0.001776
0.00211
0.002335
0.003062
0.003739
0.004141
0.004354
0.004872
0.004867
0.004853
0.004921
0.004517
0.004017
0.004003
0.004015
0.004366
0.004897
0.005557
0.006274
0.006563
0.006252
0.005463
0.004564
0.003385
0.002412
0.001867
0.001206
0.000439
-0.000082
-0.000596
-0.001127
-0.001443
-0.001728
-0.0021
-0.002303
-0.002441
-0.001769
-0.000531
0.000227
0.001366
0.002304
0.002502
0.001998
0.001561
0.00082
-0.000234
-0.001408
-0.002991
-0.004798
-0.006226
-0.007213
-0.007588
-0.007758
-0.008174
-0.008464
-0.008253
-0.007986
-0.007511
-0.006686
-0.006517
-0.006522
-0.006447
-0.008118
-0.009316
-0.00914
-0.010052
-0.011824
-0.012253
-0.012209
-0.011626
-0.011297
-0.009777
-0.008232
-0.006654
-0.004979
-0.003949
-0.002659
-0.001057
-0.000979
-0.001162
-0.000983
-0.001995
-0.003189
-0.004259
-0.006007
-0.007009
-0.007259
-0.007498
-0.007266
-0.006372
-0.005654
-0.00434
-0.002556
-0.001562
-0.001241
-0.000951
-0.001369
-0.002369
-0.003097
-0.003594
-0.004202
-0.005084
-0.005211
-0.004567
-0.004261
-0.003677
-0.002946
-0.002912
-0.003118
-0.003005
-0.003494
-0.003794
-0.003802
-0.004116
-0.004331
-0.004023
-0.003818
-0.003737
-0.002961
-0.001868
-0.000666
0.000905
0.002218
0.003349
0.004656
0.005994
0.006693
0.006704
0.006311
0.005519
0.0038
0.002555
0.001323
-0.000146
-0.000816
-0.001419
-0.002109
-0.002346
-0.002413
-0.002489
-0.00284
-0.002709
-0.001658
-0.000893
-0.000394
0.000716
0.001716
0.001699
0.001403
0.000526
-0.001154
-0.002537
-0.003013
-0.002812
-0.001838
0.000069
0.001968
0.003611
0.00583
0.007091
0.008299
0.00941
0.01048
0.011025
0.011499
0.011963
0.011686
0.010653
0.009532
0.007985
0.006438
0.006128
0.006903
0.007875
0.009278
0.011082
0.012232
0.012783
0.013164
0.013178
0.012476
0.011381
0.010101
0.008195
0.005708
0.003524
0.002037
0.000666
-0.000078
-0.000108
-0.000035
0.000046
0.000464
0.000937
0.001618
0.002442
0.002584
0.002339
0.002799
0.002984
0.003155
0.003859
0.004198
0.004241
0.004742
0.005575
0.006021
0.006745
0.007729
0.00829
0.009343
0.010196
0.010005
0.010142
0.009671
0.00844
0.006998
0.005271
0.003436
0.001335
0.000322
-0.001438
-0.00268
-0.004061
-0.004991
-0.005374
-0.005878
-0.005599
-0.004624
-0.004161
-0.003767
-0.003343
-0.003342
-0.003309
-0.002994
-0.002914
-0.003528
-0.00415
-0.004601
-0.005216
-0.005729
-0.005908
-0.006083
-0.006475
-0.006754
-0.006494
-0.005591
-0.00445
-0.003144
-0.001946
-0.001046
-0.000786
-0.000704
-0.00017
0.000419
0.000254
-0.000744
-0.001733
-0.00247
-0.003978
-0.005549
-0.006081
-0.006533
-0.006977
-0.007047
-0.006905
-0.006302
-0.005156
-0.003917
-0.002659
-0.00141
-0.000885
-0.001858
-0.002344
-0.002648
-0.00346
-0.00356
-0.003173
-0.003187
-0.003026
-0.002687
-0.002416
-0.002846
-0.003666
-0.004278
-0.005046
-0.006113
-0.006399
-0.006181
-0.006383
-0.006614
-0.006812
-0.007416
-0.008039
-0.008472
-0.00811
-0.007305
-0.006337
-0.005309
-0.004192
-0.003172
-0.00243
-0.001674
-0.001212
-0.001447
-0.002177
-0.002898
-0.004444
-0.006888
-0.007851
-0.007372
-0.0063
-0.004176
-0.001674
0.001031
0.002893
0.00242
0.000111
-0.003382
-0.007594
-0.011394
-0.013783
-0.014265
-0.012857
-0.010798
-0.008517
-0.006105
-0.003782
-0.001396
0.000738
0.002692
0.004519
0.005827
0.005692
0.005643
0.006185
0.005746
0.005063
0.005238
0.005817
0.006199
0.007879
0.009921
0.012543
0.014473
0.015936
0.015768
0.013937
0.011747
0.009717
0.006906
0.005097
0.005027
0.005147
0.005862
0.008028
0.010119
0.011809
0.014135
0.016116
0.016768
0.017619
0.018347
0.017751
0.017017
0.0163
0.014894
0.013663
0.013035
0.012343
0.011374
0.010663
0.009427
0.008485
0.007493
0.007168
0.007531
0.008609
0.009899
0.011007
0.011442
0.01037
0.007286
0.003348
-0.001165
-0.006265
-0.010349
-0.01206
-0.012168
-0.010919
-0.008059
-0.005062
-0.002635
-0.001056
-0.001022
-0.00225
-0.003381
-0.004214
-0.005607
-0.006414
-0.006487
-0.007203
-0.007716
-0.007553
-0.006382
-0.005047
-0.003492
-0.00122
0.000365
0.000837
0.001089
0.000433
-0.001566
-0.00426
-0.007197
-0.009589
-0.011102
-0.011954
-0.011741
-0.010894
-0.009974
-0.009217
-0.008948
-0.008948
-0.008933
-0.008853
-0.008377
-0.007578
-0.00715
-0.006837
-0.007024
-0.008305
-0.010493
-0.013048
-0.014838
-0.016336
-0.016124
-0.014423
-0.011336
-0.007803
-0.004568
-0.001527
-0.000009
0.000336
0.000237
0.000123
0.000264
0.001081
0.002357
0.003709
0.004789
0.005167
0.004883
0.004315
0.003905
0.003896
0.004695
0.006387
0.008824
0.011132
0.01223
0.012498
0.011718
0.009384
0.007122
0.005218
0.003596
0.002827
0.003019
0.00414
0.005974
0.009614
0.013466
0.016079
0.017984
0.018365
0.016604
0.014147
0.011152
0.007177
0.003779
0.002068
0.001275
0.00207
0.004203
0.006761
0.008884
0.01003
0.010453
0.010061
0.008916
0.00775
0.006816
0.006493
0.006569
0.006586
0.006349
0.006053
0.005745
0.005298
0.00481
0.004364
0.004006
0.003928
0.00433
0.005113
0.006178
0.007236
0.007373
0.006841
0.005924
0.004943
0.004007
0.003417
0.003411
0.003429
0.004013
0.004685
0.005435
0.00622
0.006385
0.005828
0.004548
0.002829
0.000616
-0.001163
-0.002764
-0.004271
-0.004901
-0.005354
-0.005459
-0.00548
-0.005349
-0.005149
-0.005441
-0.006248
-0.006918
-0.007473
-0.007868
-0.007874
-0.007705
-0.007773
-0.008316
-0.009471
-0.011416
-0.013434
-0.014895
-0.016315
-0.017534
-0.01788
-0.018155
-0.018943
-0.019895
-0.020797
-0.021715
-0.022307
-0.022641
-0.022778
-0.022392
-0.021135
-0.019724
-0.017999
-0.016115
-0.01462
-0.013402
-0.01231
-0.011451
-0.010591
-0.009538
-0.00862
-0.008083
-0.007471
-0.007161
-0.007249
-0.007287
-0.006907
-0.00657
-0.006045
-0.004903
-0.003383
-0.002062
-0.000936
-0.000226
-0.000378
-0.000855
-0.00095
-0.001172
-0.000844
0.000069
0.000777
0.001718
0.002696
0.003476
0.004073
0.004144
0.003982
0.003692
0.003106
0.0025
0.002425
0.002659
0.003009
0.003732
0.004422
0.004729
0.00512
0.005492
0.00601
0.006605
0.00697
0.006717
0.006136
0.005621
0.005289
0.005382
0.005935
0.006694
0.007387
0.008086
0.008472
0.008526
0.00855
0.008437
0.007822
0.007302
0.007489
0.007835
0.008308
0.009327
0.010043
0.010209
0.010158
0.009726
0.009291
0.009095
0.009241
0.010101
0.011218
0.011862
0.012459
0.012833
0.012897
0.012558
0.011826
0.010704
0.009225
0.007865
0.006848
0.006081
0.005493
0.005035
0.004241
0.003606
0.003303
0.002864
0.002739
0.003142
0.003289
0.003338
0.003348
0.002771
0.001744
0.000627
-0.000464
-0.001786
-0.002648
-0.003294
-0.004266
-0.004476
-0.004276
-0.004561
-0.004581
-0.004475
-0.004739
-0.004771
-0.0042
-0.003985
-0.003944
-0.003758
-0.004003
-0.004591
-0.004969
-0.00556
-0.006515
-0.007609
-0.008398
-0.009287
-0.009756
-0.009358
-0.008688
-0.008061
-0.007293
-0.007152
-0.007684
-0.008484
-0.009553
-0.010731
-0.011628
-0.012315
-0.012428
-0.011943
-0.010641
-0.009085
-0.007243
-0.005437
-0.004139
-0.00342
-0.002837
-0.002755
-0.002576
-0.002116
-0.002055
-0.001843
-0.001519
-0.001194
-0.001139
-0.001117
-0.001051
-0.001873
-0.003258
-0.004792
-0.006381
-0.007764
-0.008533
-0.008722
-0.008609
-0.008509
-0.008361
-0.008099
-0.007989
-0.007872
-0.007487
-0.006972
-0.006564
-0.005556
-0.00401
-0.002447
-0.00045
0.001193
0.002391
0.003592
0.004049
0.004894
0.005816
0.006566
0.007283
0.007765
0.00801
0.007982
0.007963
0.007951
0.007739
0.007875
0.008485
0.008809
0.008943
0.009291
0.00945
0.00907
0.008441
0.008114
0.007806
0.007928
0.008708
0.009578
0.01009
0.01042
0.010291
0.009344
0.008479
0.008084
0.007619
0.007288
0.007302
0.007275
0.006917
0.006857
0.006507
0.005963
0.00568
0.005396
0.004807
0.004166
0.003587
0.003056
0.00251
0.002313
0.001854
0.001423
0.000613
-0.00067
-0.001268
-0.002259
-0.004302
-0.00582
-0.005903
-0.006147
-0.005908
-0.003976
-0.002494
-0.002222
-0.001534
-0.001091
-0.000884
-0.00126
0.000117
0.001304
0.001405
0.002776
0.004859
0.004836
0.004709
0.004832
0.004293
0.003155
0.002582
0.001623
0.00142
0.002252
0.001929
0.001674
0.001626
0.00058
-0.000133
0.000398
0.000692
0.001044
0.001972
0.002095
0.000482
-0.001358
-0.002242
-0.003697
-0.0044
-0.003694
-0.002076
-0.001233
0.000061
0.001199
0.000714
0.000204
-0.000801
-0.003389
-0.004654
-0.004843
-0.004906
-0.003089
-0.001031
0.000145
0.002417
0.003855
0.002886
0.003137
0.004012
0.003428
0.004312
0.006844
0.00752
0.007265
0.007397
0.006044
0.003186
0.000294
-0.001644
-0.004773
-0.006055
-0.005234
-0.005322
-0.005158
-0.003796
-0.002756
-0.002345
-0.001303
-0.000262
0.00037
0.000311
0.000204
0.000202
-0.000454
-0.000658
-0.001194
-0.002055
-0.002118
-0.002148
-0.002535
-0.002362
-0.002557
-0.003211
-0.003116
-0.003834
-0.00491
-0.004507
-0.005165
-0.005944
-0.006834
-0.007043
-0.008214
-0.008974
-0.009303
-0.010331
-0.010505
-0.009245
-0.008359
-0.007273
-0.005552
-0.003979
-0.002366
-0.001639
-0.00132
-0.001888
-0.003093
-0.00407
-0.005212
-0.00576
-0.006224
-0.007803
-0.00922
-0.009957
-0.010572
-0.010903
-0.01014
-0.008732
-0.007372
-0.006507
-0.005724
-0.005136
-0.004277
-0.004259
-0.004537
-0.00308
-0.002199
-0.002434
-0.001893
-0.001492
-0.002139
-0.002238
-0.0023
-0.003093
-0.003605
-0.002969
-0.001745
-0.000939
0.000643
0.002464
0.002963
0.002956
0.003517
0.004041
0.003358
0.002769
0.002395
0.001682
0.001447
0.001445
0.001112
0.00102
0.000709
0.00019
-0.000653
-0.001042
-0.000509
0.000524
0.001415
0.002449
0.00288
0.002209
0.000481
-0.001354
-0.002061
-0.002538
-0.003356
-0.003215
-0.001536
0.00055
0.001627
0.002129
0.002934
0.003509
0.002673
0.003384
0.005463
0.005008
0.003699
0.003886
0.003136
0.001951
0.000944
0.000775
0.00044
0.0003
0.000169
0.000496
0.000885
0.000593
0.001522
0.004362
0.006419
0.00748
0.009352
0.009858
0.00895
0.008216
0.00694
0.005017
0.002982
0.000963
-0.000307
-0.0002
-0.000296
0.000366
0.002673
0.004298
0.004637
0.005504
0.005866
0.004806
0.00365
0.001824
-0.000891
-0.003744
-0.005709
-0.006436
-0.005797
-0.004257
-0.002593
-0.000579
0.001223
0.002218
0.002811
0.003736
0.003797
0.002988
0.002237
0.00118
-0.000219
-0.001726
-0.004268
-0.008207
-0.012674
-0.016983
-0.019845
-0.019525
-0.015636
-0.008669
0.001401
0.011966
0.020815
0.024803
0.028186
0.028013
0.02604
0.022749
0.017905
0.01315
0.008755
0.004553
0.001018
-0.002953
-0.006945
-0.009291
-0.010365
-0.011026
-0.010199
-0.008539
-0.006908
-0.004554
-0.00336
-0.003923
-0.004963
-0.006804
-0.00938
-0.011444
-0.012516
-0.012843
-0.012326
-0.00964
-0.006153
-0.003535
-0.000717
0.002009
0.0027
0.000892
-0.001766
-0.004672
-0.007907
-0.009906
-0.009841
-0.008613
-0.006798
-0.00443
-0.002666
-0.001969
-0.001515
-0.001495
-0.002714
-0.003874
-0.004702
-0.005965
-0.00756
-0.008392
-0.008522
-0.007907
-0.005934
-0.002603
0.001313
0.004935
0.007568
0.008468
0.008244
0.005974
0.003473
0.000651
-0.002109
-0.003045
-0.003075
-0.002507
-0.001521
-0.00101
-0.001272
-0.0017
-0.002004
-0.002173
-0.001187
0.00085
0.00267
0.005011
0.006563
0.006617
0.006536
0.005867
0.004629
0.003531
0.002635
0.002531
0.002977
0.003493
0.004639
0.00593
0.00626
0.005845
0.00457
0.002148
-0.00062
-0.002163
-0.001945
-0.000724
0.002039
0.005309
0.007654
0.009072
0.00939
0.008051
0.005743
0.003068
0.000139
-0.001611
-0.001971
-0.001137
0.000731
0.002291
0.003026
0.002726
0.001248
-0.00067
-0.001877
-0.002034
-0.001536
0.000987
0.005101
0.009051
0.01183
0.015448
0.017728
0.017848
0.01657
0.013937
0.010381
0.006938
0.004258
0.002483
0.001612
0.002288
0.003646
0.00534
0.00753
0.009593
0.010951
0.012014
0.01282
0.012346
0.01088
0.009703
0.008118
0.006064
0.00507
0.00493
0.00462
0.005092
0.006494
0.007808
0.008596
0.010077
0.011492
0.01161
0.011213
0.00995
0.008033
0.004567
-0.001023
-0.005067
-0.008691
-0.012753
-0.013847
-0.013008
-0.012232
-0.008608
-0.00487
-0.003171
-0.00124
-0.00092
-0.003341
-0.005056
-0.006997
-0.009534
-0.009165
-0.007363
-0.006123
-0.002919
0.000522
0.001768
0.002514
0.00269
0.001708
0.000419
-0.000571
-0.001792
-0.00184
-0.001031
0.000036
0.001802
0.003554
0.00391
0.0037
0.003793
0.002348
0.001222
0.001052
0.000053
-0.001042
-0.001346
-0.002743
-0.004323
-0.004364
-0.004609
-0.005498
-0.004578
-0.003287
-0.003249
-0.00287
-0.001889
-0.002011
-0.002519
-0.002663
-0.002222
-0.00303
-0.002961
-0.002127
-0.001856
-0.00132
-0.00066
-0.000278
-0.000386
-0.000876
-0.001124
-0.001466
-0.001442
-0.001328
-0.001008
-0.000247
0.000049
0.000078
-0.00036
-0.001602
-0.00282
-0.003888
-0.00425
-0.003949
-0.002802
-0.001451
-0.000285
0.000406
0.000265
-0.0009
-0.001945
-0.002628
-0.00353
-0.004027
-0.003251
-0.002248
-0.001163
-0.000055
0.000335
0.000258
0.000042
-0.000059
0.000353
0.001227
0.002372
0.0036
0.004392
0.004525
0.004269
0.004109
0.003221
0.002187
0.001515
0.000693
-0.001036
-0.002302
-0.002918
-0.003869
-0.004149
-0.003998
-0.00383
-0.003302
-0.00283
-0.002356
-0.001952
-0.001773
-0.001326
-0.001501
-0.00226
-0.002826
-0.003004
-0.003341
-0.004086
-0.004544
-0.004748
-0.004931
-0.004586
-0.003251
-0.00146
0.0006
0.002591
0.00353
0.0033
0.002133
0.000177
-0.002127
-0.004319
-0.006387
-0.007834
-0.008186
-0.007984
-0.007285
-0.00517
-0.001994
0.000305
0.002517
0.004583
0.00498
0.004685
0.003856
0.002169
-0.000383
-0.002511
-0.004165
-0.005519
-0.005693
-0.005364
-0.004884
-0.003347
-0.001741
-0.00061
0.000724
0.001456
0.000994
0.000141
-0.001433
-0.004128
-0.006166
-0.007448
-0.008384
-0.009305
-0.008479
-0.006645
-0.005403
-0.003244
-0.000087
0.001635
0.002368
0.003243
0.002699
0.000957
-0.000081
-0.000514
-0.001223
-0.001176
-0.000561
-0.000589
-0.000428
-0.000035
-0.000542
-0.000866
-0.000763
-0.000515
-0.000115
0.000323
0.001246
0.001641
0.001177
0.000775
-0.00019
-0.001206
-0.002083
-0.001792
-0.001287
-0.0002
0.001376
0.002632
0.003539
0.003978
0.004308
0.004492
0.004641
0.00443
0.004367
0.004791
0.004989
0.005491
0.005787
0.005716
0.0058
0.005686
0.004941
0.003973
0.00313
0.002296
0.001427
0.000402
-0.000375
-0.000869
-0.001098
-0.00114
-0.001138
-0.001031
-0.001165
-0.00195
-0.002564
-0.002548
-0.003413
-0.004312
-0.00468
-0.005292
-0.006034
-0.00578
-0.005584
-0.005626
-0.004978
-0.004178
-0.003812
-0.002891
-0.002109
-0.001831
-0.001372
-0.001123
-0.001166
-0.001182
-0.0011
-0.000916
-0.000243
0.000278
0.000474
0.0005
0.000243
-0.000198
-0.00041
-0.000418
-0.000164
0.000318
0.000675
0.001063
0.001291
0.000931
0.000696
0.000155
-0.000904
-0.001769
-0.002466
-0.002983
-0.0032
-0.003057
-0.002643
-0.002165
-0.001957
-0.001569
-0.001156
-0.000775
-0.000468
0.000102
0.000302
-0.000055
-0.000078
-0.000254
-0.000551
-0.000767
-0.001436
-0.002175
-0.003105
-0.004124
-0.004866
-0.005531
-0.006018
-0.005853
-0.005229
-0.004516
-0.003325
-0.002153
-0.0022
-0.002751
-0.003471
-0.004548
-0.005865
-0.006478
-0.006597
-0.006765
-0.006671
-0.006312
-0.006111
-0.005468
-0.004218
-0.002709
-0.001045
0.000837
0.002473
0.003434
0.003684
0.003909
0.003922
0.003599
0.003387
0.003254
0.003011
0.002909
0.002795
0.002797
0.002754
0.002972
0.00339
0.003353
0.003461
0.004202
0.004509
0.004537
0.004824
0.004529
0.00363
0.003268
0.002649
0.001827
0.001948
0.002266
0.002112
0.00283
0.003923
0.004209
0.004626
0.00492
0.005035
0.004578
0.004723
0.004709
0.004428
0.004756
0.004983
0.004761
0.004841
0.005047
0.00516
0.005487
0.005949
0.00625
0.006705
0.007276
0.007638
0.008037
0.008573
0.008558
0.008184
0.007776
0.006772
0.00563
0.004613
0.003523
0.002498
0.001556
0.000588
0.000169
-0.000268
-0.000311
-0.000412
-0.000192
0.000347
0.000565
0.000857
0.00118
0.00088
0.000194
-0.000758
-0.002051
-0.003221
-0.003668
-0.003555
-0.003141
-0.002516
-0.002229
-0.002298
-0.002548
-0.003013
-0.003278
-0.003368
-0.003535
-0.003538
-0.003591
-0.003985
-0.004186
-0.004635
-0.005011
-0.005582
-0.00596
-0.006415
-0.006521
-0.006328
-0.00616
-0.005765
-0.005317
-0.005404
-0.005249
-0.004923
-0.004845
-0.004302
-0.003489
-0.00306
-0.002416
-0.001705
-0.001629
-0.001512
-0.001318
-0.00171
-0.002258
-0.002576
-0.002601
-0.002458
-0.001807
-0.000763
0.000124
0.000774
0.001615
0.002082
0.002334
0.002482
0.002579
0.002216
0.001872
0.001675
0.001323
0.001224
0.001384
0.001631
0.002028
0.00233
0.002551
0.002622
0.002504
0.002524
0.00267
0.002312
0.00204
0.002133
0.001909
0.001824
0.002246
0.001969
0.001334
0.001239
0.000801
0.000442
0.000666
0.000793
0.000749
0.000962
0.001233
0.001124
0.001192
0.001158
0.00089
0.000715
0.000384
-0.000013
-0.000253
-0.000327
-0.00026
-0.00009
0.000114
-0.000019
-0.000061
0.000247
0.000508
0.000809
0.001271
0.001559
0.001551
0.00142
0.001353
0.001233
0.00106
0.000924
0.000798
0.000704
0.000695
0.000844
0.001199
0.001425
0.001601
0.001719
0.001529
0.001317
0.001295
0.001149
0.001139
0.001182
0.000979
0.000766
0.000712
0.000562
0.000485
0.000404
0.000079
-0.000332
-0.00066
-0.001076
-0.001325
-0.001375
-0.001588
-0.001866
-0.002059
-0.002351
-0.002482
-0.002444
-0.002395
-0.002383
-0.002376
-0.002446
-0.002573
-0.002591
-0.00252
-0.002452
-0.002402
-0.002426
-0.002465
-0.002406
-0.002185
-0.00189
-0.001507
-0.001261
-0.001109
-0.001008
-0.000905
-0.000747
-0.000521
-0.000337
-0.000221
-0.000206
-0.000194
-0.000146
-0.000039
0.000102
0.000209
0.000182
0.000082
-0.000002
-0.000051
-0.000061
-0.000022
-0.000036
-0.000155
-0.000357
-0.000526
-0.000624
-0.000635
-0.000665
-0.000724
-0.000897
-0.001114
-0.001302
-0.001409
-0.001482
-0.001552
-0.001701
-0.001918
-0.002163
-0.002311
-0.002378
-0.002379
-0.002412
-0.002504
-0.002706
-0.002894
-0.002994
-0.002958
-0.002884
-0.002816
-0.002842
-0.002929
-0.003016
-0.002978
-0.002858
-0.00266
-0.002489
-0.0024
-0.002369
-0.002253
-0.002085
-0.001838
-0.001567
-0.001358
-0.001273
-0.001184
-0.001051
-0.000816
-0.000519
-0.000208
-0.000015
0.000086
0.000133
0.000242
0.000409
0.000639
0.000819
0.000903
0.000873
0.000834
0.000833
0.000914
0.000999
0.001038
0.000941
0.00077
0.000586
0.000484
0.000442
0.00043
0.000328
0.000128
-0.000155
-0.000396
-0.000568
-0.000647
-0.000731
-0.000869
-0.001113
-0.001371
-0.001586
-0.001679
-0.001711
-0.001728
-0.001829
-0.001988
-0.002166
-0.00224
-0.002212
-0.002098
-0.002012
-0.001983
-0.002035
-0.002055
-0.001994
-0.001797
-0.001555
-0.001327
-0.001188
-0.001081
-0.000963
-0.000734
-0.000422
-0.000069
0.000202
0.000395
0.000522
0.000696
0.000947
0.001293
0.001622
0.001881
0.00202
0.002126
0.00225
0.002468
0.00272
0.002955
0.003067
0.003089
0.00306
0.003092
0.003181
0.003313
0.00337
0.003325
0.003164
0.003002
0.002888
0.002868
0.002851
0.002782
0.002586
0.002325
0.002053
0.001875
0.00176
0.001672
0.0015
0.00125
0.000939
0.000688