0.01194
0.015466
0.017728
0.015046
0.009571
0.004321
0.002678
0.002915
0.003734
0.003311
0.001125
-0.000358
0.001228
0.003831
0.003092
-0.000831
-0.002709
-0.001403
-0.001383
-0.005258
-0.008884
-0.007866
-0.004266
-0.00359
-0.006281
-0.007398
-0.00555
-0.004644
-0.006054
-0.005506
-0.001133
0.002226
0.001356
-0.000652
-0.002179
-0.005709
-0.009964
-0.008417
-0.000349
0.007059
0.009609
0.009653
0.007797
0.002477
-0.002489
-0.00269
-0.00078
-0.000085
0.003161
0.009521
0.009948
0.001438
-0.004101
0.000453
0.004446
-0.000434
-0.004798
0.000401
0.005796
0.000625
-0.008402
-0.009427
-0.003864
0.000295
0.002028
0.004509
0.007367
0.008026
0.005114
-0.002735
-0.012942
-0.016699
-0.010928
-0.005896
-0.010869
-0.016934
-0.010794
0.001729
0.0035
-0.005601
-0.009944
-0.00585
-0.00689
-0.017835
-0.025291
-0.019423
-0.007526
0.000206
0.002573
0.002186
0.000047
-0.00175
-0.003478
-0.009465
-0.017892
-0.017588
-0.006227
0.002643
0.00074
-0.000828
0.006675
0.011728
0.003641
-0.007435
-0.00679
0.001664
0.005556
0.004912
0.006814
0.009728
0.007476
0.000149
-0.005344
-0.004707
0.002133
0.01211
0.019387
0.019625
0.015444
0.011557
0.006348
-0.004069
-0.015402
-0.018549
-0.013321
-0.007114
-0.001235
0.007856
0.015015
0.01204
0.003228
-0.000994
-0.0022
-0.009177
-0.018216
-0.018152
-0.010087
-0.003963
-0.000425
0.005266
0.010646
0.00994
0.004169
-0.00463
-0.017024
-0.026251
-0.021806
-0.007006
0.002757
0.003088
0.003299
0.005974
0.004003
-0.002609
-0.005846
-0.004681
-0.004792
-0.005457
-0.002354
0.001022
0.000773
0.000721
0.00405
0.006153
0.005128
0.006662
0.011999
0.012302
0.004175
-0.00412
-0.006197
-0.004522
-0.000179
0.007252
0.012248
0.010496
0.008549
0.0117
0.010106
-0.002905
-0.01299
-0.005134
0.009512
0.011311
0.00435
0.004639
0.009617
0.006744
0.001042
0.005601
0.013545
0.007845
-0.005622
-0.005151
0.007762
0.009464
-0.003566
-0.006304
0.009834
0.018241
0.002237
-0.013359
-0.002443
0.018159
0.016579
-0.002246
-0.010251
-0.002661
0.00048
-0.008258
-0.013732
-0.004418
0.010549
0.013554
0.000914
-0.01185
-0.010118
-0.001686
-0.004428
-0.013775
-0.009182
0.007576
0.014325
0.010166
0.012843
0.01728
0.000479
-0.027711
-0.03348
-0.015563
-0.005736
-0.009279
-0.00068
0.023982
0.037244
0.0276
0.011291
0.000281
-0.007593
-0.010689
-0.004127
0.007807
0.01744
0.021548
0.017752
0.00562
-0.007819
-0.015445
-0.020136
-0.025807
-0.027373
-0.021985
-0.015361
-0.009302
0.00011
0.010022
0.011562
0.002644
-0.012108
-0.025944
-0.029391
-0.020518
-0.014165
-0.02064
-0.021921
-0.000581
0.023656
0.021976
0.00478
0.00039
0.006967
0.006915
0.003376
0.006168
0.006565
-0.000164
0.004566
0.030957
0.059201
0.068824
0.065174
0.062777
0.064179
0.061348
0.04715
0.025119
0.012053
0.019965
0.036527
0.043189
0.041825
0.041009
0.031726
0.007253
-0.008932
0.009813
0.051345
0.076371
0.063687
0.02675
-0.006607
-0.021921
-0.028972
-0.041783
-0.046428
-0.016392
0.037223
0.065823
0.049412
0.019359
0.000562
-0.023907
-0.064077
-0.091328
-0.086372
-0.075434
-0.08521
-0.098953
-0.09217
-0.078248
-0.085
-0.105346
-0.10924
-0.089247
-0.066964
-0.057888
-0.056664
-0.055204
-0.055229
-0.060444
-0.066322
-0.062898
-0.044408
-0.017216
0.002897
0.010941
0.027314
0.074627
0.138943
0.177631
0.174632
0.159151
0.159725
0.166864
0.160256
0.14002
0.111652
0.06601
0.001957
-0.055106
-0.084383
-0.096858
-0.105804
-0.099014
-0.06744
-0.034138
-0.023474
-0.030742
-0.042826
-0.058819
-0.065485
-0.037024
0.02119
0.07006
0.094327
0.11284
0.124054
0.10195
0.053422
0.016064
-0.000412
-0.013451
-0.022355
-0.023519
-0.038991
-0.077502
-0.102255
-0.091785
-0.075506
-0.074534
-0.066436
-0.049082
-0.054477
-0.078141
-0.076932
-0.04795
-0.028575
-0.01788
0.009927
0.037329
0.031831
0.019423
0.038171
0.057289
0.027285
-0.019756
-0.013774
0.037782
0.062715
0.039991
0.022118
0.04397
0.07664
0.087419
0.092336
0.119896
0.16269
0.195219
0.208445
0.196494
0.143008
0.054377
-0.023244
-0.056599
-0.064731
-0.07237
-0.065229
-0.029407
0.00517
0.004074
-0.021786
-0.038065
-0.030226
-0.003705
0.029381
0.047563
0.040099
0.030959
0.042482
0.044501
-0.00117
-0.059743
-0.05889
-0.003808
0.018787
-0.032301
-0.101133
-0.124516
-0.111434
-0.100825
-0.095518
-0.071622
-0.02587
0.015152
0.027878
0.018824
0.012508
0.015032
0.006498
-0.016738
-0.02128
0.01081
0.042063
0.03224
-0.000165
-0.012418
-0.00422
-0.006873
-0.03003
-0.058833
-0.082138
-0.090471
-0.072476
-0.036563
-0.009614
0.006029
0.04008
0.102933
0.160377
0.176506
0.155422
0.122417
0.091142
0.058984
0.019112
-0.029203
-0.071946
-0.088775
-0.078258
-0.065509
-0.068134
-0.07205
-0.057663
-0.03753
-0.044688
-0.093387
-0.158422
-0.192123
-0.167724
-0.11344
-0.085015
-0.089831
-0.080985
-0.041408
-0.022699
-0.053039
-0.07329
-0.024671
0.052823
0.084429
0.073243
0.069607
0.07255
0.041249
-0.024068
-0.07983
-0.09586
-0.070601
-0.024227
0.004122
-0.008511
-0.027959
-0.010751
0.016507
-0.004131
-0.052181
-0.047806
0.021015
0.081417
0.092162
0.087108
0.09327
0.084119
0.033568
-0.045577
-0.127695
-0.194925
-0.225009
-0.201188
-0.141102
-0.085471
-0.057991
-0.051616
-0.047927
-0.03671
-0.034437
-0.075921
-0.162497
-0.225056
-0.195419
-0.111457
-0.073484
-0.090095
-0.066582
0.024476
0.085438
0.052042
-0.007948
-0.02324
-0.030316
-0.07612
-0.112213
-0.081933
-0.023143
0.003211
0.009084
0.029703
0.052662
0.058187
0.059458
0.062225
0.051404
0.0499
0.10215
0.18016
0.199235
0.158962
0.155069
0.219321
0.258591
0.201567
0.098006
0.020329
-0.039803
-0.117138
-0.19292
-0.227447
-0.218743
-0.1869
-0.140555
-0.07955
-0.003778
0.0912
0.200757
0.297634
0.345928
0.32305
0.22826
0.085236
-0.063352
-0.189854
-0.293585
-0.369443
-0.395953
-0.38049
-0.369828
-0.385341
-0.393062
-0.366007
-0.324959
-0.28692
-0.227037
-0.129689
-0.036091
-0.002917
-0.033017
-0.076875
-0.089872
-0.066466
-0.018208
0.052527
0.141139
0.231291
0.318077
0.412433
0.501338
0.552601
0.574382
0.605252
0.616724
0.53265
0.379647
0.299727
0.344998
0.400348
0.366587
0.284424
0.203282
0.077712
-0.129747
-0.352691
-0.50486
-0.565449
-0.549179
-0.47412
-0.387812
-0.335506
-0.292629
-0.20556
-0.096885
-0.047351
-0.069546
-0.077408
-0.013524
0.04905
0.005422
-0.112581
-0.14467
-0.012995
0.168357
0.228827
0.146017
0.028861
-0.034447
-0.039684
0.001226
0.086056
0.193243
0.285287
0.346319
0.371511
0.328086
0.178122
-0.045035
-0.236989
-0.318071
-0.299733
-0.231682
-0.125816
0.026241
0.184436
0.275497
0.285788
0.274109
0.280866
0.274788
0.21233
0.107261
0.028643
0.030507
0.09791
0.170894
0.235
0.331358
0.453707
0.485683
0.333801
0.073554
-0.124758
-0.191339
-0.17848
-0.140337
-0.083245
-0.011598
0.048723
0.073246
0.076147
0.121112
0.246555
0.369291
0.356846
0.223556
0.126701
0.126333
0.117881
0.043092
-0.033168
-0.092626
-0.197003
-0.31694
-0.335807
-0.252174
-0.192965
-0.220915
-0.287091
-0.356955
-0.433153
-0.49822
-0.533044
-0.536011
-0.465381
-0.286221
-0.093694
-0.033094
-0.074077
-0.044545
0.095814
0.195862
0.15113
0.042005
-0.010179
0.006573
0.036969
0.06108
0.099595
0.154319
0.1843
0.152587
0.084008
0.042895
0.053959
0.08692
0.114707
0.131708
0.126518
0.098479
0.084965
0.11003
0.138363
0.133517
0.115598
0.106109
0.07762
0.018417
-0.020908
-0.00477
0.03113
0.044089
0.044154
0.058566
0.089857
0.123775
0.13943
0.118409
0.078478
0.068299
0.09819
0.120261
0.10715
0.093983
0.113728
0.146477
0.1632
0.176025
0.211608
0.264196
0.294557
0.263839
0.167956
0.049138
-0.026783
-0.02019
0.05365
0.135191
0.164359
0.118999
0.021436
-0.089979
-0.178362
-0.203542
-0.147946
-0.054854
-0.002161
-0.011495
-0.038286
-0.054393
-0.088793
-0.160423
-0.233768
-0.269526
-0.274505
-0.26989
-0.252725
-0.216978
-0.17572
-0.137812
-0.093704
-0.042829
-0.010292
-0.017511
-0.059066
-0.118079
-0.183054
-0.232677
-0.235844
-0.186332
-0.116869
-0.065253
-0.052309
-0.097462
-0.197556
-0.272981
-0.197963
0.04646
0.305246
0.392666
0.287271
0.119211
0.01624
0.007883
0.057616
0.110816
0.124978
0.096429
0.065667
0.068628
0.09225
0.098322
0.065141
-0.02449
-0.181633
-0.35148
-0.399893
-0.241448
0.035874
0.230206
0.229356
0.096112
-0.059556
-0.197035
-0.294907
-0.288325
-0.151214
0.005817
0.012395
-0.169027
-0.388743
-0.471421
-0.376836
-0.17506
0.062533
0.278015
0.376482
0.293926
0.12997
0.06969
0.136156
0.154984
0.042427
-0.064805
-0.036964
0.036406
0.002053
-0.140885
-0.283932
-0.36193
-0.369877
-0.318742
-0.241195
-0.175034
-0.128955
-0.105264
-0.125602
-0.181671
-0.207076
-0.152226
-0.045311
0.03902
0.038076
-0.054376
-0.158959
-0.175417
-0.110013
-0.060905
-0.058249
-0.039418
0.010281
0.02694
-0.001084
-0.013413
0.008608
0.037585
0.083807
0.160157
0.20792
0.179972
0.126111
0.092106
0.019273
-0.124047
-0.223596
-0.151766
0.04113
0.210865
0.30407
0.368924
0.402132
0.337177
0.164607
-0.021686
-0.131982
-0.159009
-0.143353
-0.102252
-0.031986
0.041363
0.051209
-0.03637
-0.170538
-0.258795
-0.270246
-0.25095
-0.229157
-0.169211
-0.068535
-0.008048
-0.034191
-0.085625
-0.109372
-0.140435
-0.189176
-0.160151
-0.002048
0.18085
0.266285
0.271544
0.257781
0.219119
0.144407
0.078392
0.035479
-0.030058
-0.127177
-0.192942
-0.188928
-0.142025
-0.08927
-0.052374
-0.055272
-0.091417
-0.109397
-0.074244
-0.007164
0.063305
0.12652
0.158181
0.126713
0.040838
-0.049752
-0.090033
-0.045751
0.064686
0.168113
0.210683
0.218853
0.242335
0.287506
0.346983
0.423167
0.481968
0.467018
0.37635
0.236246
0.029673
-0.221945
-0.374167
-0.322697
-0.174324
-0.082516
-0.028511
0.057948
0.112721
0.06713
0.020097
0.079532
0.163244
0.142157
0.056719
0.023785
0.048847
0.062786
0.045983
0.015454
-0.024543
-0.063751
-0.087313
-0.11722
-0.179574
-0.22925
-0.194589
-0.088476
-0.002887
0.015689
0.001473
-0.008366
-0.026518
-0.065756
-0.095578
-0.079632
-0.037104
-0.024202
-0.060141
-0.105345
-0.114376
-0.088366
-0.064657
-0.067867
-0.078679
-0.061606
-0.017284
0.007415
-0.018806
-0.062789
-0.073944
-0.060301
-0.068799
-0.114907
-0.185563
-0.281875
-0.394879
-0.459062
-0.415733
-0.308038
-0.240184
-0.233345
-0.214904
-0.150022
-0.101871
-0.122827
-0.161881
-0.135094
-0.041105
0.058671
0.146134
0.244075
0.334485
0.361069
0.315384
0.236625
0.144833
0.052845
0.01819
0.072748
0.131716
0.091502
-0.010935
-0.064363
-0.055198
-0.044706
-0.020896
0.079794
0.235822
0.34384
0.351088
0.291996
0.217036
0.147639
0.087617
0.034339
-0.013108
-0.055083
-0.094959
-0.123661
-0.108903
-0.041675
0.026525
0.05097
0.07072
0.144293
0.242828
0.285173
0.257913
0.209244
0.161132
0.102356
0.048375
0.036801
0.079425
0.154776
0.235376
0.299293
0.328117
0.309841
0.252999
0.195489
0.187278
0.234793
0.274614
0.241775
0.150968
0.065152
0.006234
-0.044457
-0.079161
-0.064848
0.002799
0.093089
0.171611
0.206192
0.170032
0.07242
-0.039986
-0.126494
-0.165205
-0.126957
-0.002232
0.138702
0.182398
0.102947
-0.003949
-0.04937
-0.063449
-0.126423
-0.233158
-0.295628
-0.278543
-0.243559
-0.234166
-0.202921
-0.111675
-0.020589
-0.000148
-0.02163
-0.014517
0.027759
0.072157
0.118565
0.167237
0.177945
0.12616
0.057015
0.023046
0.016199
0.011694
0.025563
0.076864
0.131961
0.137847
0.083372
0.00098
-0.072962
-0.113592
-0.103993
-0.039769
0.062254
0.17015
0.250546
0.275598
0.233637
0.138114
0.016281
-0.112948
-0.227619
-0.288697
-0.275314
-0.229133
-0.213687
-0.231073
-0.229366
-0.190281
-0.150463
-0.138621
-0.149529
-0.17152
-0.179229
-0.123795
0.001914
0.120065
0.156976
0.136084
0.112705
0.081
0.020601
-0.023004
0.007479
0.090887
0.156122
0.164815
0.121281
0.046587
-0.023764
-0.061235
-0.07997
-0.104604
-0.119966
-0.105101
-0.084783
-0.082493
-0.061923
0.00675
0.067891
0.046337
-0.040474
-0.116209
-0.153698
-0.177972
-0.195957
-0.191525
-0.161478
-0.106129
-0.020599
0.068567
0.097748
0.042859
-0.041618
-0.092564
-0.110527
-0.124504
-0.127373
-0.079341
0.029106
0.141648
0.171456
0.089305
-0.032805
-0.093285
-0.074293
-0.036753
-0.014032
0.024118
0.088723
0.137296
0.140495
0.122564
0.109072
0.089758
0.051153
0.007619
-0.022616
-0.040569
-0.046912
-0.028473
0.01864
0.069864
0.097369
0.098621
0.080498
0.032967
-0.047588
-0.118769
-0.122852
-0.066833
-0.019178
-0.019002
-0.040452
-0.056761
-0.073134
-0.083868
-0.05847
0.006043
0.066905
0.088841
0.072828
0.028967
-0.033817
-0.087502
-0.09986
-0.072935
-0.033833
0.007532
0.055937
0.092562
0.083526
0.030158
-0.021172
-0.030207
-0.000776
0.03548
0.051083
0.036808
0.00015
-0.038411
-0.05971
-0.060806
-0.048061
-0.022287
0.012651
0.036459
0.032836
0.014914
0.007047
0.006041
-0.011645
-0.050561
-0.089785
-0.112587
-0.11881
-0.110525
-0.090611
-0.075986
-0.085548
-0.111655
-0.126215
-0.119149
-0.104731
-0.079404
-0.01863
0.067524
0.120781
0.114815
0.099633
0.118859
0.133573
0.097006
0.051804
0.063878
0.107442
0.110834
0.07684
0.064981
0.087122
0.106471
0.111005
0.109009
0.083106
0.023085
-0.032425
-0.049994
-0.053786
-0.069439
-0.068502
-0.024946
0.025029
0.03348
0.006036
-0.030558
-0.074712
-0.121142
-0.134668
-0.096454
-0.040412
-0.007667
0.002453
0.009243
0.012987
0.007898
0.002145
0.004772
0.013211
0.017088