0.008657
0.0092
0.005845
0.001056
0.000141
0.000235
-0.000942
-0.001851
-0.000437
0.004933
0.005288
0.002467
0.002235
0.00194
-0.00126
-0.001002
0.002183
0.003605
-0.001001
-0.008189
-0.009727
-0.008354
-0.005564
0.005457
0.017666
0.019794
0.013969
0.010043
0.009061
0.007635
0.018464
0.031648
0.026935
0.019199
0.018034
0.011002
-0.006642
-0.017993
-0.021447
-0.025477
-0.019935
-0.007127
0.000942
0.005851
0.008648
0.009323
0.00556
0.003959
0.001068
-0.011286
-0.012093
0.009457
0.027824
0.020461
0.018706
0.022357
0.01036
-0.005295
-0.009273
-0.012495
-0.026209
-0.02668
-0.011323
0.012357
0.040937
0.050808
0.033268
0.002004
-0.0044
0.010544
0.025192
0.041254
0.049747
0.028669
-0.008916
-0.013598
0.011372
0.017058
0.00398
-0.01021
-0.04468
-0.069738
-0.065067
-0.030562
-0.000372
0.035935
0.076933
0.086913
0.051726
0.0055
-0.00528
-0.007964
-0.011373
-0.020154
-0.001534
0.047503
0.061614
0.028935
-0.024146
-0.05163
-0.048917
-0.045346
-0.022382
0.030516
0.079606
0.085222
0.054317
0.021395
-0.014381
-0.056931
-0.064824
-0.031671
0.014156
0.052024
0.073742
0.05697
-0.000353
-0.03003
-0.010205
0.018746
0.003274
-0.022775
-0.012787
0.011548
-0.006434
-0.05633
-0.038378
0.009214
-0.003772
-0.048061
-0.047536
-0.023079
0.028752
0.094084
0.108483
0.053575
0.026233
0.033696
0.004491
-0.029081
-0.046344
-0.062096
-0.052582
0.027696
0.105634
0.085117
0.006735
-0.050501
-0.081057
-0.107144
-0.086506
-0.033779
-0.000578
0.024036
0.061005
0.085535
0.051287
-0.00737
-0.046031
-0.037349
0.018902
0.060041
0.057918
0.040942
0.03439
0.00524
-0.068511
-0.128644
-0.120773
-0.069081
-0.018655
0.044934
0.077619
0.047778
0.030155
0.059121
0.083284
0.082934
0.074386
0.054743
0.012186
-0.033489
-0.077317
-0.099375
-0.100596
-0.097791
-0.080614
-0.048126
-0.029843
-0.04106
-0.049773
0.004717
0.080579
0.096149
0.050419
-0.011133
-0.027199
-0.004239
0.007929
-0.016915
-0.044735
-0.029432
0.018955
0.044786
0.073286
0.091295
0.039763
-0.014878
-0.018567
-0.002116
0.01533
0.030254
0.006322
-0.065361
-0.121304
-0.128235
-0.108675
-0.077482
-0.023811
0.02162
0.015102
0.003747
0.019277
0.017752
-0.000898
0.00514
0.019628
-0.000623
-0.033203
-0.043892
-0.055886
-0.084846
-0.059756
0.036328
0.11032
0.115885
0.115478
0.126492
0.085276
0.004779
-0.043339
-0.051796
-0.05936
-0.045292
-0.022904
-0.029731
-0.061566
-0.078574
-0.045492
-0.009216
-0.011046
-0.024806
-0.032217
-0.040692
-0.051406
-0.042017
-0.032002
-0.062499
-0.073123
-0.038597
-0.014108
-0.026589
-0.032635
0.004471
0.036677
0.042571
0.072905
0.142872
0.176811
0.122581
0.033806
-0.036257
-0.088693
-0.130805
-0.153326
-0.158234
-0.138981
-0.116596
-0.109815
-0.101491
-0.095362
-0.119035
-0.14429
-0.136257
-0.088452
-0.037723
0.015572
0.082661
0.117202
0.103234
0.058261
0.037923
0.034904
0.030508
0.011083
-0.010919
-0.01487
0.00151
0.031891
0.04468
0.015093
-0.051134
-0.113204
-0.159728
-0.17379
-0.17261
-0.165828
-0.139815
-0.088284
0.010376
0.099429
0.086867
0.00869
-0.01761
0.002719
0.01308
0.005053
-0.000319
-0.006556
-0.027679
-0.026339
0.004718
0.040117
0.051401
0.004832
-0.045288
-0.059486
0.022324
0.148544
0.260349
0.363096
0.409235
0.408254
0.317877
0.157293
0.001287
-0.101416
-0.148837
-0.174658
-0.246243
-0.301886
-0.306621
-0.249607
-0.16457
0.112518
0.508691
0.497511
0.223626
0.019455
-0.016074
0.003696
0.052376
0.169805
0.264875
0.264394
0.251309
0.202238
0.062163
-0.085801
-0.117239
-0.082612
-0.074297
-0.038594
0.053845
0.069681
-0.028417
-0.110884
-0.173903
-0.181388
-0.137043
-0.048663
0.118672
0.330763
0.487654
0.514376
0.334069
0.186822
0.171473
0.15379
0.100172
0.029256
-0.022247
-0.05492
-0.082396
-0.108298
-0.141492
-0.171432
-0.204436
-0.247792
-0.290528
-0.34067
-0.355161
-0.350565
-0.277997
-0.201104
-0.141934
-0.033856
0.19299
0.194608
-0.039007
-0.18359
-0.227655
-0.25587
-0.306511
-0.29275
-0.228256
-0.226249
-0.230112
-0.152191
0.24738
0.553254
0.540393
0.516639
0.380219
0.28697
0.224065
0.154355
0.033052
-0.061596
-0.135124
-0.188651
-0.23388
-0.247293
-0.19187
-0.102317
0.001474
0.09019
0.159023
0.212406
0.250701
0.254235
0.240116
0.208141
0.164848
0.094437
0.010527
-0.063587
-0.130203
-0.161554
-0.182645
-0.202829
-0.187613
-0.124579
-0.085219
-0.104363
-0.127936
-0.105571
-0.067108
-0.053581
-0.031206
0.001296
0.05686
0.134761
0.191018
0.205664
0.226218
0.264561
0.266635
0.191024
0.102379
0.044557
0.006442
-0.033854
-0.102012
-0.17801
-0.243485
-0.276533
-0.282762
-0.286741
-0.287641
-0.278147
-0.271213
-0.264292
-0.254275
-0.232058
-0.165485
-0.046578
0.12518
0.168988
0.065206
0.002892
-0.006744
0.050997
0.141324
0.231323
0.254072
0.17073
0.074114
0.004252
-0.01199
0.032028
0.083397
0.100624
0.088773
0.076691
0.050793
0.016512
0.014543
0.035261
0.053393
0.081618
0.117923
0.131706
0.097853
0.044677
0.004146
-0.031895
-0.042447
-0.041507
-0.043935
-0.061466
-0.077945
-0.083323
-0.077186
-0.031481
0.038059
0.099944
0.129573
0.124888
0.085444
0.018359
-0.040118
-0.056762
-0.031448
0.013522
0.044764
0.050101
0.042496
0.037585
0.041416
0.043576
0.043051
0.046964
0.056498
0.080459
0.102593
0.111356
0.074446
0.022725
-0.010538
-0.033275
-0.04771
-0.06374
-0.076443
-0.078383
-0.034347
0.029221
0.087901
0.095477
0.021877
-0.061056
-0.114003
-0.141836
-0.154372
-0.169474
-0.17073
-0.13895
-0.08597
-0.02832
0.029714
0.065336
0.059058
0.034176
0.028421
0.037524
0.025938
0.0031
-0.012234
-0.026613
-0.028164
-0.014365
0.021999
0.070218
0.088125
0.061735
0.000313
-0.047175
-0.061789
-0.06322
-0.057206
-0.044106
-0.03358
-0.036749
-0.04665
-0.054921
-0.055915
-0.047217
-0.022007
0.014393
0.052519
0.101248
0.149699
0.172741
0.175412
0.176046
0.179414
0.168369
0.132899
0.100173
0.086973
0.071481
0.038086
0.008067
-0.016669
-0.042081
-0.059348
-0.080109
-0.108137
-0.136765
-0.16012
-0.177907
-0.194445
-0.202183
-0.190878
-0.161549
-0.130918
-0.104477
-0.085726
-0.0604
-0.019485
0.022727
0.047267
0.05463
0.064387
0.089221
0.117417
0.146927
0.170307
0.172907
0.126274
0.039791
-0.027746
-0.069197
-0.090639
-0.111946
-0.110061
-0.067004
-0.009707
0.030252
0.030685
-0.004594
-0.050876
-0.07751
-0.084331
-0.08212
-0.086152
-0.063056
-0.017942
0.028833
0.063404
0.071613
0.052296
0.022538
0.011187
0.006201
-0.000056
-0.013894
-0.028345
-0.045528
-0.062799
-0.068132
-0.067656
-0.070297
-0.069685
-0.058845
-0.048408
-0.046855
-0.047167
-0.04105
-0.030749
-0.008672
0.026044
0.067601
0.105582
0.124831
0.112016
0.061079
0.009101
-0.026677
-0.041548
-0.047233
-0.05241
-0.052973
-0.05576
-0.06374
-0.077576
-0.092604
-0.097802
-0.085393
-0.062329
-0.036609
-0.01175
0.004854
0.018965
0.041334
0.067961
0.088022
0.10677
0.127621
0.142251
0.128342
0.088318
0.067095
0.06062
0.059334
0.070109
0.083003
0.079269
0.047678
0.007811
-0.026684
-0.051606
-0.064177
-0.067541
-0.058333
-0.046116
-0.044413
-0.055902
-0.073596
-0.082551
-0.082421
-0.078728
-0.050625
-0.00018
0.054781
0.110033
0.164937
0.19682
0.19732
0.174981
0.14094
0.112
0.085779
0.061473
0.033627
-0.002348
-0.032584
-0.049629
-0.053917
-0.046806
-0.03556
-0.029277
-0.026065
-0.033917
-0.052763
-0.059118
-0.056296
-0.050356
-0.049863
-0.053166
-0.05519
-0.052019
-0.040277
-0.026886
-0.020906
-0.025039
-0.031391
-0.037327
-0.04188
-0.038532
-0.026266
-0.013927
-0.009359
-0.010361
-0.020614
-0.033711
-0.042344
-0.047376
-0.056884
-0.067384
-0.068146
-0.055852
-0.030298
0.00194
0.026673
0.031509
0.026257
0.015402
-0.00002
-0.021541
-0.039747
-0.047276
-0.049079
-0.049194
-0.052471
-0.058637
-0.061673
-0.044646
-0.016327
-0.00066
0.007161
0.016349
0.027123
0.03708
0.043847
0.042948
0.031674
0.015182
0.003959
0.003496
0.009159
0.015563
0.020834
0.023922
0.021772
0.01514
0.009445
0.012477
0.022452
0.032956
0.037081
0.030964
0.017827
0.004161
0.00077
0.00038
-0.001482
0.002082
0.011989
0.022365
0.027211
0.029697
0.038576
0.052702
0.060451
0.056794
0.046135
0.031188
0.0156
0.005203
0.002475
0.005987
0.01274
0.030812
0.053309
0.067345
0.070152
0.064163
0.057502
0.051169
0.045061
0.040997
0.037258
0.029745
0.021371
0.018169
0.018019
0.018173
0.016453
0.016772
0.019623
0.02169
0.022429
0.017393
0.009443
0.000241
-0.012064
-0.023729
-0.033001
-0.040309
-0.042443
-0.037303
-0.026059
-0.011278
0.004153
0.016376
0.019584
0.016195
0.013705
0.01584
0.017062
0.012061
0.002863
-0.010386
-0.024235
-0.035797
-0.04555
-0.054808
-0.060489
-0.057676
-0.049542
-0.041521
-0.035345
-0.02755
-0.017278
-0.007375
-0.000239
0.004681
0.009194
0.012536
0.014727
0.020574
0.035576
0.053997
0.068109
0.075115
0.070413
0.055304
0.03916
0.029053
0.023345
0.017933
0.012935
0.005874
-0.00573
-0.016718
-0.027831
-0.041504
-0.052012
-0.051544
-0.038645
-0.021584
-0.004466
0.008298
0.007892
-0.002004
-0.010899
-0.015016
-0.011076
0.003277
0.024327
0.038698
0.042518
0.040211
0.034457
0.028524
0.024772
0.025213
0.027005
0.026634
0.023645
0.016347
0.001956
-0.015888
-0.029966
-0.035334
-0.035588
-0.035898
-0.034986
-0.031953
-0.025275
-0.016664
-0.008753
-0.002943
-0.001752
-0.004847
-0.009952
-0.009988
-0.004
0.004527
0.014472
0.026167
0.034992
0.035502
0.027231
0.013132
-0.005212
-0.024625
-0.038936
-0.045219
-0.041104
-0.031394
-0.021744
-0.019531
-0.028468
-0.039249
-0.041991
-0.03676
-0.029813
-0.027465
-0.028946
-0.027677
-0.017497
0.001285
0.021672
0.035163
0.042413
0.039733
0.026856
0.010705
-0.001387
-0.006355
-0.000714
0.009494
0.015183
0.01391
0.006525
-0.000848
-0.009311
-0.017492
-0.023149
-0.024679
-0.025108
-0.021707
-0.01318
-0.003396
0.00057
-0.004803
-0.019129
-0.039047
-0.051985
-0.05918
-0.064948
-0.067617
-0.057146
-0.033876
-0.017587
-0.01243
-0.011999
-0.014059
-0.018735
-0.01954
-0.011398
0.000237
0.010691
0.017777
0.018455
0.014253
0.006015
-0.001402
-0.001783
0.008283
0.024673
0.036827
0.046204
0.053908
0.062739
0.070145
0.073531
0.070982
0.06229
0.047238
0.029504
0.012924
-0.002018
-0.011858
-0.018193
-0.022998
-0.026063
-0.026614
-0.025716
-0.022444
-0.017584
-0.010921
0.000031
0.015979
0.029769
0.03672
0.035345
0.026681
0.014654
0.003957
-0.003292
-0.009263
-0.016632
-0.024758
-0.029228
-0.027605
-0.01916
-0.009899
-0.002555
0.002213
0.003689
0.002344
-0.001417
-0.005175
-0.003638
0.000086
0.001339
-0.000592
-0.004073
-0.007312
-0.006667
-0.005085
-0.005103
-0.007254
-0.013796
-0.021284
-0.028656
-0.035332
-0.042004
-0.047434
-0.051675
-0.055758
-0.061061
-0.060552
-0.051694
-0.039782
-0.029484
-0.020792
-0.011696
-0.00574
-0.004008
-0.00599
-0.007504
-0.005953
-0.003679
0.000916
0.007013
0.014678
0.022259
0.026369
0.022747
0.010936
-0.001998
-0.009551
-0.011991
-0.013106
-0.013723
-0.014927
-0.018791
-0.02496
-0.028564
-0.027879
-0.021426
-0.007437
0.013792
0.03381
0.047511
0.054849
0.053531
0.043278
0.033875
0.035873
0.04784
0.059846
0.062499
0.056861
0.046359
0.039187
0.034721
0.028575
0.020767
0.012341
0.003738
-0.0061
-0.011938
-0.011841
-0.010514
-0.011275
-0.01454
-0.018228
-0.021993
-0.021397
-0.013094
-0.002142
0.007688
0.013561
0.014855
0.011369
0.007343
0.004242
0.002197
-0.002388
-0.010681
-0.019021
-0.025365
-0.028424
-0.027953
-0.025777
-0.023365
-0.020019
-0.015923
-0.008996
0.000104
0.009838
0.021619
0.033965
0.042025
0.046215
0.044882
0.041097
0.035539
0.028482
0.019569
0.009541
0.001908
0.00181
0.009015
0.014773
0.017272
0.013808
0.00776
0.001323
-0.005515
-0.009853
-0.013779
-0.017216
-0.02345
-0.03036
-0.035058
-0.035615
-0.030599
-0.022669
-0.01059
-0.0012
0.000817
-0.003298
-0.007914
-0.011022
-0.008796
0.000253
0.008699
0.012977
0.009585
0.002192
-0.005771
-0.005505
0.00788
0.023425
0.03206
0.037038
0.039177
0.036364
0.029585
0.026415
0.0283
0.03044
0.026835
0.016668
0.003141
-0.008074
-0.012725
-0.013019
-0.010231
-0.008761
-0.01087
-0.015552
-0.020079
-0.022999
-0.021179
-0.015391
-0.007322
-0.002035
-0.002369
-0.00432
-0.003822
-0.002458
-0.001923
-0.000763
-0.002392
-0.005828
-0.007417
-0.008631
-0.009059
-0.007153
-0.003874
-0.00095
0.000483
0.000361
-0.002049
-0.006344
-0.009751
-0.009469
-0.007228
-0.001666
0.005491
0.009047
0.011866
0.012962
0.012575
0.010836
0.00972
0.008994
0.006729
0.00555
0.003333
0.000825
-0.000859
-0.001227
-0.00011
-0.000889
-0.004859
-0.01083
-0.015479
-0.016482
-0.014894
-0.012645
-0.010352
-0.007244
-0.005277
-0.007242
-0.008147
-0.006383
-0.005316
-0.002815
-0.001014
-0.003489
-0.010797
-0.018341
-0.023791
-0.027376
-0.028468
-0.024883
-0.01965
-0.018778
-0.02042
-0.020777
-0.017006
-0.010171
-0.003954
-0.001088
-0.002019
-0.003215
-0.000239
0.005824
0.014389
0.02321
0.031379
0.034046
0.028832
0.020041
0.012186
0.007769
0.006494
0.005196
0.001496
-0.00308
-0.00873
-0.012946
-0.014561
-0.011434
-0.003704
0.003378
0.008501
0.010551
0.012926
0.016768
0.018473
0.017399
0.013997
0.011245
0.008751
0.006216
0.005956
0.00516
0.001491
-0.003608
-0.008103
-0.011599
-0.01204
-0.010234
-0.009291
-0.009442
-0.006686
-0.001121
0.003404
0.008709
0.013032
0.015782
0.016499
0.016305
0.01794
0.018429
0.019117
0.020259
0.020818
0.021071
0.019671
0.015853
0.012601
0.011179
0.01377
0.01533
0.012048
0.005809
-0.000846
-0.004261
-0.001943
0.003483
0.005973
0.004055
0.000347
-0.003706
-0.007306
-0.009283
-0.013925
-0.01753
-0.018933
-0.016288
-0.014447
-0.016987
-0.020657
-0.023253
-0.023474
-0.021396
-0.017413
-0.013754
-0.008316
-0.003242
0.000154
0.001109
0.003122
0.00491
0.007748
0.009022
0.009149
0.011501
0.014668
0.018929
0.022918
0.024947
0.023591
0.018064
0.010936
0.005839
-0.0012
-0.005393
-0.004605
-0.001076
-0.001051
-0.003308
-0.007365
-0.012941
-0.01835
-0.022737
-0.023922
-0.022141
-0.016569
-0.012107
-0.010093
-0.009883
-0.007472
-0.00414
-0.004116
-0.004944
-0.003375
-0.000237
0.006132
0.014791
0.022913
0.027562
0.028292
0.028231
0.025042
0.021208
0.015592
0.007091
-0.000645
-0.006899
-0.011801
-0.014412
-0.011798
-0.003951
0.004592
0.012734
0.020023
0.023041
0.020197
0.015411
0.011862
0.01015
0.009533
0.009828
0.008851
0.006512
0.001692
-0.005467
-0.008972
-0.007678
-0.004552
-0.004975
-0.005722
-0.007133
-0.010091
-0.013669
-0.019101
-0.022781
-0.024168
-0.022375
-0.019666
-0.019432
-0.019832
-0.018438
-0.016673
-0.013716
-0.009568
-0.007183
-0.007318
-0.007891
-0.006602
-0.00709
-0.006815
-0.004626
-0.001635
-0.000365
-0.002085
-0.001195
-0.001214
-0.003928
-0.00565
-0.005293
-0.000087
0.005485
0.009577
0.010603
0.007322
0.001156
-0.005301
-0.008709
-0.009918
-0.008076
-0.005046
-0.002464
-0.002337
-0.002498
-0.005404
-0.007474
-0.007355
-0.009336
-0.012598
-0.014551
-0.011301
-0.009144
-0.006025
-0.001639
0.00027
-0.000614
-0.00438
-0.005914
-0.00693
-0.00548
-0.001971
0.00159
0.0048
0.005912
0.00566
0.002891
0.000233
-0.004178
-0.007737
-0.011041
-0.013797
-0.014734
-0.016306
-0.014635
-0.012423
-0.010043
-0.005762
-0.002113
0.001144
0.004919
0.010516
0.015951
0.018835
0.020031
0.019536
0.017795
0.018821
0.020634
0.023305
0.022996
0.02018
0.016914
0.012775
0.011552
0.009469
0.008839
0.009325
0.008993
0.005193
0.000978
-0.000776
-0.001335
-0.000411
0.000288
0.001441
0.001159
-0.000485
-0.001529
-0.002263
-0.003293
-0.003005
-0.003336
-0.004442
-0.004761
-0.003392
-0.000286
0.001331
0.005196
0.00811
0.007716
0.005285
0.001388
-0.000124
0.000668
0.004372
0.008822
0.010715
0.009186
0.007215
0.007439
0.010084
0.009368
0.007603
0.005413
0.002386
0.001887
0.000705
0.001708
-0.000024
-0.003079
-0.004169
-0.00281
-0.00136
0.001526
0.00189
0.001687
-0.000401
-0.002386
-0.00321
-0.005037
-0.00491
-0.004225
-0.003537
-0.004291
-0.00721
-0.011893
-0.009863
-0.008465
-0.007126
-0.007268
-0.006263
-0.006431
-0.008931
-0.012168
-0.016354
-0.020022
-0.024163
-0.025021
-0.023276
-0.02054
-0.019348
-0.020915
-0.024246
-0.026272
-0.028334
-0.025383
-0.019242
-0.013817
-0.008265
-0.00398
0.001566
0.004915
0.007527
0.01126
0.014687
0.017454
0.019857
0.021371
0.021734
0.020859
0.01983
0.018665
0.018879
0.017203
0.014239
0.011178
0.008386
0.006728
0.005514
0.004337
0.004026
0.003368
0.00121
0.000954
0.000051
0.000172
-0.002028
-0.002871
-0.00212
0.000006
0.002516
0.004857
0.005321
0.004319
0.003711
0.003323
0.002944
0.00257
0.004399
0.00573
0.005096
0.003487
0.003163
0.001178
-0.000797
-0.002961
-0.003593
-0.003205
-0.001576
0.001618
0.004345
0.005489
0.00438
0.00257
0.000224
-0.000891
-0.000294
-0.000416
-0.000999
-0.000972
0.000417
0.001422
0.000677
0.000231
-0.000828
-0.000343
0.002367
0.003647
0.004642
0.002697
0.002732
0.005254
0.005777
0.009038
0.010806
0.012442
0.014672
0.01439
0.013301
0.011005
0.009023
0.00634
0.005306
0.004356
0.002393
0.000064
-0.002004
-0.002302
-0.001873
-0.00011
-0.000463
-0.001686
-0.005489
-0.009752
-0.013042
-0.016111
-0.015532
-0.014679
-0.015192
-0.015312
-0.015467
-0.015021
-0.01506
-0.012179
-0.008399
-0.005686
-0.005178
-0.005685
-0.005492
-0.005858
-0.003872
-0.001851
-0.000029
0.002903
0.005021
0.00534
0.006442
0.006114
0.005085
0.003748
0.006533
0.008158
0.005677
0.001172
-0.002382
-0.004743
-0.006572
-0.006244
-0.006971
-0.007052
-0.004538
-0.003322
-0.005376
-0.005001
-0.005746
-0.005038
-0.002207
0.003202
0.010532
0.01526
0.01963
0.020535
0.018266
0.014579
0.012769
0.013269
0.012407
0.011847
0.010281
0.008124
0.004517
-0.00067
-0.004756
-0.007457
-0.008095
-0.006414
-0.004899
-0.004833
-0.005174
-0.005542
-0.006094
-0.005004
-0.00158
-0.000021
-0.000721
-0.00087
0.000446
0.002321
0.004487
0.007472
0.011377
0.012599
0.014134
0.015183
0.016482
0.018407
0.018948
0.017265
0.013089
0.00955
0.007139
0.004944
0.000803
-0.001166
-0.002765
-0.00438
-0.004983
-0.0059
-0.005159
-0.00466
-0.004914
-0.005896
-0.008214
-0.008716
-0.005833
-0.001275
0.002965
0.005342
0.005504
0.0044
0.002392
0.001566
0.001704
0.003302
0.004576
0.003471
0.001448
-0.002151
-0.005069
-0.007774
-0.010592
-0.012329
-0.013502
-0.012577
-0.012256
-0.011523
-0.011442
-0.011895
-0.012311
-0.01294
-0.011595
-0.009939
-0.008518
-0.007233
-0.004921
-0.002987
-0.001818
-0.00231
-0.003342
-0.003333
-0.002862
-0.0021
-0.001615
-0.000799
0.001144
0.002785
0.004371
0.003378
0.001396
-0.000505
-0.001253
-0.001026
-0.000991
-0.0012
-0.003168
-0.003016
-0.001733
-0.000167
-0.000106
0.000419
0.000974
0.001024
0.001844
0.001908
0.000831
-0.000768
-0.001408
-0.001869
-0.002006
-0.001097
0.000697
0.003049
0.004824
0.005834
0.005037
0.003747
0.003627
0.00373
0.00268
0.001144
0.000568
-0.000289
-0.000648
-0.000406
-0.000512
-0.001411
-0.002217
-0.002866
-0.003497
-0.003058
-0.001102
0.000437
0.000945
0.001719
0.002118
0.002026
0.00225
0.002586
0.002599
0.002333
0.002692
0.00281
0.002011
0.000925
0.000511
0.00005
-0.000242
-0.000542
-0.000991
-0.001458
-0.001705
-0.002061
-0.002844
-0.003045
-0.002986
-0.002772
-0.002441
-0.001779
-0.001502
-0.001534
-0.00112
-0.000602
-0.00011
0.00026
0.000632
0.000707
0.00057
0.000735
0.001065
0.001308
0.001737
0.002148
0.002132
0.002014
0.00185
0.001398
0.000723
0.000224
-0.000304
-0.001014
-0.001522
-0.001836
-0.002319
-0.002682
-0.002645
-0.002689
-0.002907
-0.002944
-0.002848
-0.003008
-0.003041
-0.002724
-0.002495
-0.002367
-0.001933
-0.001475
-0.00133
-0.001096
-0.000682
-0.000514
-0.000394
0.000014
0.000306
0.000302
0.000448
0.000624
0.000434
0.00023